00000000111011011111
00000001101110101111
00000001101111010111
00000001110110110111
00000010011010111111
00000010011101011111
00000010011101111101
00000010011110101111
00000010101111001111
00000010101111011011
00000010110101110111
00000010110111100111
00000010111010110111
00000010111110100111
00000011001011101111
00000011001110101111
00000011010110011111
00000011010111010111
00000011010111011011
00000011011010111011
00000011011011010111
00000011011011100111
00000011011111000111
00000011100110110111
00000011101100101111
00000100011011011111
00000100101101110111
00000100110101011111
00000100110110101111
00000100110110111101
00000100110111001111
00000100110111100111
00000100110111101011
00000100111001011111
00000100111010101111
00000100111011010111
00000100111011101011
00000100111100110111
00000100111100111101
00000100111101010111
00000100111101011101
00000100111110011101
00000101001011110111
00000101001100111111
00000101001110011111
00000101011000111111
00000101011010110111
00000101011011110011
00000101011100101111
00000101011100111011
00000101011101011011
00000101011101100111
00000101011110100111
00000101011111001101
00000101100011111011
00000101100011111101
00000101100101110111
00000101100101111011
00000101100110111101
00000101100111001111
00000101101001110111
00000101101010111011
00000101101011011101
00000101101100111101
00000101101101100111
00000101101101110011
00000101101110010111
00000101101110011011
00000101101110011101
00000101101110100111
00000101110001111011
00000101110010111101
00000101110011010111
00000101110011100111
00000101110101011011
00000101110101101011
00000101110111001011
00000101111010010111
00000101111011100011
00000110000110111111
00000110001010111111
00000110001011111011
00000110001101011111
00000110010101011111
00000110010101101111
00000110010101110111
00000110011010101111
00000110011010110111
00000110011011010111
00000110011011101011
00000110011101011011
00000110011101101011
00000110100101110111
00000110101001101111
00000110101001111011
00000110101010110111
00000110101011011011
00000110101011101011
00000110101100110111
00000110101100111011
00000110101110010111
00000110110001110111
00000110110001111011
00000110110100111011
00000110110101010111
00000110110101100111
00000111001001011111
00000111001011010111
00000111010010110111
00001000011010111111
00001000101101101111
00001000101110110111
00001000101111110011
00001000110010111111
00001000110101011111
00001000110111010111
00001000110111110101
00001000111010011111
00001000111011001111
00001000111011010111
00001000111011011011
00001000111100111011
00001000111110011011
00001000111110101011
00001001001011101111
00001001001011110111
00001001010101101111
00001001010110011111
00001001010111001111
00001001010111010111
00001001011001111101
00001001011011101011
00001001011100110111
00001001011100111011
00001001011101010111
00001001011101011101
00001001100011101111
00001001100101111011
00001001100101111101
00001001100111010111
00001001100111110101
00001001101010101111
00001001101011010111
00001001101011110011
00001001101101010111
00001001101110001111
00001001101110010111
00001001101110101011
00001001101110101101
00001001101111100011
00001001110001111101
00001001110011100111
00001001110011111001
00001001110100011111
00001001110100101111
00001001110101011011
00001001110101101101
00001001110110010111
00001001110111001011
00001001110111010011
00001001111100011101
00001001111100100111
00001001111100110101
00001001111110001011
00001010001011101111
00001010001100111111
00001010001111101101
00001010010011110111
00001010010111011101
00001010010111110011
00001010011000111111
00001010011001011111
00001010011010111011
00001010011010111101
00001010011011001111
00001010011101100111
00001010011101110101
00001010011110011011
00001010011110011101
00001010100100111111
00001010100101111011
00001010100111011011
00001010100111101101
00001010101011011011
00001010101101011011
00001010101101100111
00001010101101101101
00001010101101110011
00001010101110011011
00001010110000111111
00001010110010110111
00001010110011011011
00001010110101101011
00001010110110011011
00001010110110110011
00001010110111001011
00001010110111010011
00001010111000111011
00001010111010011011
00001010111011001011
00001010111011001101
00001010111100011011
00001010111100110011
00001010111110001101
00001010111110010011
00001010111110100011
00001010111111000011
00001011000011110111
00001011000011111011
00001011000101011111
00001011000101110111
00001011000111011101
00001011001001110111
00001011001010110111
00001011001011100111
00001011001011101101
00001011001101011101
00001011001101101011
00001011001110001111
00001011001110011101
00001011010001110111
00001011010011011011
00001011010011011101
00001011010101011011
00001011010101100111
00001011010110011101
00001011010111001011
00001011011001010111
00001011011001101011
00001011011100011101
00001011011101000111
00001011011101100011
00001011011110001011
00001011100001111011
00001011100011110011
00001011100100101111
00001011100101101011
00001011100101110011
00001011100111001011
00001011101001100111
00001011101001110011
00001011101010110011
00001011101100001111
00001011101101001011
00001011101101100011
00001011110000111011
00001011110011001011
00001011110100100111
00001011110101010011
00001011110110010011
00001011110111000011
00001100010011011111
00001100010011110111
00001100010100111111
00001100010101011111
00001100010111011011
00001100011110101011
00001100100011011111
00001100100011101111
00001100100011111011
00001100100101011111
00001100101000111111
00001100101001011111
00001100101001101111
00001100101010011111
00001100101010101111
00001100101011010111
00001100101011011011
00001100101011100111
00001100101101010111
00001100110001011111
00001100110101001111
00001100110101011011
00001100110110101011
00001100111001010111
00001100111100101011
00001100111110001011
00001101000101110111
00001101000101111011
00001101000110111011
00001101001010111011
00001101010001101111
00001101010001110111
00001101010010011111
00001101010100111011
00001101010101100111
00001101010101101011
00001101100010101111
00001101100010110111
00001101100101010111
00001101101000110111
00001110101001001111
00010001001011011111
00010001001011110111
00010001001101101111
00010001011001101111
00010001011001111011
00010001011011100111
00010001011100101111
00010001011100110111
00010001011110001111
00010001011110100111
00010001011111100011
00010001101001110111
00010001101011011011
00010001101101001111
00010001110010110111
00010010001011111011
00010010010010111111
00010010010110011111
00010010010110101111
00010010010111110011
00010010011000111111
00010010011001111101
00010010011010101111
00010010011010111011
00010010011011010111
00010010011011110101
00010010011100111101
00010010011101010111
00010010011110001111
00010010011110011101
00010010011110101011
00010010100101111101
00010010100110011111
00010010100110101111
00010010100111011101
00010010100111101101
00010010101001101111
00010010101100101111
00010010101111101001
00010010110011001111
00010010110011011101
00010010110101010111
00010010110101101011
00010010110101111001
00010010110110010111
00010010110111000111
00010010110111010011
00010010111000101111
00010010111000111011
00010010111001001111
00010010111001110101
00010010111010010111
00010010111100010111
00010010111100011101
00010010111100101011
00010010111100111001
00010010111110001011
00010010111110010011
00010010111110100011
00010011000101101111
00010011000101110111
00010011000110101111
00010011000111101101
00010011001010011111
00010011001011010111
00010011001101010111
00010011010001111011
00010011010010111101
00010011010011001111
00010011010011100111
00010011010101001111
00010011010101110011
00010011010110001111
00010011010110100111
00010011010110101101
00010011011001111001
00010011011010100111
00010011011011000111
00010011011011100101
00010011011100101101
00010011011100110101
00010011011101010011
00010011011110001101
00010011011110100101
00010011100111001101
00010011100111100101
00010011101001001111
00010011101001101011
00010011101001111001
00010011101011010011
00010011101101000111
00010011101101001101
00010011110001111001
00010011110010110101
00010011110011001011
00010011110011001101
00010011110101001101
00010011110110100011
00010011111000110101
00010011111001001011
00010011111001010011
00010011111001100101
00010100010100111111
00010100010101101111
00010100010110111101
00010100011001101111
00010100011001111011
00010100011010110111
00010100100100111111
00010100100101110111
00010100100101111011
00010100100110110111
00010100100111011101
00010100100111101011
00010100101001111101
00010100101010111011
00010100101011011101
00010100101100110111
00010100101100111011
00010100101111100011
00010100110010111101
00010100110011011011
00010100110100111011
00010100110101011011
00010100110110001111
00010100110111001011
00010100111000111101
00010100111001001111
00010100111001110011
00010100111010011101
00010100111011001101
00010100111100100111
00010100111100101011
00010100111100110011
00010100111110010011
00010100111110010101
00010101000101101111
00010101001001111011
00010101001011001111
00010101001100110111
00010101001101110011
00010101011010011011
00010101011100101101
00010101100110011101
00010101100110100111
00010101101001100111
00010101101100100111
00010101110010010111
00010101110101001011
00010101110110001101
00010101111010001011
00010101111010010011
00010110001100111101
00010110001101011101
00010110001101101101
00010110001110011101
00010110010011110011
00010110010100101111
00010110010100111011
00010110011000111101
00010110011001101101
00010110011011010011
00010110011100101101
00010110100011010111
00010110100101100111
00010110100101110011
00010110100110010111
00010110100110011101
00010110101001100111
00010110110001101101
00010110110011010011
00010110110100100111
00010110110101010011
00010111001010011101
00010111001011010011
00010111010100110011
00010111011010010011
00010111100011010011
00010111100100100111
00010111101001100011
00011001001010101111
00011001001010110111
00011001010011001111
00011001010011100111
00011001010100101111
00011001101001010111
00011001110010100111
00011010010101011011
00011010010101101011
00011010011001010111
00011010100100101111
00011010100101101011
00011010101100100111
00011011001001010111
00011011001010100111
00011011010100100111
00011100100101001111
00011100100101010111
