000000000110001011101001010011101111
000000001000111101000111101000111101
000000001010011011010011011010011011
000000001011000111011000111011000111
000000001011010001011001011011011011
000000001011010011010011011010011011
000000001011010011011010011010011011
000000001011010011011010011011010011
000000001011011011011001011000011011
000000001100101011100101011100101011
000000001100101100001011011100111011
000000010001010111001010111001010111
000000010001011011001011011001011011
000000010010100111010100111010100111
000000010011001010011010011011011011
000000010011001011001011011001011011
000000010011001011011001011001011011
000000010011001011011001011011001011
000000010011010011000010111101010111
000000010011011011011010011000011011
000000010100011011100011011100011011
000000010100110110100001111000110111
000000010101100100100001111001110111
000000010110001011101001010011101011
000000010111010111000010111001010011
000000010111100011111000010011010011
000000011000001111000110011000111111
000000011000001111010100011010101111
000000011000011011011000011011011011
000000011000011011011001001011011011
000000011000011011011010010011011011
000000011000011011110000011110011011
000000011000101011110000011110101011
000000011000101111010100011010001111
000000011000110110100001110100110111
000000011000111111000110011000001111
000000011001010110001010111001010111
000000011001010111001010110001010111
000000011001011010001011011001011011
000000011001011010010011010011011011
000000011001011011001011010001011011
000000011010001111010100011000101111
000000011010011001001011001011011011
000000011010011001010011011010011011
000000011010011011010011001010011011
000000011010100011000001111010101111
000000011010100110010100111010100111
000000011010100111000001111010101011
000000011010100111010100110010100111
000000011010101011000001111010100111
000000011010101111010100011000001111
000000011011000010100001101011101111
000000011011000011000001111011001111
000000011011000011000011011011011011
000000011011000101011000111011000111
000000011011000111011000101011000111
000000100000110111000110111000110111
000000100001101101001101101001101101
000000100100011101100011101100011101
000000100101001100101100101101101101
000000100101001101001101101001101101
000000100101001101101001101001101101
000000100101001101101001101101001101
000000100101010110010010101110010111
000000100101011000001110011001111101
000000100101100011110000011101110101
000000100101101101101100101000101101
000000100110001011101001010001101111
000000100110001011101001110001101011
000000100111000101111000101111000101
000000101000011011110000011110011011
000000101000100111001010101001110111
000000101000101101001010101001111101
000000101000101101101000101101101101
000000101000101101101001001101101101
000000101000101101101100100101101101
000000101000110110000110111000110111
000000101000110111000110110000110111
000000101000110111001010101001100111
000000101000111001000111101000111101
000000101000111010110000011110110011
000000101000111101000111001000111101
000000101001000111010100101011100111
000000101001010101000100111001110111
000000101001010111000100111001110101
000000101001010111100000111101010101
000000101001100101011000111001101011
000000101001100111001010101000110111
000000101001100111010100101011000111
000000101001101100001101101001101101
000000101001101100100101100101101101
000000101001101101001101100001101101
000000101001110101000100111001010111
000000101001110111000100111001010101
000000101001110111001010101000100111
000000101001111101001010101000101101
000000101010100101000001111010101111
000000101010100101001000111011100111
000000101010111110011001011010000011
000000101011000011011000111011000111
000000101011000111010100101001100111
000000101011000111011000011011000111
000000101011000111011000111011000011
000000101011100101001000111010100111
000000101011100111010100101001000111
000000101100011100100011101100011101
000000101100011101100011100100011101
000000101100101001001101001101101101
000000101100101001100101101100101101
000000101100101101100101001100101101
000000101101000101000101101101101101
000000101101010101100000111001010111
000000101110011011110000011000011011
000000101110011100100101000110010111
000000101111100110010100000110101011
000000110000110101000110111000110111
000000110000110111000110101000110111
000000110001010011001010111001010111
000000110001010110100000111101010111
000000110001010111001010011001010111
000000110001010111001010111001010011
000000110010100011010100111010100111
000000110010100111010100011010100111
000000110100000111001010110101010111
000000110100010111001010110101000111
000000110100011101111010010000011011
000000110100100110000110101010111011
000000110100110110100000111000110111
000000110101000111001010110100010111
000000110101000111011000110110000111
000000110101010110100000111001010111
000000110101010111001010110100000111
000000110110000111011000110101000111
000000111000110100000110111000110111
000000111000110101000110110000110111
000000111000110110000110101000110111
000000111000110110100000110100110111
000000111000110111000110100000110111
000000111001010010001010111001010111
000000111001010011001010110001010111
000000111001010101000100101001110111
000000111001010101100000101101010111
000000111001010110001010011001010111
000000111001010110100000110101010111
000000111001010111001010010001010111
000000111001110101000100101001010111
000000111010100011000001011010101111
000001000010011011010011011010011011
000001000010011101010011101010011101
000001000010110101000111011110010011
000001000011011000001011011011011011
000001000011011010010011011010011011
000001000011011010011011010010011011
000001000011011011011011001000011011
000001000100100011110001100110111101
000001000100101001110001100110111101
000001000100101101100101101100101101
000001000101000110111000110101101101
000001000101101000001101101101101101
000001000101101100100101101100101101
000001000101101100101101100100101101
000001000101101101101101001000101101
000001000110001011110001011110001011
000001000110101101110001100100111001
000001000110110100110010111100010101
000001001000011011000101101000111111
000001001000011011011000011011011011
000001001000011011011011000011011011
000001001000011101011111010000110011
000001001000101101010011001010111101
000001001000101101101000101101101101
000001001000101101101101000101101101
000001001000110101000111101000111101
000001001000111010000111011000111011
000001001000111011000111010000111011
000001001000111101000110101000111101
000001001000111101000111101000110101
000001001000111111000101101000011011
000001001001010011000101100010111111
000001001001010011001011010011011011
000001001001010011011001010011011011
000001001001010011011001011010011011
000001001001010011011010001011011011
000001001001010011011011000011011011
000001001001010011011011010001011011
000001001001011010011001010011011011
000001001001011010011011001010011011
000001001001100011111000011011100101
000001001001100101001101100101101101
000001001001100101101001100101101101
000001001001100101101001101100101101
000001001001100101101100001101101101
000001001001100101101101000101101101
000001001001100101101101100001101101
000001001001100111111000010011100101
000001001001101100101001100101101101
000001001001101100101101001100101101
000001001010010011010011011010011011
000001001010010011011001011001011011
000001001010010011011010011010011011
000001001010010011011010011011010011
000001001010011001001011011011010011
000001001010011010010011011010011011
000001001010011010011011001001011011
000001001010011010011011010010011011
000001001010011011001010011011011001
000001001010011011010010011010011011
000001001010011011010010011011010011
000001001010011011010011010010011011
000001001010011011010011011010010011
000001001010011011011001010011011001
000001001010011100010011101010011101
000001001010011101010011100010011101
000001001010011101100001101110011001
000001001010100000101111011011100011
000001001010101011100101001110001011
000001001010111101010011001000101101
000001001011000011011001010011011011
000001001011010001011001010011011011
000001001011010001011011010011011001
000001001011010011001011010011011001
000001001011010011001011011010011001
000001001011010011011000011011011001
000001001011010011011001010001011011
000001001011010011011001010011001011
000001001011010011011001010011011001
000001001011010011011011000011011001
000001001011011001001010011010011011
000001001011011001011001010010011011
000001001011011010001011010011011001
000001001011011010011001011010011001
000001001011011011011010001001010011
000001001011100111000101101000011011
000001001100001101010001011110001111
000001001100100011100101011100101011
000001001100100101100101101100101101
000001001100100101101001101001101101
000001001100100101101100101100101101
000001001100100101101100101101100101
000001001100101001000011011100111011
000001001100101001001101101101100101
000001001100101011100100011100101011
000001001100101011100101011100100011
000001001100101011110001100010101101
000001001100101100100101101100101101
000001001100101100101101001001101101
000001001100101100101101100100101101
000001001100101101100100101100101101
000001001100101101100100101101100101
000001001100101101100101100100101101
000001001100101101100101101100100101
000001001101000101101001100101101101
000001001101010101111000100110100101
000001001101100001101001100101101101
000001001101100101101001100001101101
000001001101100101101001100101001101
000001001101101001001100101100101101
000001001101101001101001100100101101
000001001101101101101100001001100101
000001001110000101110001101110001101
000001001110001010110001011110001011
000001001110001011100101001010101011
000001001110001011110001010110001011
000001001110001101110000101110001101
000001001110001101110001101110000101
000001001110001111010001011100001101
000001001110010101011001101100001101
000001001110011001100001101010011101
000001001111001010110001101010001011
000001001111001110100001011100001101
000001010000111001000111011000111011
000001010000111010010010111100110011
000001010000111011000111001000111011
000001010001001011011000011011011011
000001010001001011011010011001011011
000001010001010011001001011011011011
000001010001010011001011011001011011
000001010001011011001001011011010011
000001010001011011001010011001011011
000001010001011011001011011001010011
000001010010011001001011011011001011
000001010010011001010011011010011011
000001010010011001011001001011011011
000001010010011011001011010011001011
000001010010011011010011001010011011
000001010010011011011010010011001011
000001010011000011001001011011011011
000001010011000011011001011011001011
000001010011000111111000010110001011
000001010011001001001011011010011011
000001010011001011001001011011010011
000001010011001011001011010010011011
000001010011001011011000011011001011
000001010011001011011001011011000011
000001010011001011011010010010011011
000001010011001011011010011001001011
000001010011001011101000010110101011
000001010011001011101001010110001011
000001010011010011001001011001011011
000001010011010011001001011011001011
000001010011011010010001011001011011
000001010011011010010010011001011011
000001010011011010011001001001011011
000001010011011011001001011001010011
000001010011011011001001011011000011
000001010011011011001010011001001011
000001010100010011100011011100011011
000001010100011011100010011100011011
000001010100011011100011011100010011
000001010100100010110001100110111101
000001010100111000010010111100110011
000001010110001001110001011110001011
000001010110001011101001010011001011
000001010110001011110001001110001011
000001011000001110100101001100111101
000001011000010111000111011000100111
000001011000100011110001011110100011
000001011000100111000111011000010111
000001011000100111010101011010000111
000001011000111001000101111000011101
000001011000111001000111010000111011
000001011000111010000111001000111011
000001011001000011001011010011011011
000001011001000011011011010011001011
000001011001001010011000011011011011
000001011001001010011001011011010011
000001011001001010011010011001011011
000001011001001010011011011001010011
000001011001010001001011010011011011
000001011001010010001011011001011011
000001011001010010011011011010010011
000001011001010011001001010011011011
000001011001010011001011000011011011
000001011001010011001011010001011011
000001011001010011001011010011001011
000001011001010011011001010011001011
000001011001010011011001011010010011
000001011001010011011011010001001011
000001011001011010001010011001011011
000001011001011010001011011001010011
000001011001011010010001010011011011
000001011001011011001001010011010011
000001011001011011001010010001011011
000001011001011011001011010001010011
000001011001011011011001001010010011
000001011010000011001101001110101011
000001011010000111010101011000100111
000001011010010001010011011010011011
000001011010010010011011011001010011
000001011010010011010011001010011011
000001011010010011011001011001010011
000001011010010011110001011100010011
000001011010011000010011011010011011
000001011010011001010010011010011011
000001011010011001010011010010011011
000001011010011001010011011010010011
000001011010011010010011001010011011
000001011010011011010010001010011011
000001011010011011010011000010011011
000001011010011011010011001010010011
000001011010011011011001001001010011
000001011010100011110001011100100011
000001011011000010011001011011001011
000001011011000011001001010011011011
000001011011000011011001010011001011
000001011011001001001010011011010011
000001011011001010010010011011010011
000001011011001010011000011011001011
000001011011001010011001011011000011
000001011011001010011010011001001011
000001011011001010011011011001000011
000001011011001011000010011011010011
000001011011001011001001010011010011
000001011011001011011000010011001011
000001011011001011011001010011000011
000001011011010001011001010011001011
000001011011010011000010011011001011
000001011011010011001001010001011011
000001011011010011001001010011001011
000001011011010011011001000011001011
000001011011010011011001010001001011
000001011011011001001011001010010011
000001011011011010001010011001001011
000001011011011010001011011001000011
000001011011011011001001010001010011
000001011011011011001001010011000011
000001011100010010100011011100011011
000001011100010011100011010100011011
000001011100010011110001011010010011
000001011100011010100010011100011011
000001011100011010100011011100010011
000001011100011011100010010100011011
000001011100011011100011010100010011
000001011100100001100101011100101011
000001011100100011100101001100101011
000001011100100011110001011010100011
000001011100101001100100011100101011
000001011100101001100101011100100011
000001011100101011100100001100101011
000001011100101011100101001100100011
000001011100111001000011001100101011
000001011110000011000100011110101011
000001011110001000110001011110001011
000001011110001001110001010110001011
000001011110001010110001001110001011
000001011110001011000100011110100011
000001011110001011110001000110001011
000001011110001101010001001100001111
000001011110100011000100011110001011
000001011110100011110001011000100011
000001011110101011000100011110000011
000001100001011111000101001010110011
000001100011111011000101001000010111
000001100100101101010101100010100111
000001100110101001010001111001001011
000001101000011111000101001000111011
000001101000111011000101001000011111
000001101010010010001011101001100111
000001101011000010100100011001101111
000001101011000010100100011011001111
000001101110010110010010000101010111
000010000100010011001111010001111011
000010000100010111100010111100010111
000010000110010100010011001010111111
000010000110100100010011001010111111
000010001000010111100011001100011111
000010001000011101000110011000111111
000010001000100110111100001110110101
000010001000101101000111101000111101
000010001000110011000011101000111111
000010001000110011001010101001110111
000010001000110111000011101000111011
000010001000111011000011101000110111
000010001000111101000101101000111101
000010001000111101000110011000011111
000010001000111101000111101000101101
000010001000111111000011101000110011
000010001000111111000110011000011101
000010001001010011100011001101011011
000010001001011010001011011001011011
000010001001011010010011011011010011
000010001001011010011010010011011011
000010001001011011001011010001011011
000010001001011011010011001011010011
000010001001011011011001001011010011
000010001001110111001010101000110011
000010001010001011010010011011011011
000010001010001011010011011010011011
000010001010010011011000011011011011
000010001010010011011001011010011011
000010001010011001000110011010111011
000010001010011011001001011011011001
000010001010011011001010011011011001
000010001010011011010001011010011011
000010001010011011010010011011001011
000010001010011011010011011010001011
000010001010011011011010010011011001
000010001010100110101100001110110101
000010001010111000010111001010111001
000010001010111001010111000010111001
000010001010111011000110011010011001
000010001011000011010010011011011011
000010001011000011011010011011010011
000010001011001011010010011010011011
000010001011001011010010011011010011
000010001011010010010011011001011011
000010001011010011010010011011001011
000010001011010011010011001001011011
000010001011010011011000011011010011
000010001011010011011001001001011011
000010001011010011011001011010010011
000010001011010011011010011011000011
000010001011011000011011001011011001
000010001011011001001001011010011011
000010001011011001001010011010011011
000010001011011001011010010010011011
000010001011011001011011000011011001
000010001011011010010011010011011001
000010001011011011010001011010010011
000010001011011011010010011010001011
000010001011011011010010011011000011
000010001011100001011110001011110001
000010001011110001011100001011110001
000010001100010110100010111100010111
000010001100010111100010110100010111
000010001100010111100011001000011111
000010001100011001000010111100011111
000010001100011001010010101110011101
000010001100011011000010111100011101
000010001100011101000010111100011011
000010001100011111000010111100011001
000010001100011111100011001000010111
000010001101000011101010011101010011
000010001101010011101000011101010011
000010001101010011101010011101000011
000010001101011011100011001001010011
000010001101101010100011101001010011
000010001110011101010010101100011001
000010001110101110010011000010110101
000010001110111110010011000010010101
000010010001000111001010111001010111
000010010001001010100110000111111011
000010010001001011001011011001011011
000010010001001011011001011001011011
000010010001001011011001011011001011
000010010001001011011010011010011011
000010010001010011011110100001110011
000010010001010111000110110001110011
000010010001010111001000111001010111
000010010001010111001010111001000111
000010010001011001001011011001011011
000010010001011001011011001001011011
000010010001011001011011001011011001
000010010001011001011011010010011011
000010010001011010010011011011001011
000010010001011010011010011011011001
000010010001011011001001011001011011
000010010001011011001001011011001011
000010010001011011001011001001011011
000010010001011011001011001011011001
000010010001011011001011011001001011
000010010001011011001011011001011001
000010010001011100001010111101011001
000010010001110011000110110001010111
000010010010001011010011001011011011
000010010010001011011001010011011011
000010010010001011011010001011011011
000010010010001011011010011001011011
000010010010001011011011000011011011
000010010010001011011011001010011011
000010010010011001011010001011011011
000010010010011001011011010001011011
000010010011000011011010001011011011
000010010011001010011010001011011011
000010010011001011011010001010011011
000010010011001011011010001011010011
000010010011010100001001110110001111
000010010011011010010001011001011011
000010010011011010011010001001011011
000010010011011011011001010010001011
000010010011011011011010001010011001
000010010100001011100011011100011011
000010010100010101100010111100010111
000010010100010110001010011101010111
000010010100010111100010101100010111
000010010100010111100010111100010101
000010010100011011100001011100011011
000010010100011011100011011100001011
000010010110010100001001110110001111
000010011000010101100011011100011101
000010011000011101000110001000111111
000010011000011101100011011100010101
000010011000011111000100011000101111
000010011000011111000110001000111101
000010011000101111000100011000011111
000010011000110101000011111000111001
000010011000111001000011111000110101
000010011001000110001010111001010111
000010011001000111001010110001010111
000010011001001001011011011010001011
000010011001001010001011011001011011
000010011001001011001011010001011011
000010011001001011011010011010001011
000010011001010001010011011011011001
000010011001010110001000111001010111
000010011001010110001010111001000111
000010011001010111001000110001010111
000010011001010111001010110001000111
000010011001011001001011010001011011
000010011001011010001001011001011011
000010011001011010001011001001011011
000010011001011010001011011001001011
000010011001011010001011011001011001
000010011001011011001001010001011011
000010011001011011001011010001001011
000010011001011011001011010001011001
000010011001011011011010010010001011
000010011001110001001010111000110101
000010011010001000110000111010111101
000010011010001001010011011010011011
000010011010001001011001011011011001
000010011010001001011011011001001011
000010011010001010010011001011011011
000010011010001011010010001011011011
000010011010001011010011000011011011
000010011010001011010011001010011011
000010011010001011010011001011010011
000010011010001011011010001011010011
000010011010001011011010011001001011
000010011010001011011011001010010011
000010011010001011110010011100001011
000010011010010001011000011011011011
000010011010010001011001011010011011
000010011010010001011010011011001011
000010011010010001011011011010001011
000010011010011001001010001011011011
000010011010011001010001011010011011
000010011010011001010011011010001011
000010011010011011000110001010111001
000010011010011011010001001010011011
000010011010011011010010001011001011
000010011010011011010011001010001011
000010011010011011011010010001001011
000010011010111001000110001010011011
000010011011000011010010001011011011
000010011011000011011010001011010011
000010011011001010011010001011010011
000010011011001011010010001010011011
000010011011001011010010001011010011
000010011011001011011010001010010011
000010011011010001001001011011001011
000010011011010001011000011011010011
000010011011010001011001011010010011
000010011011010001011010011011000011
000010011011010010010001011011001011
000010011011010011010010001011001011
000010011011010011011010001011000011
000010011011011001010001011010010011
000010011011011010010011010001001011
000010011011011011010010001010001011
000010011011011011010010001011000011
000010011100001010100011011100011011
000010011100001011100011010100011011
000010011100001011110010011010001011
000010011100010100100010111100010111
000010011100010101100010110100010111
000010011100010101100011011000011101
000010011100010110100010101100010111
000010011100010110100010111100010101
000010011100010111100010100100010111
000010011100010111100010110100010101
000010011100011010100001011100011011
000010011100011010100011011100001011
000010011100011011000010101100011101
000010011100011011100001010100011011
000010011100011011100011010100001011
000010011100011101000010101100011011
000010011100011101100011011000010101
000010011101000011101010001101010011
000010011101010001101000011101010011
000010011101010001101010011101000011
000010011101010011101010001101000011
000010011101010110001010010100010111
000010011101100011101000101001100101
000010100010010101100011100110011101
000010100010011101000111100010110101
000010100010011101100011100110010101
000010100010110101000111100010011101
000010100100010011100010111100010111
000010100100010110010010101110010111
000010100100010111100010011100010111
000010100100010111100010111100010011
000010100100011100010010101110011101
000010100100011101100001101100011101
000010100100011101100011101100001101
000010100100110110001110101000100111
000010100110010101100011100010011101
000010100110011100010010101100011101
000010100110011101100011100010010101
000010101000011001000110111000111011
000010101000100110000110111000110111
000010101000100111000110110000110111
000010101000100111001000101001110111
000010101000101001000111101000111101
000010101000101101000111001000111101
000010101000110011000011001000111111
000010101000110110000110111000100111
000010101000110111000011001000111011
000010101000110111000100110000110111
000010101000110111001000101001100111
000010101000110111001010001001110011
000010101000111001000101101000111101
000010101000111001000110111000011011
000010101000111001000111101000101101
000010101000111011000011001000110111
000010101000111101000101001000111101
000010101000111101000111001000101101
000010101000111101001000101001101101
000010101000111111000011001000110011
000010101001000101000110111001100111
000010101001000101100010111101000111
000010101001100101000110111001000111
000010101001100111001000101000110111
000010101001101101001000101000111101
000010101001110011001010001000110111
000010101001110111001000101000100111
000010101100001100100011101100011101
000010101100001101100011100100011101
000010101100010010100010111100010111
000010101100010011100010110100010111
000010101100010011100011101000011011
000010101100010110100010011100010111
000010101100010110100010111100010011
000010101100010111100010010100010111
000010101100010111100010110100010011
000010101100011100010010100110011101
000010101100011100100011101100001101
000010101100011101100001100100011101
000010101101110001001001110101000011
000010101110010110010010100100010111
000010101110011001010010001100011101
000010101110011100010010100100011101
000010110000110101000100111000110111
000010110000110101000110111000100111
000010110000110111000100101000110111
000010110000110111000110101000100111
000010110001000110100010111101000111
000010110001000111001010011001010111
000010110001000111001010111001010011
000010110001010011000110010001110111
000010110001010011001000111001010111
000010110001010011001010111001000111
000010110001010111001000111001010011
000010110001010111001010011001000111
000010110001110111000110010001010011
000010110100010001100010111100010111
000010110100010011100010101100010111
000010110100010101100010011100010111
000010110100010101100010111100010011
000010110100010111001000110101000111
000010110100010111100010001100010111
000010110100010111100010101100010011
000010110101000110100010111001000111
000010110101000111001000110100010111
000010110101010010001010111100010011
000010111000011001000110101000111011
000010111000100101000110110000110111
000010111000100110000110101000110111
000010111000110101000100110000110111
000010111000110110000110101000100111
000010111001000101000110101001100111
000010111001000110001010011001010111
000010111001000110001010111001010011
000010111001000110100010110101000111
000010111001000111001010010001010111
000010111001000111001010110001010011
000010111001010010001000111001010111
000010111001010010001010111001000111
000010111001010011001000110001010111
000010111001010011001010110001000111
000010111001010110001000111001010011
000010111001010110001010011001000111
000010111001010111001000110001010011
000010111001010111001010010001000111
000010111001100101000110101001000111
000010111100010001100010110100010111
000010111100010010001010110101010011
000010111100010010100010101100010111
000010111100010011100010100100010111
000010111100010100100010011100010111
000010111100010100100010111100010011
000010111100010101100010010100010111
000010111100010101100010110100010011
000010111100010110100010001100010111
000010111100010110100010101100010011
000010111100010111100010100100010011
000010111101000101100010101001000111
000010111101000110100010110001000111
000011001001010001001011010011011011
000011001001010001011011000011011011
000011001001010001011011010001011011
000011001001010010001011011001011011
000011001001010011001011010001011011
000011001001010011010010001011011011
000011001001010011011001010001011011
000011001001010011011011010001001011
000011001001011010001010011001011011
000011001001011010001011011001010011
000011001001011010100010001101110011
000011001001011011001010010001011011
000011001001011011001011010001010011
000011001001011011100010001101010011
000011001010001010010011011010011011
000011001010001011010010011010011011
000011001010001011010011010010011011
000011001010010001001001011011011011
000011001010010001001011011011010011
000011001010010011010001011010011011
000011001010010011010011011010001011
000011001010011010010001011010011011
000011001010011010010011011010001011
000011001010011011010001010010011011
000011001010011011010010011010001011
000011001010011011010011010010001011
000011001011010001001001010011011011
000011001011010011001001010001011011
000011001011011010010001010010011011
000011001101010010100010001001101111
000011001101010010100010001001111011
000011001101010010100010010001011111
000011001101010011100010001001011011
000011010001001010010010011011011011
000011010001001010010011011011001011
000011010001001011001010011001011011
000011010001010001001011011001011011
000011010001010011001001011001011011
000011010001010011001011001001011011
000011010001010011001011011001001011
000011010001011001001010011001011011
000011010001011011001010001001011011
000011010001011011001010011001001011
000011010010001001010011011010011011
000011010010001010010011001011011011
000011010010001010011011000011011011
000011010010001010011011001010011011
000011010010001011001001010011011011
000011010010001011010011001010011011
000011010010001011011010001010011011
000011010010011001010001011010011011
000011010010011011010001001010011011
000011010011001010010010001011011011
000011010011001011010010001010011011
000011010011011001001010001001011011
000011011001001010001010011001011011
000011011001001011001010010001011011
000011011001010001001001010011011011
000011011001010001001011010001011011
000011011001010010001001011001011011
000011011001010010001011001001011011
000011011001010010010010001011011011
000011011001010011001001010001011011
000011011001011001001010010001011011
000011011001011010001010001001011011
000011011010001001001001010011011011
000011011010001010010010001011011011
000011011110010100100010010100010111
