0000000101101110110101101111101111
0000000101101111100111101110111011
0000000101111001110111011111001111
0000000110110111101101110111100111
0000000110111011011110110011110111
0000000111000111011011010111111111
0000000111000111011011011011111111
0000000111000111011011101101111111
0000000111010011110101101110111111
0000000111011001110101111101101111
0000001010011101101111011011011111
0000001010011110110111011011101111
0000001010101111111000111111101101
0000001010110011110110110111011111
0000001010110110111011101111001111
0000001010111011110011110110111011
0000001010111110111011101101001111
0000001011011101110101101101110111
0000001011011111011011100110101111
0000001011011111011101110110001111
0000001011101111011011011100101111
0000001011101111100101111011100111
0000001011110101100101111101110111
0000001011110101101101011101110111
0000001011110101111100010111110111
0000001011110101111101100111001111
0000001011110110111110011101010111
0000001011110111111100010111010111
0000001011111000110111001111101111
0000001011111001011110111011101011
0000001011111011001111110011101011
0000001011111011011001110110101111
0000001011111011111110001011010111
0000001011111111011011001110001111
0000001100111010111011011010111111
0000001100111010111111010011111011
0000001100111011011011101011101111
0000001100111101011011011101011111
0000001100111101101011101110110111
0000001101001111101110011101011111
0000001101010111101111001011011111
0000001101011011010111011110101111
0000001101011101011011110111011011
0000001101011101111001101100111111
0000001101101110001110111110110111
0000001101101110101010111011110111
0000001101101110101100111111001111
0000001101101110101110011101101111
0000001101101111011011101011001111
0000001101110001011011111111001111
0000001101110001111010011111111011
0000001101110101111001011011101111
0000001101110111010011110011101111
0000001101110111010011111011100111
0000001101111011101010101110110111
0000001101111011110110010111010111
0000001110001101101010101111111111
0000001110001110110110101111110111
0000001110001111110111010110110111
0000001110101111101110011010011111
0000001110101111110111001101001111
0000001110110010110101101111110111
0000001110110111010110110111001111
0000001110111010111100110110101111
0000010001011001111110101101111111
0000010001111010111101100111111101
0000010010101111110111001101011111
0000010011011110100111111011101011
0000010011011110101111010101110111
0000010011011111000111011110110111
0000010011100101011101011111101111
0000010011100101011110011111101111
0000010011101001110101011111011111
0000010011101010110110111011101111
0000010011101011110101110111011101
0000010011101101111001101111010111
0000010011110010111101110111010111
0000010011110101100111011111101011
0000010011110101110101011110101111
0000010011110101110110011110101111
0000010011110101110111010110101111
0000010011110101110111011110101101
0000010011111001111001101111010111
0000010100011011011111110011110111
0000010100101110011011101011111111
0000010100110110011010111101111111
0000010100110111111110010111101011
0000010100111101011111101100111101
0000010100111110111101110010011111
0000010101001111111111001010011111
0000010101011000111110011111111101
0000010101011011011100111100111111
0000010101101101101110011101101111
0000010101110100111001110110111111
0000010101110101111110010111101011
0000010101110110011011111101101011
0000010101110111011011011101101011
0000010101110111011110010111101011
0000010101110111111100010111101011
0000010101110111111110010110101011
0000010101111010111011101101100111
0000010101111011111100101011101011
0000010101111110011011011011100111
0000010101111110111001110110010111
0000010110001111011110101110111011
0000010110011100101011011111011111
0000010110011101110111110010110111
0000010110011101111100011110111011
0000010110011111000110111110110111
0000010110100101010111011111111011
0000010110100110111011110101111011
0000010110101101110111011011010111
0000010110101110111010110110111011
0000010110110011101110101111010111
0000010110110110011101111010111101
0000010110110111001110101111010111
0000010110111010110101101101110111
0000010110111010111101001101110111
0000010110111010111101001111110011
0000010110111101110111010111001011
0000010110111111001111010100111011
0000010111001010111011001111101111
0000010111001011100101110111111101
0000010111001110010111111111001011
0000010111001111111011000101101111
0000010111001111111101001011100111
0000010111010110101110011110110111
0000010111011011110111000110101111
0000010111011100111010111101011011
0000010111011101011110111100011011
0000010111011101101101011010111011
0000010111011110010111011110100111
0000010111011111000011111101101011
0000010111100101100111010111111011
0000010111100101110011010111111011
0000010111101011100111010110110111
0000010111101011101110101101100111
0000010111101011110111000111110011
0000010111101011111001110011011011
0000010111101100111010111101011011
0000010111101101001111101110101011
0000010111101101010111011011110011
0000010111101101111001101110010111
0000010111101110110110011101011011
0000010111101110110110111101010011
0000010111110010110010111101110111
0000010111110011011110110111100011
0000010111110011110010101101110111
0000010111110101101011111100110011
0000010111110101110011101110010111
0000010111110111001100110110101111
0000010111111100110110101011110011
0000010111111101011100111010010111
0000010111111101110011010111001011
0000010111111110101010110011001111
0000010111111110110001110110010111
0000011000101101111110101100111111
0000011000101111101101101011110111
0000011000110101101111011001111111
0000011000110110010111111011110111
0000011000110111010011110111101111
0000011000111001010111101101111111
0000011000111011111101101010011111
0000011001010111110110011111101011
0000011001010111111100101111100111
0000011001011101111011100101011111
0000011001100110101010101111111111
0000011001101010111101111000111111
0000011001101011111110011010101111
0000011001110110010111111011010111
0000011001110111101101101101010111
0000011001110111110110010110101111
0000011001111101101111101001010111
0000011001111111001101111100101011
0000011001111111011010110010111011
0000011010001110111111110010110111
0000011010100111100101010111111111
0000011010101101001101111101110111
0000011010101110011110010110111111
0000011010101110100110111011110111
0000011010101111111101001011011011
0000011010110101110111010110110111
0000011010110110111011101011100111
0000011010111001101101111011001111
0000011010111011111100101011010111
0000011010111101100111011001111011
0000011010111101110111011001011011
0000011010111111011101010100101111
0000011011000111000101101111111111
0000011011000111101011101111011011
0000011011001010011011110111111011
0000011011010011110111010011110111
0000011011010100010111111111001111
0000011011010100111011110111010111
0000011011010110110101110110111011
0000011011010111111101110000111011
0000011011011010110110011110111011
0000011011011011100111010101111011
0000011011011100110101110110101111
0000011011100101011101011111001111
0000011011100110101111110110100111
0000011011101001111010111011010111
0000011011101010111101110110100111
0000011011101011010010111001111111
0000011011101101011001110111010111
0000011011101101110101101101010111
0000011011101101111011000111010111
0000011011101110101011110110100111
0000011011101110101101110110100111
0000011011101111010010110111010111
0000011011110011010100111111010111
0000011011110100111101111011000111
0000011011110101101101011101100111
0000011011110111011101010110100111
0000011011111011101110001011010111
0000011011111111100101010101001111
0000011100011011011000111111110111
0000011100101001111011011101011111
0000011100101010110110101110111111
0000011100101101011101110101101111
0000011100101101110111011011010111
0000011100110101110010110111101111
0000011100110111011011011010110111
0000011101010011011101110110101111
0000011101010011100110100111111111
0000011101011011011101110010101111
0000011101011110101101101001110111
0000011101100011100011011011111111
0000011101101010011000111011111111
0000011101111011101101100101001111
0000011101111110101001101001101111
0000011110111000101011011011101111
0000100001101101111101010110111111
0000100010111011010110111001111111
0000100010111011101111001111101101
0000100010111110001011110111101111
0000100010111111011011110010101111
0000100011001011111010111011011111
0000100011011101011111001101101111
0000100011100101011011011110111111
0000100011101101100101011110111111
0000100011101101111101010110110111
0000100011110101100110111111101011
0000100011111001111110011010111011
0000100011111011111110101001110101
0000100100011011111011101011011111
0000100100101011111110111001011111
0000100100111111010101110111100111
0000100101001101110111100011111111
0000100101010111011111001111111001
0000100101011011101011101110011111
0000100101011100101110111100111111
0000100101011100111110111001111101
0000100101011101111001101100111111
0000100101011110111011111000111011
0000100101011111111100011110011011
0000100101100101111100111011111101
0000100101100111110111011100111101
0000100101101010111011111000111111
0000100101101110101001111100111111
0000100101101110101011011110011111
0000100101101110101011111000111111
0000100101101110111011111000110111
0000100101101111101111000110111011
0000100101110011111100110101110111
0000100101110101100111011101101111
0000100101110101111110011011100111
0000100101110111001111110011110101
0000100101111010111010111100110111
0000100101111101110111001111100101
0000100101111110111011110000111011
0000100110001111111101100110101111
0000100110001111111111001010101111
0000100110010111110101001111101111
0000100110011101011101011010111111
0000100110011101011111010010111111
0000100110011101011111010110110111
0000100110100110111101011100111111
0000100110100111011101010111101111
0000100110100111111101001110101111
0000100110101011011111111011000111
0000100110101011111101100110101111
0000100110101101011100110111011111
0000100110101111101101100110101111
0000100110101111101111100100101111
0000100110101111111001100110101111
0000100110110010110101111101110111
0000100110110110001111111101010111
0000100110110111000111011110101111
0000100110111011011110101011110011
0000100110111101110101110100111101
0000100110111110011110101010111101
0000100110111111010111100110100111
0000100111001001110101111101101111
0000100111010001110101111101101111
0000100111010011110001110110111111
0000100111010101011011011111001111
0000100111010111010011011111100111
0000100111010111110001100110111111
0000100111010111110101001111110011
0000100111010111110110101001011111
0000100111010111111101001101001111
0000100111011000110101111101101111
0000100111011001110101011101101111
0000100111011010011101111111010011
0000100111011011101011101110011101
0000100111011101001011101110101111
0000100111011101101111000011110111
0000100111011110110101011101001111
0000100111011110111110100011111001
0000100111011111010011011110100111
0000100111100110101011011110101111
0000100111100111111001100111110101
0000100111101001110101101101110111
0000100111101001110101111101100111
0000100111101101110101111100100111
0000100111101110101011011101001111
0000100111110100111011011011110101
0000100111110101011011011111001011
0000100111110101011011101111001011
0000100111110101011110011011100111
0000100111110111110101001100101111
0000100111111001111011101011001101
0000100111111010111110010011100111
0000100111111011001110011110010111
0000100111111101011110100111010011
0000100111111101110001111100100111
0000100111111101110101001110100111
0000101000011011011101101011111111
0000101000111010011101101011111111
0000101000111010111111101100111101
0000101001010111011111001100111111
0000101001100101111100011111110111
0000101001100111111110010101011111
0000101001101001111100111011111101
0000101001101011111000111011111101
0000101001110001111010011111111011
0000101001110101011011011001111111
0000101001111001100111010101111111
0000101001111010001110111011111101
0000101001111010101111011001111011
0000101001111010111111011000111011
0000101001111101100111010101111011
0000101001111110010111011011110011
0000101001111111010011111110100011
0000101010011101100101111111100111
0000101010011101111000111111011011
0000101010011111011110011101101101
0000101010110001101101111101110111
0000101010110001111100111110111011
0000101010110011111011001111011011
0000101010110110110001111111001111
0000101010110111000110111111101011
0000101010110111001111001101111011
0000101010111011000111110011111011
0000101010111011001111110011110011
0000101010111101110110110110001111
0000101010111110010111110011101101
0000101010111110011101100011111011
0000101010111110110111100011101101
0000101010111111001111001100111011
0000101010111111100100111111100011
0000101011000111110100110111111101
0000101011001111100011011111011011
0000101011001111101110010110011111
0000101011001111111010010111110011
0000101011010001100111111101111101
0000101011011001111010111101100111
0000101011011010011011001111110111
0000101011011011001110011101011111
0000101011011011011111000110111011
0000101011011011111010111001100111
0000101011011111010111000110111011
0000101011100011101100101111011111
0000101011100100110001111101111111
0000101011100110101011011111011011
0000101011100111011010111111001011
0000101011100111111110000111011011
0000101011101001111001110110111011
0000101011101100011111100111101011
0000101011101111001111010011101101
0000101011101111001111011011001101
0000101011101111011011010011101101
0000101011101111011011011000101111
0000101011101111100110001111110011
0000101011101111110010011110011011
0000101011101111110110000111110011
0000101011110001100111011011111011
0000101011110001101101111101110011
0000101011110011011110011011101101
0000101011110011011111011110100011
0000101011111000110111001111101101
0000101011111001011011011101100111
0000101011111001110110001111101101
0000101011111011011010110110011011
0000101011111011011011011110100011
0000101011111011011111000110011011
0000101011111011100111010001111011
0000101011111011111100011011010011
0000101011111101110001101100101111
0000101011111110100110111100011101
0000101100010110111100110101111111
0000101100010110111100111101110111
0000101100011010111111010011111011
0000101100011011011111101101010111
0000101100011011101011010111111011
0000101100011011111001011111101011
0000101100011011111011010111101011
0000101100011111100110011111011101
0000101100100111110111001110101111
0000101100100111111011010011110111
0000101100101010010111111011111011
0000101100101010111100111111101101
0000101100101011111111010011001111
0000101100101100110101111101111101
0000101100101101110111101110001111
0000101100101101111100110111011101
0000101100101110101100111111101101
0000101100101110111100101111011101
0000101100101110111100101111101101
0000101100110101101110110101111101
0000101100110101110001011111110111
0000101100111010101011011100111111
0000101100111010101111010011111011
0000101100111010111011010011111011
0000101100111010111111010011101011
0000101100111011110001011111101011
0000101100111011111000101101110111
0000101100111101010001101101111111
0000101100111110101011011001110111
0000101101001100011010111110111111
0000101101001110111001101111101011
0000101101010001011111011111001111
0000101101010011010110011111011111
0000101101010101011111111100011011
0000101101011011101011001110011111
0000101101011100110101111001111101
0000101101011101100100111001111111
0000101101011101101000111110111011
0000101101011101110001101100111111
0000101101011101111001100100111111
0000101101011111100111001101011101
0000101101100011001011111011111101
0000101101100101100110011111101111
0000101101100101110101001111101111
0000101101100111100010111011110111
0000101101101101010111111101000111
0000101101101111101011000110111011
0000101101110011101110101011001111
0000101101110101000101111111001111
0000101101110101100110011111001111
0000101101110101100110111111001011
0000101101110101100111001101101111
0000101101110111111000011011101011
0000101101111001100111111001011101
0000101101111011100010111011001111
0000101101111011100011111001011101
0000101101111011101100101110010111
0000101101111110001101110101110011
0000101110001111010001011111111101
0000101110001111011001010111111101
0000101110001111011001011111011101
0000101110010101111001101011111011
0000101110010110111001101011111011
0000101110011011101010110111110011
0000101110011100011111111010011011
0000101110011110101011011001110111
0000101110011111110001101010111011
0000101110100110001111101110111101
0000101110100110001111111110100111
0000101110110001011100111101111011
0000101110110001111000111101111011
0000101110110010100111010111101111
0000101110110010100111011111001111
0000101110110101111001011101110011
0000101110110110011100101110101111
0000101110110110011100111110101011
0000101110110110111010101101110011
0000101110110111001111011101010011
0000101110110111111101001010110011
0000101110111001111001011101101011
0000101110111100110101111010011011
0000101110111101111010010011100111
0000101110111101111100110000101111
0000101110111111000111100110101011
0000101110111111010001101001111011
0000101111000101100101011111110111
0000101111000110101110110111011011
0000101111000110111111010111010011
0000101111000111010001011111111101
0000101111001011001110011111010111
0000101111001011001110101110110111
0000101111001011100110110011110111
0000101111001011101101110111100011
0000101111001011101111101001100111
0000101111001101100011101110101111
0000101111001110001011001101111111
0000101111010001011001111101111011
0000101111010001110101110110110111
0000101111010101110101101101100111
0000101111010111011101001110011011
0000101111010111110001100110110111
0000101111010111110110110001100111
0000101111011001101111100111001011
0000101111011001101111101110001011
0000101111011101110101100101100111
0000101111011101110101101101000111
0000101111011110001110111110010011
0000101111011111010011011100100111
0000101111100101100110111011101011
0000101111100110101111101101000111
0000101111101111001101100110101011
0000101111101111011010100111010011
0000101111101111011100100101010111
0000101111101111100011010110011011
0000101111101111100101000110111011
0000101111110001101101110101110011
0000101111110011101101110101100011
0000101111110100111011100111001011
0000101111110101111001011000110111
0000101111110110100111010101100111
0000101111110110100111011101000111
0000101111110110110101011101000111
0000101111110111000101011011001111
0000101111111000111101100110101011
0000101111111001110101101101000111
0000101111111001111100101001100111
0000101111111010111110010011100011
0000101111111011010101001100011111
0000101111111011011101011010100011
0000101111111011100101011110001011
0000101111111011101100001110010111
0000101111111110110011101001000111
0000110000111011000101111111011111
0000110001010111011101101111011011
0000110001010111101110110011011111
0000110001010111111010011110110111
0000110001010111111111001100011111
0000110001011001011101111001111111
0000110001011010110111010101111111
0000110001011010111011101101101111
0000110001011011111110010101110111
0000110001011110101011110110110111
0000110001101011000101111111011111
0000110001101111010101111110100111
0000110001110110001011111101101111
0000110001111010101101101110111011
0000110001111110100110111110101011
0000110001111111110101001110011011
0000110010001111111111001010101111
0000110010010111101111100101011111
0000110010011100101011111011011111
0000110010011101110111100101011111
0000110010011110010101111111100111
0000110010100101111001110111011111
0000110010100111111001110101011111
0000110010100111111010001110111111
0000110010100111111111000110011111
0000110010101101101110001110111111
0000110010101101111010110011011111
0000110010101101111110110011001111
0000110010101110111111101000110111
0000110010101111101001110111011011
0000110010101111101111100100101111
0000110010111001010111001101111111
0000110010111101100111011110101011
0000110011001001101010111101111111
0000110011001010010111110111110111
0000110011001111111101001010101111
0000110011010010100111011101111111
0000110011010101110110101100111111
0000110011010101110111111001011011
0000110011010101111101001111011011
0000110011011100110110101011111011
0000110011011110101011111101001011
0000110011011111110001011101101011
0000110011100101010111011011011111
0000110011100101100101011110111111
0000110011100111111001110101011011
0000110011101010110100110111011111
0000110011101101010111010011011111
0000110011101101011011111101000111
0000110011101101101001110101011111
0000110011101101101011010101011111
0000110011101101111001010111101011
0000110011110011111101101010011011
0000110011110101111001010111011011
0000110011110111011101001010011111
0000110011111011110110101100010111
0000110011111101101010111100100111
0000110011111101110010111110001011
0000110011111110010111101100010111
0000110011111110110010111100101011
0000110011111110110101101100010111
0000110100010011111010101111011111
0000110100010111011111100101111011
0000110100011011110100111111100111
0000110100011110111001011101110111
0000110100110011010101001111111111
0000110100110101011111110011001111
0000110100111100010011101011111111
0000110101001101101101110111101011
0000110101010001110110101111011111
0000110101010011111110111001001111
0000110101011010001110111011111011
0000110101011010001111101011111011
0000110101011011001111111001010111
0000110101011101101101101101100111
0000110101011110111101100011011011
0000110101101110111010100011011111
0000110101101111010101110011011011
0000110101110101011011111100011011
0000110101111101100111011000101111
0000110110000110111111101101010111
0000110110001001111111101010101111
0000110110001110111110110101011011
0000110110001110111111001010101111
0000110110001111011010101110111011
0000110110001111011110101010111011
0000110110010110101011111011100111
0000110110010111001110010101111111
0000110110010111100101010111111011
0000110110011001111111110010100111
0000110110100100111011111101010111
0000110110100110011010101110111111
0000110110101000111011111100101111
0000110110101001100101111101110111
0000110110101011001111111011000111
0000110110110001101110111101010111
0000110110110011101110110101010111
0000110110110101000111011110101111
0000110110110111111010010101100111
0000110110111101010110110001110111
0000110111000011110101011101111011
0000110111001010100111101011111011
0000110111001010101011001111101111
0000110111001101010110011011011111
0000110111001101011110111010001111
0000110111001101011111101101000111
0000110111001111101101100010101111
0000110111010101100011011110011111
0000110111011000110101011101101111
0000110111011010110001110101011111
0000110111011101010110101100011111
0000110111011111101011001000101111
0000110111011111110001000110101111
0000110111101100010111011011010111
0000110111101110110110010101001111
0000110111110110101001110110010111
0000110111110111011001101010010111
0000110111111101100101010100101111
0000111000100101111111100110011111
0000111000100111011011010111011111
0000111001010010011011110111110111
0000111001011010101111101100110111
0000111001100011110101011011011111
0000111001100101011001011111101111
0000111001100101101010011111110111
0000111001100111110101011011010111
0000111001101100101011110101101111
0000111001110110100011011101011111
0000111010100100111011111011010111
0000111010100111001001001111111111
0000111010101101101001100111011111
0000111010101101111110110010001111
0000111010110110001001111011110111
0000111010110110001011101011110111
0000111010110111100100010111011111
0000111011000101001101011111011111
0000111011000101101101011101110111
0000111011001111101010010011110111
0000111011010100010101110011111111
0000111011101111001110101001001111
0000111011101111100100010101101111
0000111011110100100011011101011111
0000111011111110010110010001101111
0000111100110010100010101111111111
0000111100110010101000101111111111
0000111100110010110010101101111111
0000111100110010110010101110111111
0000111100110010110010101111101111
0000111100110101010011001101111111
0000111100110101010011001110111111
0000111100110110101000101011111111
0000111101100010100111011101011111
0000111101100101011000101101111111
0000111101100101100010011111101111
0000111101110010101000110110111111
0000111101111001010101001100111111
0000111101111101100100011000111111
0000111110010100010110011101111111
0000111110110101011001000111011111
0001000100101111101111110001101111
0001000100110101111011110001111111
0001000100111011110110111110011101
0001000100111101100011110111111011
0001000101001101111001011110111111
0001000101001101111101011010111111
0001000101010011101001111111110111
0001000101011001111011010111101111
0001000101011011011100111100111111
0001000101011011011110011011111101
0001000101011011100011111111011101
0001000101011011101000111111110111
0001000101011011110011111111001101
0001000101011011111100110111100111
0001000101011100111111001101101111
0001000101011101101011100111111011
0001000101011111011001111110101101
0001000101011111101110011101101101
0001000101100111100111101101111011
0001000101101001111100110111110111
0001000101101011100111110110111101
0001000101101011111100110111010111
0001000101101101001101111011111101
0001000101101101111011001111001111
0001000101101111001100111111001111
0001000101101111010111101001101111
0001000101110101110011011110101111
0001000101110101111100110110101111
0001000101111011011001111001111011
0001000101111011111100110101110011
0001000110101011110011101101101111
0001000110101111011101001101011111
0001000110101111100011101101101111
0001000110101111110101100101011111
0001000110110111100011101101011111
0001000111001011010011101111110111
0001000111010011101110010110111111
0001000111011000101101101111011111
0001000111011010010101111110011111
0001001000101101111011011001111111
0001001000101111110111001101011111
0001001000110111110010111110101111
0001001000111010111110110011101111
0001001001001111111011100111011101
0001001001010111101011110011110111
0001001001011101011111100110101111
0001001001011101110001111110111011
0001001001011101110010111111100111
0001001001011101110111110001101111
0001001001011110100010111111101111
0001001001011110100011111111100111
0001001001011110101111011100011111
0001001001011111100111001110101111
0001001001011111110011001110101111
0001001001100011110011011101111111
0001001001100111111101011110011101
0001001001101011011111110001111011
0001001001101111111100011110110101
0001001001110101101111001001111111
0001001001110110100110110101111111
0001001001110111100010111110101111
0001001001111001110111010101101111
0001001001111010101011011010111111
0001001001111011100101111110011101
0001001001111011100111110100111101
0001001001111011101011110010101111
0001001001111011110010111101010111
0001001001111101010011111001101111
0001001001111101011101110011101011
0001001001111101011101111001101011
0001001001111110111001110101001111
0001001001111111011011110001001111
0001001001111111101101011100011011
0001001010001011111110100111101111
0001001010001111110111010101101111
0001001010010110011101011101111111
0001001010010111101111100101110111
0001001010010111110101110111110011
0001001010011011101110111100011111
0001001010011100111101101101111101
0001001010011111100111010110011111
0001001010011111101101100111110101
0001001010011111110111010011001111
0001001010100011111111111001011011
0001001010110001111010111011011111
0001001010110011111101011100111101
0001001010110110100110011110111111
0001001010110111110111010100011111
0001001010111000101101100111111111
0001001010111110010111110111001101
0001001010111111010011011111000111
0001001011000111101100111111011101
0001001011001100111110101100111111
0001001011001101010001111111011111
0001001011001101110001011111011111
0001001011001101110111110001101111
0001001011001110001111101110110111
0001001011001111100111010100111111
0001001011001111110111010001101111
0001001011010011100110011111111101
0001001011010101110111110001101111
0001001011010111100010111011101111
0001001011010111111110001011100111
0001001011011100010101111100111111
0001001011011100111110001011101111
0001001011011101010001111110011111
0001001011011101011001110110011111
0001001011011101011001111110011011
0001001011011101110111110001101101
0001001011011110001111100101110111
0001001011100011101101111010110111
0001001011100101101110010111110111
0001001011100101110100111101110111
0001001011100110110101111110001111
0001001011100111101111001011111001
0001001011100111111101110010010111
0001001011101011000111111001111011
0001001011101011001010111110011111
0001001011101011111100101011010111
0001001011101101101011111000110111
0001001011101110101101111110001011
0001001011110010011101011101111101
0001001011110010100110011110111111
0001001011110010111011110111001011
0001001011110111001011111011100011
0001001011110111101011111000110011
0001001011111000110011001111101111
0001001011111001011110111011100011
0001001011111001101010111111010011
0001001011111001111010110011101011
0001001011111010111011001011100111
0001001011111011001111010011101011
0001001011111011101110010111001011
0001001011111100011011011110011101
0001001011111101110001110100110111
0001001011111110010101110111001011
0001001011111110010111011100101101
0001001011111111101010011011000111
0001001100010110111100111101111101
0001001100010111100111101111101101
0001001100011011011011010101111111
0001001100011100011010111101111111
0001001100011101011010111001111111
0001001100011110111111001001101111
0001001100101101001101111011111101
0001001100101101110011010111110111
0001001100101111110111000101011111
0001001100110101010111100111101111
0001001100110111111110001110110101
0001001100111011111110001110101101
0001001100111101011101111001101011
0001001100111101111011010001011111
0001001101000111110111100110111101
0001001101000111111011100111011101
0001001101001101010110101111011111
0001001101001101011100101111011111
0001001101001101011100101111111011
0001001101001101011101011110101111
0001001101001101011110011110101111
0001001101001101011110101111110011
0001001101001101100011010111111111
0001001101001110001101101011111111
0001001101001110111001001111011111
0001001101001111010011101111011101
0001001101001111011110101001011111
0001001101001111101010011101111011
0001001101001111101011010111011101
0001001101001111101111100101011011
0001001101001111110110100110111101
0001001101001111111010011001111011
0001001101001111111111001001100111
0001001101010110001110111101111101
0001001101010110110110001111110111
0001001101010110110111001110101111
0001001101010110111110001101110111
0001001101010111100010110111101111
0001001101010111100010111110111101
0001001101010111101011110011010111
0001001101010111110011001111101011
0001001101010111110111100010111101
0001001101011000110100111110111111
0001001101011001101011110101011111
0001001101011010011011111101110101
0001001101011010111100110110101111
0001001101011100010101111110101111
0001001101011100011010111101011111
0001001101011101010011011110101111
0001001101011101011010111100011111
0001001101011101111001011111100011
0001001101011110001101111010101111
0001001101011110100010111110101111
0001001101011110100110111110010111
0001001101011110100111100110101111
0001001101011110110011111100110101
0001001101011111001110011010111101
0001001101011111010011011110101011
0001001101011111011100011010111101
0001001101011111100011101011010111
0001001101011111100110100110111101
0001001101100010101101111111001111
0001001101100100101101011111110111
0001001101100110101101011101110111
0001001101100111111110001110110101
0001001101100111111110011110010101
0001001101101010101000111011111111
0001001101101010110111001111010111
0001001101101011100011101010111111
0001001101101011110110001111010111
0001001101101101111111000110101011
0001001101101110111100011110110101
0001001101101111001111011011010101
0001001101110001101011110101011111
0001001101110011110101110100101111
0001001101110101111110001110110101
0001001101110101111111001010010111
0001001101110111110110001110110101
0001001101111000111001101010111111
0001001101111001100010111111010111
0001001101111001101010110111001111
0001001101111001101010110111010111
0001001101111010111001101010101111
0001001101111011111001101000101111
0001001101111100100111101101010111
0001001101111100100111110101110011
0001001101111100101101110101110011
0001001101111101011011110001101011
0001001101111110001111011010110101
0001001101111110100010110110101111
0001001101111110100111110001110011
0001001101111111000110101110010111
0001001101111111011011010001101011
0001001101111111100011101110010101
0001001110001101101011010111011111
0001001110001101101101010111011111
0001001110001110101101101111111001
0001001110001111101011010111011011
0001001110001111110101010111011011
0001001110001111111011010110011011
0001001110001111111101010101011011
0001001110010100111110111110010111
0001001110010110100110010111111111
0001001110011010011111010111101101
0001001110011010110101111001111101
0001001110011100101111111101001101
0001001110011101111010011010011111
0001001110100011101011111011101101
0001001110100011111011111011010011
0001001110100110100110101111101111
0001001110100110101101011111100111
0001001110101111110101001101001111
0001001110110010101110101111100111
0001001110110010101110111111000111
0001001110110010101110111111001011
0001001110110110100111110011110101
0001001110110110101010111111000111
0001001110111101100101110001111011
0001001110111101101010011010011111
0001001110111111010101001101001111
0001001111000110110011101111101101
0001001111001001111001110111111001
0001001111001010010111011111010111
0001001111001010100110111110111101
0001001111001011000101111111010111
0001001111001011111011010111001101
0001001111001101010101101111011011
0001001111001101011100101111011011
0001001111001110110110111100110101
0001001111001111101011010011011101
0001001111010011011111001111100011
0001001111010011011111110011100011
0001001111010100110100111110111101
0001001111010101101111111011000101
0001001111010111011100011010111101
0001001111011000111100011111011101
0001001111011000111100111110110101
0001001111011011001111100111100101
0001001111011101000111110011101101
0001001111011101001111011010011101
0001001111011110011011001101010111
0001001111011110100110111110010101
0001001111011111001010110001111101
0001001111011111011010100111010011
0001001111011111100011010011011011
0001001111100011101111111010010011
0001001111100101101111101010110011
0001001111100110101101011111001101
0001001111100110101101011111100101
0001001111100111101110010011010111
0001001111101001101010110111110011
0001001111101010010110111110010111
0001001111101101001111101110001011
0001001111101101011110101110001011
0001001111101111001101010100110111
0001001111101111010011101001101011
0001001111101111010100111100110101
0001001111101111010111010100100111
0001001111110001110101110110100111
0001001111110010101101011111001101
0001001111110101010011011011110011
0001001111110101011011011011100011
0001001111110101101100101011001111
0001001111110111100010110010101111
0001001111110111101010010011010111
0001001111111001101001110110110101
0001001111111001110100110101101011
0001001111111010010111001111010101
0001001111111011011010111000101101
0001001111111011100010111011010011
0001001111111110110110001010100111
0001001111111111001010111000101101
0001010001010111110010111101111011
0001010001011010111101100111111101
0001010001011011010111101100111111
0001010001011110001101111110101111
0001010001100101101111001111111011
0001010001100111111001111011011011
0001010001101101101111000111111011
0001010001101101101111001111011011
0001010001101101111001111001011111
0001010001101111001101101011011111
0001010001101111001111001011011111
0001010001101111011101100011011111
0001010001110110111001111001101111
0001010001111001010110110011111111
0001010010011001101101111001111111
0001010010011011111100101111101011
0001010010011101101111100101011111
0001010010011101110100111111101011
0001010010011101110111010011101111
0001010010011101111000111111011101
0001010010011101111100101111011101
0001010010101110001111111110011011
0001010010101110110011110110011111
0001010010101111101100111011001111
0001010010110011101110110010111111
0001010010110110011001111001111111
0001010010110111011001101001111111
0001010010110111011110100011110111
0001010010110111111001110011101101
0001010010110111111001111001101101
0001010010111011101011110110001111
0001010010111101000110110111110111
0001010010111111000110110111110011
0001010010111111110001011101100111
0001010010111111110010110111001101
0001010010111111111000111010110011
0001010011000111111110101100011111
0001010011001011110001101111110111
0001010011001111100101111011110101
0001010011001111110001111011110101
0001010011001111110110101100011111
0001010011010001111110111011010111
0001010011010111111001100110101111
0001010011011011111001110110110101
0001010011011100010111101111110011
0001010011011111000111110101101011
0001010011011111001111001110110101
0001010011011111100110011010111101
0001010011100110101011011110111011
0001010011101011011000110111011111
0001010011101100101101111100111101
0001010011101101100111101001111101
0001010011101111001111100110110101
0001010011101111100111101000111011
0001010011101111101011101000111011
0001010011110100101101110110111011
0001010011110100101111110101110011
0001010011110100111001111011101101
0001010011110100111110110011010111
0001010011110101011011101100111101
0001010011110101111110010010110111
0001010011110110001111001111101101
0001010011110110110010111101010111
0001010011111010011010100111111011
0001010011111100101101111011001101
0001010011111100101101111100110101
0001010011111100111100110101011011
0001010011111101011001111110100011
0001010011111101011010100111110101
0001010011111101100111011100101101
0001010011111110100111011101000111
0001010011111110100111011101001011
0001010011111110110011111010100011
0001010011111111101001101100011011
0001010100010111111110110011001111
0001010100100111011010011011111111
0001010100100111110110101100111111
0001010100101100110111100110111111
0001010100101101101100110111101111
0001010100101111001100101111111101
0001010100101111110110101100111101
0001010100101111111100110111001101
0001010100110011110011101101101111
0001010100110011110111101100101111
0001010100110100111100011111111011
0001010100110111011010110011110111
0001010100110111011110100011110111
0001010100110111101100111011010111
0001010100110111111010110001101111
0001010100110111111010110001110111
0001010100110111111100010111101011
0001010100110111111110010101101011
0001010100111010110001111111011011
0001010100111011001011111101110011
0001010100111011111011100100101111
0001010100111100101111110011011011
0001010100111110110100101011111011
0001010100111111011001011011110011
0001010100111111100110100111011011
0001010101001101111011001110011111
0001010101001110111101101111001011
0001010101001111011101101111001011
0001010101001111110011100110111101
0001010101100011110100111111101101
0001010101101101111001110100111011
0001010101101111111001100011011101
0001010101111100110111101011010011
0001010110001110011011100111111101
0001010110001110100101011111111101
0001010110001111110110100110011111
0001010110010011011111111100101011
0001010110010111011011100111101101
0001010110011010001100111101111111
0001010110011110111001011111001101
0001010110011111010110101001101111
0001010110011111110110101001001111
0001010110100011011010011111110111
0001010110100011110100110111110111
0001010110100011111110101110100111
0001010110100100100111110111110111
0001010110100101011111011110011011
0001010110100101100110011111111101
0001010110100111001011111101100111
0001010110100111010001111011111011
0001010110100111100011001101111111
0001010110100111100110011111101101
0001010110100111111111010101100011
0001010110101001111001101111011101
0001010110101001111001111101011101
0001010110101001111001111101101101
0001010110101110011001111111001101
0001010110101111100110100011111011
0001010110110001111001111101101101
0001010110110010011111011110110101
0001010110110010111101000111110111
0001010110110011001010011110111111
0001010110110011110011100100111111
0001010110110011111001110011101101
0001010110110111001111001101101101
0001010110110111010011111110100011
0001010110110111010110100011110111
0001010110111000111101111011010011
0001010110111001110011111001101101
0001010110111001111001110101101101
0001010110111001111001111001101101
0001010110111100110010111001111101
0001010110111101100011111001101101
0001010110111110100110111100011011
0001010110111111100011001101001111
0001010111000101101001100111111111
0001010111000111101000110111111101
0001010111001011001111010110111101
0001010111001111100011011111010011
0001010111010001101101111001111011
0001010111010011111110101101000111
0001010111010110100101111110011011
0001010111011010010111100111110011
0001010111011101001011010011111011
0001010111011110011110110100011011
0001010111100100111111011110001011
0001010111100110100011111101011011
0001010111101111100011011110010011
0001010111101111100111001001011101
0001010111110011010100101100111111
0001010111110110110011111001010011
0001010111110111001011110001101101
0001010111111111010010101110001101
0001011000110111010010110111101111
0001011000110111100110100111011111
0001011000110111101101011111001101
0001011000111011111111010010011101
0001011000111101110011011111010011
0001011000111111110011010111010011
0001011001001001011111111100111011
0001011001001110100101011111110111
0001011001010010111011110011011111
0001011001010011011101111000111111
0001011001010111110111001010111101
0001011001010111110111001110101101
0001011001011010001101110011111111
0001011001011010100111011100111111
0001011001011011110111001010011111
0001011001011100111011111101010011
0001011001011111110111000110101101
0001011001011111111000111101010011
0001011001100111110101101001111101
0001011001101001110010011101111111
0001011001101001110011010101111111
0001011001101010011000111011111111
0001011001101010011100110101111111
0001011001110010010111111010111011
0001011001110010100101111101111101
0001011001110101111010011011110011
0001011001110110100101111110100111
0001011001110110100111011110100111
0001011001110110100111110101100111
0001011001110110100111110110100111
0001011001111101001011111010110011
0001011001111110010011101011010111
0001011001111110100110110101110011
0001011001111111001001110110100111
0001011001111111011100110100101011
0001011001111111100011011101010011
0001011010001011101110001110111111
0001011010001011101110011100111111
0001011010001101111111011001010111
0001011010010101111111101001100111
0001011010011000110001111101111111
0001011010011001101011100110111111
0001011010011001110101010111101111
0001011010011001111110111001010111
0001011010011011010111110111010011
0001011010011011101011000110111111
0001011010011011111110100011101011
0001011010011011111110110010101011
0001011010011100111111110101010011
0001011010011101001100111011011111
0001011010011101010100110111111011
0001011010011101110100110111101011
0001011010011101110100111101101011
0001011010011101110101011000111111
0001011010011101110111000111101101
0001011010011101110111010011001111
0001011010011111100100110111100111
0001011010011111110110100011101011
0001011010100111011111011001010111
0001011010101100011100110111111101
0001011010101111100011011111010011
0001011010101111110010011111010011
0001011010110010011001111101101111
0001011010110110011001111001111101
0001011010111010001110111011110011
0001011010111010001110111100111011
0001011010111010001111111010110011
0001011010111010001111111100110011
0001011010111010011111101001110011
0001011010111010011111111000110011
0001011010111010111100110010011111
0001011010111100100111110101110011
0001011010111100110111010001110111
0001011010111100110111110101010011
0001011010111110011011011100011101
0001011010111110100110010011101111
0001011010111111100100110111000111
0001011011000110001111110110111101
0001011011000110111101111000111101
0001011011001010100111111011100111
0001011011001111110111010001101011
0001011011001111111101010011000111
0001011011010001011110101111110011
0001011011010011011000111010111111
0001011011010011011110101111010011
0001011011011000111011111101010011
0001011011011001010010111001111111
0001011011011010001011111100111011
0001011011011100111011110101010011
0001011011100011100100110101111111
0001011011101000111110111101100011
0001011011101001101010011111110011
0001011011101001111010111011000111
0001011011101111100011011101010011
0001011011110011100100110100111111
0001011011110011101001111000111011
0001011011110101011001110110100111
0001011011110101110100110100111011
0001011011110101111010010011110011
0001011011110101111010011011010011
0001011011110110011110100011010111
0001011011110111010010110001101111
0001011011111000111011010111010011
0001011011111010001110110011101011
0001011011111010101001111000111011
0001011011111010111010011000111011
0001011011111101001100101001011111
0001011011111101010100110100111011
0001011011111110010011100011010111
0001011100011010110011011110111101
0001011100011101100101101011111101
0001011100100101001110111101111101
0001011100100101110110101111100111
0001011100100101111101101011100111
0001011100100111001010011111110111
0001011100101001110111110110010111
0001011100101011110010010111110111
0001011100101100011101111011011101
0001011100101111110110100101100111
0001011100111100110010101101111101
0001011101001101011010011101111011
0001011101001101111011000110101111
0001011101001111011010011101011011
0001011101010010110011001111101111
0001011101010110100111111001100111
0001011101011001101001110010111111
0001011101011011001101110110100111
0001011101011111011010011100011011
0001011101100011000111101101111101
0001011101100011010010111011110111
0001011101100101001010111110011111
0001011101100101001011011011101111
0001011101100101001101011110101111
0001011101100101001101011111101011
0001011101100101001111011010101111
0001011101100111011101101001101011
0001011101101001100011111101011011
0001011101101001110011011101011011
0001011101101010011000111011101111
0001011101101011001111110100110011
0001011101101101010011100011111101
0001011101101110111100100101001111
0001011101110010110111011110010011
0001011101110010111110111001010011
0001011101110100100111110110100111
0001011101110101111010010110110011
0001011101111011010010111011000111
0001011101111101001011010011101011
0001011101111110100011010010110111
0001011110001101001100011011111111
0001011110011100100110101101011111
0001011110011101110100110111100011
0001011110100100100111010111110111
0001011110100110001101001101111111
0001011110100111100111010101011011
0001011110101001100011111011011011
0001011110101011001111110100100111
0001011110101101110011011011010011
0001011110101111110010010011110011
0001011110110010011111101011000111
0001011110110111010100110001111011
0001011110111000110111110110010011
0001011110111000111111010110010011
0001011110111010110011101101001011
0001011110111110100011101001101011
0001011110111111001001011011100011
0001011111001101101011011101010011
0001011111001110100101001101111101
0001011111010010011100111010011111
0001011111010101111010010011110011
0001011111011001110100110101101011
0001011111011111001001001010110111
0001011111011111001101001010110011
0001011111100011010010011011110111
0001011111100110100110001101101111
0001011111101001011100011011001111
0001011111101010100110001101101111
0001011111101011000111110100110011
0001011111101011101010010011110011
0001011111101100101011101101001011
0001011111110010111001100101001111
0001011111110101001100011011001111
0001011111111000111011010110010011
0001011111111001101010010111010011
0001011111111010010100101100110111
0001011111111010011001101001010111
0001011111111101001100101001010111
0001100100101010111111110010011111
0001100100101111001010101111110111
0001100100101111001110101011110111
0001100100101111110011101010110111
0001100100110110001111111101010111
0001100100110111111110010101101011
0001100100111101111111010010101011
0001100101001110101101100111011111
0001100101001110101101101101011111
0001100101001110111110010100111111
0001100101001111111100101010011111
0001100101010011111010011111011011
0001100101010111100111010011111011
0001100101011011011011101001011111
0001100101011011011111101001010111
0001100101011011101101101001011111
0001100101011101111110110010010111
0001100101011110100111011011011011
0001100101011111010011101010011111
0001100101011111101001011110010111
0001100101011111101001101110010111
0001100101110010100110111101011111
0001100101110110100111111100101011
0001100101111101011010100111110011
0001100110010111011111010100101111
0001100110010111111101001010011111
0001100110010111111110100101010111
0001100110011111010101001011011111
0001100110100101011011011110111011
0001100110100111111010101100101111
0001100110101001011111110110010111
0001100110110110101011111100100111
0001100110111010111111100101001011
0001100110111100100110101011011111
0001100111001010100110110110111111
0001100111010010100110110101111111
0001100111010101010011111111001011
0001100111011011101001100101011111
0001100111011111001001101110101011
0001100111101110101101010010011111
0001100111110011010100101100111111
0001100111110111010100101100110111
0001100111111010011001010110110111
0001100111111101010011010111001011
0001101001001101110101001111011111
0001101001010011111001011101111011
0001101001010101110111011000111111
0001101001010101111111001001111011
0001101001100101011110110001111111
0001101001100110010101111110101111
0001101010010010110010111011111111
0001101010010111011111001100101111
0001101010011111010110011001011111
0001101010101110111001001101101111
0001101011101100100101001111111011
0001101100011101110111010010101111
0001101100101011111011101001100111
0001101100101011111110010011001111
0001101100101110010010101111110111
0001101100111010101001011001111111
0001101100111010101100101001111111
0001101100111101010111110010010111
0001101101001110101001001111011111
0001101101010010111011111100100111
0001101101011110101011001001111011
0001101101101110100111001010111011
0001101101110010011110111001010111
0001101101110101001001011011101111
0001101110010101001111011011001111
0001101110011111010101001001011111
0001101110011111010101001011001111
0001101110101001001111100101101111
0001101110101001110010010111011111
0001101110101001111110101001001111
0001101110101010010010111110011111
0001101110101110101001001111001111
0001101110111010101001011011001111
0001101110111101101010110010100111
0001101110111110010110010100101111
0001101111001010011011001110101111
0001101111001101110101001011001111
0001101111010111010101001011001111
0001101111011001110101001011001111
0001101111011111010101001001001111
0001101111101101110010010101010111
0001101111110010110100110010101111
0001101111110011001010011010101111
0001101111110110101010101100100111
0001101111110110111010100100100111
0001110010010110110101011011101111
0001110010010111110010101101110111
0001110010010111110101011001101111
0001110010100111111010101100110111
0001110010101001001111111100101111
0001110011001010011101101101011111
0001110011010100100110111110011111
0001110011011010100111110110010111
0001110011101010011011001010111111
0001110011111010010101101100110111
0001110100110111111010100100110111
0001110101001001110100101111101111
0001110101001011110100110011110111
0001110101001110010010011110111111
0001110101001110010010011111011111
0001110101010111101001001100111111
0001110101011001101001110010111111
0001110101011011001001011110110111
0001110110010010010100101111111111
0001110110010011010010101111110111
0001110110010011010100101111101111
0001110110010100110110101011011111
0001110110011001010011111110001111
0001110110011001101001010111011111
0001110110011010010101100111110111
0001110110100100101011110111001111
0001110110101001001001101101111111
0001110110111001001101010101101111
0001110111001001001010111101011111
0001110111001010110010011010111111
0001110111010010010100101110111111
0001110111010100100100111110011111
0001110111011110010101001001101111
0001110111110010010100101100111111
0001110111110011010100100100111111
0001111001011010101001100110111111
0001111001011011101010010011101111
0001111010010111001100101011101111
0001111010100101100110011101011111
0001111010100110110010100111101111
0001111010110010100110110011101111
0001111100101010010010101110111111
0001111100110101100101001010111111
