00000000000000001000111101
00000000000000001001010111
00000000000000001001101011
00000000000000010001001111
00000000000000010001111001
00000000000000010010001111
00000000000000010100011011
00000000000000010110100011
00000000000000011000010111
00000000000000011010000111
00000000000000100001101101
00000000000000100010001111
00000000000000100010100111
00000000000000100100011101
00000000000000100110001011
00000000000000101100100011
00000000000000110000101011
00000000000000110001010011
00000000000001000001011011
00000000000001000010110011
00000000000001001000110101
00000000000001001001000111
00000000000001001010001101
00000000000001010100100011
00000000000001010110000011
00000000000001100010001011
00000000000001100010010011
00000000000010000001001111
00000000000010000001110101
00000000000010000010111001
00000000000010000101000111
00000000000010000101011001
00000000000010000110001011
00000000000010001000001111
00000000000010001000101011
00000000000010001000101101
00000000000010001001000111
00000000000010001001001011
00000000000010001001001101
00000000000010001001010011
00000000000010001001100011
00000000000010001001101001
00000000000010001010000111
00000000000010001010001101
00000000000010001100001011
00000000000010010000101011
00000000000010010000110101
00000000000010010000111001
00000000000010010001100101
00000000000010010010001011
00000000000010010010100011
00000000000010010011000101
00000000000010010100010011
00000000000010010100011001
00000000000010010110000101
00000000000010011000001101
00000000000010011010000101
00000000000010100000100111
00000000000010100001000111
00000000000010100001001011
00000000000010100001100101
00000000000010100010000111
00000000000010100010001101
00000000000010100100001011
00000000000010100100001101
00000000000010100100010101
00000000000010100100100011
00000000000010101000010011
00000000000010101100000011
00000000000010110010000011
00000000000010110100000011
00000000000011000000010111
00000000000011000000101011
00000000000011000010001011
00000000000011000010100011
00000000000100000011101001
00000000000100000101010011
00000000000100000101011001
00000000000100001000011011
00000000000100001001001101
00000000000100001001101001
00000000000100001010001011
00000000000100001010010011
00000000000100001011000011
00000000000100001100010011
00000000000100010010000111
00000000000100010100010101
00000000000100010100100011
00000000000100011000010011
00000000000100011000010101
00000000000100011001000011
00000000000100011010000011
00000000000100100000101011
00000000000100100000110011
00000000000100100000111001
00000000000100100001000111
00000000000100100001010011
00000000000100100001100101
00000000000100100010000111
00000000000100100010100011
00000000000100100011000011
00000000000100100100100011
00000000000100100101000011
00000000000100101000011001
00000000000100101001000101
00000000000100101100000101
00000000000100110100000011
00000000000101000000011011
00000000000101000000110011
00000000000101000010010011
00000000000101000100000111
00000000000101000100001011
00000000000101000100010101
00000000000101000100100011
00000000000101000110000011
00000000000101001100000011
00000000000101010000010011
00000000000101011000000011
00000000000101100000100011
00000000000101100100000011
00000000000110000000001111
00000000000110000000011011
00000000000110000000101011
00000000000110000000110011
00000000000110000001001011
00000000000110000001100011
00000000000110000011000011
00000000000110000100001011
00000000000110000100100011
00000000000110001000010011
00000000000110010000001011
00000000000110100000000111
00000000001000000010001111
00000000001000000010010111
00000000001000000011101001
00000000001000000100100111
00000000001000000101000111
00000000001000000101100011
00000000001000001000010111
00000000001000001000101011
00000000001000001000101101
00000000001000001001010011
00000000001000001001100101
00000000001000001010000111
00000000001000001010001101
00000000001000001010011001
00000000001000001100101001
00000000001000010000010111
00000000001000010000011101
00000000001000010000101101
00000000001000010001000111
00000000001000010001110001
00000000001000010010001011
00000000001000010010001101
00000000001000010011000101
00000000001000010100010011
00000000001000011000001101
00000000001000011000010011
00000000001000011000100101
00000000001000011000101001
00000000001000011001000101
00000000001000011010000101
00000000001000100000001111
00000000001000100000101101
00000000001000100001001101
00000000001000100010000111
00000000001000100010100101
00000000001000100100000111
00000000001000100100011001
00000000001000101000001101
00000000001000101000100101
00000000001000101100000101
00000000001000110000001101
00000000001000110000011001
00000000001000110000100101
00000000001000110010001001
00000000001000110100000101
00000000001001000000011101
00000000001001000000100111
00000000001001000001000111
00000000001001000001100101
00000000001001000010001101
00000000001001000010101001
00000000001001000110000101
00000000001001001000000111
00000000001001001000010101
00000000001001001001000011
00000000001001001100000101
00000000001001010000000111
00000000001001010000001101
00000000001001010001000011
00000000001001011000000101
00000000001001100000010101
00000000001001100001000101
00000000001001110000000101
00000000001010000000001111
00000000001010000000101101
00000000001010000000110011
00000000001010000001001101
00000000001010000001010101
00000000001010000001100011
00000000001010000010100011
00000000001010000010100101
00000000001010000011000011
00000000001010000011000101
00000000001010000100100101
00000000001010000101000101
00000000001010001000001011
00000000001010001000001101
00000000001010001000010011
00000000001010001000010101
00000000001010001000100101
00000000001010001001000011
00000000001010010000001101
00000000001010011000000011
00000000001010100001000011
00000000001010101000000011
00000000001010110000000011
00000000001011000000000111
00000000001100000000010111
00000000001100000000101011
00000000001100000001010011
00000000001100000010100011
00000000001101000000000111
00000000010000000010001111
00000000010000000011100101
00000000010000000101001011
00000000010000000101010011
00000000010000000110001101
00000000010000000110010101
00000000010000000111000101
00000000010000000111001001
00000000010000001000100111
00000000010000001000101011
00000000010000001000101101
00000000010000001000110101
00000000010000001001001101
00000000010000001010010011
00000000010000001010101001
00000000010000001100001101
00000000010000001100101001
00000000010000001101010001
00000000010000001111000001
00000000010000010000001111
00000000010000010000011011
00000000010000010010000111
00000000010000010100010011
00000000010000011000100101
00000000010000100000001111
00000000010000100000011101
00000000010000100000110011
00000000010000100000111001
00000000010000100001001101
00000000010000100001011001
00000000010000100010000111
00000000010000100010001011
00000000010000100010001101
00000000010000100010101001
00000000010000100011000011
00000000010000100100010101
00000000010000110000001101
00000000010000110000010101
00000000010000110010000101
00000000010000110100001001
00000000010000110100010001
00000000010001000000011011
00000000010001000000111001
00000000010001000001010011
00000000010001000001100011
00000000010001000001101001
00000000010001000100001101
00000000010001000101000101
00000000010001000110001001
00000000010001001000001011
00000000010001001000001101
00000000010001001010000011
00000000010001001100001001
00000000010001010000010101
00000000010001010000011001
00000000010001010100000101
00000000010001011000001001
00000000010010000000011011
00000000010010000000011101
00000000010010000000101011
00000000010010000000101101
00000000010010000001000111
00000000010010000001010011
00000000010010000001100101
00000000010010000010001011
00000000010010000010011001
00000000010010000010101001
00000000010010000011001001
00000000010010000100101001
00000000010010000101000011
00000000010010000101000101
00000000010010000110000101
00000000010010001000001101
00000000010010001000010011
00000000010010001000011001
00000000010010001000100011
00000000010010001000101001
00000000010010001001000011
00000000010010001001001001
00000000010010001010000011
00000000010010010000100011
00000000010010010010000101
00000000010010011000000101
00000000010010100000001011
00000000010010100000001101
00000000010010100010000011
00000000010010100010000101
00000000010010101000000011
00000000010011000000001011
00000000010011000000001101
00000000010100000000100111
00000000010100000000110011
00000000010100000001001011
00000000010100000010001011
00000000010100000010001101
00000000010100000010010011
00000000010100000010100011
00000000010100000011000011
00000000010100000100010011
00000000010100001000100101
00000000010100001001000011
00000000010100010000001011
00000000010100010001000101
00000000010100010010000011
00000000010100010100000011
00000000010100100000001011
00000000010100100000001101
00000000010100100100000011
00000000010100101000000011
00000000010110000000010011
00000000010110000000100011
00000000010110000001000011
00000000010110000100000011
00000000010110010000000011
00000000100000000100110101
00000000100000000101100011
00000000100000001000101101
00000000100000001001000111
00000000100000001001010101
00000000100000001001101001
00000000100000001001110001
00000000100000001010011001
00000000100000001010110001
00000000100000001011000011
00000000100000001011100001
00000000100000010000011101
00000000100000010000111001
00000000100000010001010011
00000000100000010001011001
00000000100000010001100101
00000000100000010001101001
00000000100000010011010001
00000000100000010100011001
00000000100000010100110001
00000000100000011001010001
00000000100000011010010001
00000000100000100000011011
00000000100000100000101011
00000000100000100010101001
00000000100000100010110001
00000000100000100011001001
00000000100000100011010001
00000000100000100101010001
00000000100000100110100001
00000000100000101010010001
00000000100000110000001101
00000000100000110100100001
00000000100001000000011101
00000000100001000000110101
00000000100001000001011001
00000000100001000001100101
00000000100001000001110001
00000000100001000010010011
00000000100001000010010101
00000000100001000010100011
00000000100001000011000101
00000000100001000100010101
00000000100001000110010001
00000000100001001000010101
00000000100001001000100101
00000000100001010000001101
00000000100001010000100011
00000000100001010001000011
00000000100001011000000101
00000000100001011000010001
00000000100001100000011001
00000000100001100010000011
00000000100001100010000101
00000000100001110000010001
00000000100010000000100111
00000000100010000000101101
00000000100010000000110011
00000000100010000000111001
00000000100010000001001011
00000000100010000001010101
00000000100010000001100101
00000000100010000001110001
00000000100010000010000111
00000000100010000010010011
00000000100010000010011001
00000000100010000010100101
00000000100010000010101001
00000000100010000011010001
00000000100010000100000111
00000000100010000100001101
00000000100010000100110001
00000000100010000101000011
00000000100010000101001001
00000000100010000110001001
00000000100010001000001101
00000000100010001000110001
00000000100010001001000011
00000000100010001010000101
00000000100010001100001001
00000000100010010000010011
00000000100010010000011001
00000000100010010000100011
00000000100010010000100101
00000000100010010000110001
00000000100010010001010001
00000000100010010100000101
00000000100010100000010101
00000000100010100000100011
00000000100010100000101001
00000000100010100000110001
00000000100010100001000011
00000000100010110000001001
00000000100011000000010011
00000000100011000000011001
00000000100011000001000101
00000000100011000100000011
00000000100011001000000101
00000000100011010000000011
00000000100011010000000101
00000000100011100000001001
00000000100100000001000111
00000000100100000010001011
00000000100100000011000101
00000000100100000100000111
00000000100100000100010011
00000000100100001000010101
00000000100100010000010011
00000000100100010000011001
00000000100100010001000011
00000000100100010100000101
00000000100100011000000101
00000000100100100010000011
00000000100110000000100011
00000000100110000100000101
00000000100110001000000011
00000000101000000010000111
00000000101000000010010011
00000000101000000011000011
00000000101000000100010011
00000000101000000100010101
00000000101000001000010011
00000000101000001000100101
00000000101000010000010011
00000000101000010001000101
00000000101000100000010101
00000000101100000001000011
00000000101100000010000011
00000000101100000100000011
00000000110000001000001011
00000001000000010000110011
00000001000000010000111001
00000001000000010001001011
00000001000000010001010101
00000001000000010001101001
00000001000000010010100011
00000001000000010110000011
00000001000000100000011011
00000001000000100000101011
00000001000000100000110011
00000001000000100001010011
00000001000000100001110001
00000001000000100010000111
00000001000000100100110001
00000001000000100101100001
00000001000000101000100011
00000001000000101000101001
00000001000000101001100001
00000001000000101100000011
00000001000000110011000001
00000001000000110100100001
00000001000000111000100001
00000001000000111001000001
00000001000001000000101011
00000001000001000000101101
00000001000001000000110011
00000001000001000000111001
00000001000001000001001011
00000001000001000001010101
00000001000001000001100011
00000001000001000001101001
00000001000001000010001101
00000001000001000010010011
00000001000001000010011001
00000001000001000100001011
00000001000001000100010101
00000001000001000100100011
00000001000001000100100101
00000001000001000110100001
00000001000001001000000111
00000001000001001000100101
00000001000001001000110001
00000001000001001100100001
00000001000001010000100011
00000001000001010001000101
00000001000001010101000001
00000001000001011000001001
00000001000001011000100001
00000001000001100000001101
00000001000001100000100011
00000001000001100000100101
00000001000001100000101001
00000001000001100100000011
00000001000001100100100001
00000001000001101000000011
00000001000001101000001001
00000001000010000000100111
00000001000010000000101011
00000001000010000001000111
00000001000010000001001011
00000001000010000001001101
00000001000010000001010101
00000001000010000001100011
00000001000010000001101001
00000001000010000001110001
00000001000010000010010101
00000001000010000010100101
00000001000010000010101001
00000001000010000011001001
00000001000010000011010001
00000001000010000011100001
00000001000010000100010011
00000001000010000100100101
00000001000010000100101001
00000001000010000101001001
00000001000010001000000111
00000001000010001000001011
00000001000010001000001101
00000001000010001000100011
00000001000010001000110001
00000001000010001001000011
00000001000010001001000101
00000001000010001001001001
00000001000010001010001001
00000001000010010000011001
00000001000010010000100101
00000001000010010000101001
00000001000010010001000101
00000001000010010100010001
00000001000010011000010001
00000001000010100000001011
00000001000010100000100101
00000001000010100000101001
00000001000010100001100001
00000001000010100010000011
00000001000010100100010001
00000001000010101000001001
00000001000011000000100011
00000001000011000000100101
00000001000011000000110001
00000001000011000001000101
00000001000011000010010001
00000001000011000100001001
00000001000011100000001001
00000001000011100000010001
00000001000100000010000111
00000001000100000010001011
00000001000100000010100011
00000001000100000010100101
00000001000100000011000011
00000001000100000011001001
00000001000100000100100011
00000001000100000100101001
00000001000100000101000101
00000001000100000101010001
00000001000100000110001001
00000001000100001000100011
00000001000100001001001001
00000001000100010000100011
00000001000100100001000011
00000001000100100010000101
00000001000100100100000011
00000001000100101000000011
00000001000101000000100011
00000001000101000000101001
00000001000101000010000011
00000001000101000100000101
00000001000101001000000011
00000001000110000000100101
00000001000110000000101001
00000001000110000001000011
00000001000110000100000011
00000001000110001000000101
00000001001000000100000111
00000001001000000101000011
00000001001000001000001011
00000001001000001000010101
00000001001000001000100101
00000001001000010000001101
00000001001000010000100101
00000001001000011000000101
00000001001000100000100101
00000001001000100001000101
00000001001001000010000101
00000001001010000010000101
00000001001010000100000101
00000001001010001000000101
00000001001100000100000011
00000001010000001000000111
00000001010000001001000011
00000001010001000000100011
00000001010010000001000011
00000001010100000010000011
00000010000001000000101011
00000010000001000001000111
00000010000001000001001011
00000010000001000001001101
00000010000001000001011001
00000010000001000001100101
00000010000001000001110001
00000010000001000010010101
00000010000001000100101001
00000010000001000101001001
00000010000001010000100101
00000010000001010001000011
00000010000010000001000111
00000010000010000010000111
00000010000010000010001011
00000010000010000010011001
00000010000010000010110001
00000010000010000011000011
00000010000010000011100001
00000010000010000100001011
00000010000010000100101001
00000010000010000101000011
00000010000010000101000101
00000010000010000101010001
00000010000010000101100001
00000010000010001000001011
00000010000010001000001101
00000010000010001000010011
00000010000010001000100101
00000010000010001001000011
00000010000010001001000101
00000010000010001001001001
00000010000010001001010001
00000010000010001001100001
00000010000010010000100011
00000010000010010000110001
00000010000010010001000011
00000010000010010001000101
00000010000010010001001001
00000010000010010001010001
00000010000010010001100001
00000010000010010010000101
00000010000010011000100001
00000010000010100001000011
00000010000010100001000101
00000010000010100001010001
00000010000010100001100001
00000010000010101000010001
00000010000010101000100001
00000010000010110000100001
00000010000011000000100101
00000010000011000000110001
00000010000011000001000011
00000010000011000001100001
00000010000011000100000101
00000010000011010000010001
00000010000011010000100001
00000010000100000010001011
00000010000100000100000111
00000010000100000100010011
00000010000100000100011001
00000010000100000100100011
00000010000100000101000011
00000010000100000101001001
00000010000100001000001011
00000010000100001000010101
00000010000100001001010001
00000010000100010000010011
00000010000100010001001001
00000010000100100000100011
00000010000100100001000101
00000010000100100010000011
00000010000100100010001001
00000010000101000000101001
00000010000101000001000011
00000010000110000001000101
00000010000110000010000011
00000010000110001000001001
00000010001000000100100101
00000010001000001000001011
00000010001000001000010011
00000010001000001001000011
00000010001000001001000101
00000010001000001001010001
00000010001000010000010101
00000010001000010001001001
00000010001000010010000101
00000010001000010100000101
00000010001000100000100101
00000010001000110000001001
00000010001001000001000101
00000010001001000100001001
00000010001010000010000101
00000010001010000100000101
00000010001100000100000101
00000010001100001000001001
00000010010000010000011001
00000010010000010000100011
00000010010000010001001001
00000010010000100000100101
00000010010000100000101001
00000010010000100001000101
00000010010000100010000011
00000010010001000001000011
00000010010001000001001001
00000010010001000100000101
00000010100000100000100011
