000000000001100110101011111
000000000010110111100011011
000000000010111001110010111
000000000101001010110011111
000000000101010111001001111
000000000101100110101001111
000000000101101110110000111
000000000101110100101110011
000000000110010101100101111
000000000110100101100110111
000000000110101110110000111
000000001000110100101110111
000000001000111010011110101
000000001000111101000111101
000000001001011100100111101
000000001001011100101110101
000000001001101010100111101
000000001001101011110001011
000000001001111000110110101
000000001010011011010011011
000000001010011110010011101
000000001010100001111110011
000000001010101011100100111
000000001010110000111110011
000000001010110011011000111
000000001010111001010010111
000000001010111001110010011
000000001011000011011011011
000000001011000111011000111
000000001011010011010011011
000000001011010011011010011
000000001011011011010001011
000000001011100100011101011
000000001011100111000010111
000000001100010110100110111
000000001100101011100101011
000000001100101110100101011
000000001101000111001011011
000000001101001010110011011
000000001101010101100011011
000000001110010010010101111
000000010000011101001110111
000000010000111101100110101
000000010001010111001010111
000000010001011011001011011
000000010001100101010011111
000000010001101100011101101
000000010001101101010001111
000000010001111001100011101
000000010001111100011001101
000000010010010011010111101
000000010010011101010001111
000000010010011110010101011
000000010010011111000110101
000000010010100111010100111
000000010010101110010101011
000000010010110100011101011
000000010010110110010111001
000000010011000011011011011
000000010011001011001011011
000000010011001011011001011
000000010011001101011000111
000000010011010011100010111
000000010011010101100010111
000000010011010111000010111
000000010011010111100010011
000000010011010111101000011
000000010011011011001010011
000000010011011101010001101
000000010011100111001001011
000000010011110001001110101
000000010100011001101101011
000000010100011010010111011
000000010100011011100011011
000000010100011100011011101
000000010100011100101100111
000000010100100110110001111
000000010100101001111001101
000000010100101100101010111
000000010100110110001101101
000000010100110110100011101
000000010100111001100100111
000000010100111001101000111
000000010101010001111001101
000000010101011000110110011
000000010101100010111001101
000000010101101000111100011
000000010101101011100010011
000000010101110100011010011
000000010101110110100001101
000000010110000101100110111
000000010110001100011011011
000000010110010001101010111
000000010110010111000010111
000000010110010111001010011
000000010110011001010010111
000000010110011100010011101
000000010110100010111100011
000000010111100011010010011
000000010111100100101010011
000000011000011001011011011
000000011000011010011011011
000000011000111010100110011
000000011001010001101001111
000000011001010101001001111
000000011001010110001010111
000000011001011000101010111
000000011001011001011001011
000000011001011010001011011
000000011001011010011001011
000000011010001100001110111
000000011010001110010010111
000000011010010101001100111
000000011010011001010011011
000000011010100110010100111
000000011011000101011000111
000000100000110100101110111
000000100000110111000110111
000000100000111100110101011
000000100001001100011111011
000000100001100110001011111
000000100001100110101011011
000000100001101101001101101
000000100001110001010111011
000000100001110011010001111
000000100001110111001001101
000000100001111001001110101
000000100010011100010101111
000000100010101100011011011
000000100010101110010100111
000000100010110010001111011
000000100010110111001000111
000000100010111010010100111
000000100011000011001011111
000000100011000101111101001
000000100011001011000101111
000000100011001100101001111
000000100011001101000101111
000000100011001111010001011
000000100011010001111101001
000000100011010011000101111
000000100011010011001010111
000000100011100010110101101
000000100100011101100011101
000000100100101011100111001
000000100100111000100101111
000000100100111101000111001
000000100100111101100010101
000000100101000101101101101
000000100101000101111100011
000000100101001101001101101
000000100101001101101001101
000000100101010111000100111
000000100101010111001000111
000000100101011000011001111
000000100101011001100011101
000000100101011101000110011
000000100101011101000111001
000000100101011101100001101
000000100101100101000110111
000000100101100111000010111
000000100101101101001100101
000000100101110100100111001
000000100101111100000111001
000000100110000001011101111
000000100110000011011010111
000000100110001101010001111
000000100110001110010010111
000000100110100001110011101
000000100110100010111100011
000000100110100011100110101
000000100110100111000100111
000000100110101001110001101
000000100110110101100010101
000000100111000101101001101
000000100111000101111000101
000000100111000110101010011
000000100111001101010001011
000000100111001110010010011
000000100111010000111100101
000000100111110010101000101
000000101000011000101111101
000000101000011111010100011
000000101000100011011001111
000000101000100100110101111
000000101000101001101101101
000000101000101010011101101
000000101000101100101101101
000000101000110011010001111
000000101000110100100110111
000000101000110100101100111
000000101000110110000110111
000000101000111000110110101
000000101000111001000111101
000000101000111001001010111
000000101000111001001011011
000000101000111100110001101
000000101001001111010100011
000000101001010010011011101
000000101001010110010110011
000000101001100011011001101
000000101001100100111001011
000000101001101001101001101
000000101001101100001101101
000000101001101100101001101
000000101001110011001001101
000000101001110100100110101
000000101001111101000010011
000000101010010010110110011
000000101010101100011001011
000000101010111100001001101
000000101011000011011000111
000000101011000111011000011
000000101011001001011100011
000000101011001101001100011
000000101011001110010001011
000000101011010011010100011
000000101011011000001100111
000000101100001001110011101
000000101100010101101100011
000000101100011001001011101
000000101100011001011001101
000000101100011100010011011
000000101100011100100011101
000000101100100000111010111
000000101100100001110101011
000000101100100001111000111
000000101100101001100101101
000000101100110001100101011
000000101100111100100010011
000000101101010101000110011
000000101101011100000110011
000000101101100011010100011
000000101110010010110100011
000000101110110000110100011
000000101110110010010100011
000000101111000110100000111
000000101111010011010000011
000000101111110000010100011
000000110000101001100101111
000000110000101010001111011
000000110000110001010111011
000000110000110011010101011
000000110000110100101010111
000000110000110101000110111
000000110000111011000101011
000000110001000011111001011
000000110001000101101110011
000000110001010011001010111
000000110001010101001011011
000000110001010111001010011
000000110010000101011011011
000000110010000101011100111
000000110010010101001110011
000000110010100001010011111
000000110010100010010011111
000000110010100011010010111
000000110010100011010011011
000000110010100011010100111
000000110010110110000101011
000000110100101000100110111
000000110101000001101100111
000000110101011010001000111
000000111000110100000110111
000000111001010010001010111
000001000001000110111101011
000001000001010110011010111
000001000001100110101001111
000001000001100110101100111
000001000010001011101100111
000001000010010101100110111
000001000010010111110001011
000001000010011011010011011
000001000010011100010111011
000001000010011101010011101
000001000010111000101110011
000001000011000001011110111
000001000011001100010111101
000001000011001101000101111
000001000011001101000111101
000001000011001101010100111
000001000011001111010001101
000001000011010100011011101
000001000011011000011011011
000001000011011001001011011
000001000011011010010011011
000001000011011011000011011
000001000011011100011010101
000001000011011101100010101
000001000011100110101001011
000001000011101010011001101
000001000011110010010011101
000001000011110101100110001
000001000100001100110111101
000001000100010011011010111
000001000100011010110001111
000001000100011011101001011
000001000100100110110101101
000001000100101101100101101
000001000100110000101110111
000001000100110010100110111
000001000101000110101001111
000001000101010011100011011
000001000101011000111110001
000001000101011010100010111
000001000101100110101001011
000001000101100111001001011
000001000101101000101101101
000001000101101000111011001
000001000101101001001101101
000001000101101100100101101
000001000101101101000101101
000001000101110001011110001
000001000101110001100110101
000001000101110010001110101
000001000101111011000010011
000001000110000101100101111
000001000110001011110001011
000001000110011001011100101
000001000111000010110110011
000001000111001001010110101
000001000111001011010001101
000001000111010011101001001
000001000111011000101101001
000001000111011000111001001
000001000111101000011011001
000001000111101000100111001
000001000111101000101011001
000001000111101000111001001
000001001000011001001110111
000001001000101001001110111
000001001000101011011000111
000001001000101111000110101
000001001000110101000111101
000001001000111000011110101
000001001000111010000111011
000001001000111101000110101
000001001001000011011011011
000001001001000101101101101
000001001001001010011011011
000001001001001100101101101
000001001001010011011011001
000001001001010110011000111
000001001001011010011011001
000001001001011100010101101
000001001001011100010111001
000001001001011101000110011
000001001001100010100101111
000001001001100101101101001
000001001001100111000101011
000001001001101100101101001
000001001001110110100011001
000001001001110111000101001
000001001010001010110011011
000001001010001011010011011
000001001010010000110011111
000001001010010011010011011
000001001010010011011001011
000001001010010011011010011
000001001010011001010011011
000001001010011001011010011
000001001010011010000111011
000001001010011010001011011
000001001010011010010011011
000001001010011011000011011
000001001010011011010001011
000001001010011011010010011
000001001010011100010011101
000001001010100110001001111
000001001010110110001000111
000001001010111000001110011
000001001011001010010011011
000001001011001101010010101
000001001011001110110000011
000001001011010001010011011
000001001011010011001010011
000001001011011001001010011
000001001011100010101100011
000001001100000111110100101
000001001100001101100101101
000001001100010010001111011
000001001100010100001111011
000001001100010100001111101
000001001100011001011010101
000001001100011001110010101
000001001100100011100101011
000001001100100101100101101
000001001100100101101001101
000001001100100101101100101
000001001100101001100101101
000001001100101001101100101
000001001100101011100100011
000001001100101100001101101
000001001100101100011010101
000001001100101100100101101
000001001100101101000101101
000001001100101101100001101
000001001100101101100100101
000001001100111000101001011
000001001100111100000110101
000001001101000011010101011
000001001101001100100101101
000001001101001110010001101
000001001101010010110001101
000001001101011000111000101
000001001101011101000010011
000001001101100001100101101
000001001101100101001100101
000001001101101001001100101
000001001101111010000010101
000001001110000011101001011
000001001110000101110001101
000001001110001010110001011
000001001110001101110000101
000001001110101000110100101
000001001111001101000010101
000001001111010110001000101
000001010000100100011111011
000001010000100101011011101
000001010000110001001111011
000001010000110010010110111
000001010000110010010111101
000001010000111001000111011
000001010001000011011011011
000001010001000011101101101
000001010001000100101110111
000001010001001011011010011
000001010001001101011100011
000001010001010010001101111
000001010001010011001011011
000001010001011011001010011
000001010001011011010010011
000001010001100010010101111
000001010001100010010111101
000001010001100010101011011
000001010001100110001011011
000001010001101100001110011
000001010001101100010001111
000001010001110011000101101
000001010010000111011001101
000001010010001011101000111
000001010010001011101100011
000001010010001100010110111
000001010010010011001011011
000001010010011000011011011
000001010010011001010011011
000001010010011001011001011
000001010010011010011010011
000001010010011011011000011
000001010011000011011001011
000001010011000101000011111
000001010011001001001011011
000001010011001011011000011
000001010011010001100101011
000001010011010010011001011
000001010011010010011010011
000001010011010011001001011
000001010011010011010010011
000001010011011011001000011
000001010100001001001111011
000001010100001100100111101
000001010100001111011000011
000001010100010011100011011
000001010100010011101100011
000001010100011010010110011
000001010100011011100010011
000001010100101011011000011
000001010100101101011000011
000001010100101101100100011
000001010100111011000010011
000001010110001001110001011
000001010110010000111010011
000001010110011100100001011
000001010110100111000100011
000001010111001010010001101
000001010111100010001001101
000001011000010001001101111
000001011000011000100111011
000001011000011001010011011
000001011000100001110100111
000001011000100111000011101
000001011001001010011010011
000001011001010010001011011
000001011001010010011001011
000001011001010010011010011
000001011001010110001010011
000001011001011001010010011
000001011001011010001010011
000001011010010001010011011
000001011010011000010011011
000001011010011001010001011
000001011010011001010010011
000001011011000010011001011
000001011011000101010100011
000001011011001001001010011
000001011011001010010010011
000001011011001010011000011
000001011011010001010010011
000001011011011010001000011
000001011011100010101000011
000001011100010010100011011
000001011100011010100010011
000001011100100001100101011
000001011100101001100100011
000001011101001010000110011
000001011110001000110001011
000001100001000110111010011
000001100001000111101010011
000001100001001010001110111
000001100010000101011011011
000001100010001010010101111
000001100010001010010110111
000001100010010001001101111
000001100010010100011101011
000001100010100011101001011
000001100010100100011011011
000001100010100100100111011
000001100011001010000101111
000001100100001010011100111
000001100100001010110110011
000001100101000011000101111
000001100110001010101001011
000001100110010101001001011
000001100110101000100101011
000001101000100010100101111
000001101001000011010101011
000001101010100100001001111
000001111000010001000101111
000010000100010110100110111
000010000100010111100010111
000010000100100011010011111
000010000100110101110100011
000010000100111000100110111
000010000100111011010001011
000010000100111101001100101
000010000101001101000111101
000010000101010000111110011
000010000101011000101110011
000010000101011011001000111
000010000110001001101010111
000010000110010110100011011
000010001000010010110011111
000010001000100100101011111
000010001000101000011111011
000010001000101101000111101
000010001000110100100101111
000010001000110110001111001
000010001000110110010100111
000010001000111100101100101
000010001000111101000101101
000010001000111110000110101
000010001001000100101111101
000010001001001011010011011
000010001001001111100010011
000010001001010100100101111
000010001001010110010100111
000010001001010111000100111
000010001001011000011011011
000010001001011000111010101
000010001001011000111110001
000010001001011001011001011
000010001001011010001011011
000010001001011010011010011
000010001001011011011000011
000010001001011100010101101
000010001001011111000100101
000010001001100111000101101
000010001001101100101010011
000010001001111000101100101
000010001010000110110110101
000010001010001011010011011
000010001010001011011011001
000010001010001110010111001
000010001010001110110110001
000010001010010011011001011
000010001010010110100011011
000010001010010111110001001
000010001010011000011111001
000010001010011010011011001
000010001010011011001001011
000010001010011011010001011
000010001010011110100001101
000010001010110010011101001
000010001010110110001101001
000010001010111000010111001
000010001010111000011101001
000010001010111010001101001
000010001010111010010001101
000010001010111110000110001
000010001011000010011110101
000010001011000011011010011
000010001011001001011001011
000010001011001001011010011
000010001011001011001001011
000010001011001011001011001
000010001011001011010010011
000010001011010000110110011
000010001011010010010011011
000010001011010010101000111
000010001011010011011000011
000010001011010011011001001
000010001011011000011011001
000010001011011010001011001
000010001011100001011110001
000010001100001110101011001
000010001100010110100010111
000010001100011110001011001
000010001100011111001001001
000010001100100010100101111
000010001100100011010011011
000010001100101100001011101
000010001100101100100011101
000010001100101100101110001
000010001100111000101100101
000010001101000010110010111
000010001101000010111010011
000010001101000011001010111
000010001101000011101010011
000010001101010011101000011
000010001101100100010100111
000010001101100101000100111
000010001101100101010100101
000010001101101010100001011
000010001101101100001110001
000010001101110000101100101
000010001110000110100011011
000010001110000110110010101
000010001110010110100010011
000010001110011001100001101
000010001111010000111001001
000010001111100010100001011
000010001111101001010001001
000010010001000101001111101
000010010001000101011001111
000010010001000101011010111
000010010001000111001010111
000010010001001011001011011
000010010001001011011001011
000010010001001011011010011
000010010001010010011110101
000010010001010011001011011
000010010001010011011011001
000010010001010110110000111
000010010001010111001000111
000010010001011001001011011
000010010001011001010011011
000010010001011001011011001
000010010001011010001011011
000010010001011010011001011
000010010001011011000011011
000010010001011011001001011
000010010001011011001010011
000010010001011011001011001
000010010001011100001101011
000010010001011100010001111
000010010001011100011001101
000010010001100101100110101
000010010001111101001000101
000010010010000101011011101
000010010010001011100111001
000010010010001101111000101
000010010010010001011011011
000010010010011101100010101
000010010010011101110000101
000010010010101000011110011
000010010010101110011000101
000010010010110110001010101
000010010010110111000010101
000010010011000110101000111
000010010011001010001011011
000010010011001011010001011
000010010011001101010000111
000010010011010001001011011
000010010011011010010001011
000010010011110010001010101
000010010011110110001000101
000010010100001011100011011
000010010100010001110011011
000010010100010101100010111
000010010100010101110010011
000010010100010111100010101
000010010100011011100001011
000010010100011100001011101
000010010100011100011001101
000010010100011100110010011
000010010100100010101100111
000010010101000011110010011
000010010101000111010010011
000010010101001001000111011
000010010101001101000111001
000010010101010011001000111
000010010110000101000110111
000010010110000101100110101
000010010110001101000110101
000010010110010100010011101
000010010110011010100001011
000010011000011000101011101
000010011000011010001011011
000010011000101000010111011
000010011000101000011110011
000010011000110100010100111
000010011000111100100010101
000010011001000110001010111
000010011001001010001011011
000010011001010011110000101
000010011001010110001000111
000010011001011010001001011
000010011001011010001010011
000010011001011010001011001
000010011010001001010011011
000010011010001001011001011
000010011010001001011010011
000010011010010001011001011
000010011010011001010001011
000010011010011010001001011
000010011010100010110100011
000010011011000011011000101
000010011011001010001001011
000010011011010001001001011
000010011011010001011000011
000010011011010010010001011
000010011100001010100011011
000010011100010100100010111
000010011100010110100010101
000010011100011010100001011
000010011101010000110001011
000010011101010001101000011
000010011101100010101000011
000010100010001000101011111
000010100010001001011001111
000010100010010001010111101
000010100010011000101001111
000010100010011000110101101
000010100010100100011010111
000010100010101110010001011
000010100010111100010001101
000010100011011100010001011
000010100011100010011010011
000010100011101010001001101
000010100100010001111001011
000010100100010011100010111
000010100100010111100010011
000010100100011101100001101
000010100100100111010100011
000010100100110011000011101
000010100101011100010001011
000010100110101000100101011
000010100110101100010001011
000010100111100001100100011
000010101000100110000110111
000010101000101001000111101
000010101000111001000101101
000010101001000101101010011
000010101001000110010100111
000010101001001101101000011
000010101100001100100011101
000010101100010010100010111
000010101100010110100010011
000010101100100100110001101
000010101101000011001001011
000010101110010001101000011
000010110000110101000100111
000010110001000101001101101
000010110001000111001010011
000010110001000111010010011
000010110001010011001000111
000010110100010001100010111
000010110100010101100010011
000010111001000110001010011
000010111001010010001000111
000010111100010100100010011
000010111100010100100100011
000011000100100101000110111
000011000101110010001001011
000011001000100101000101111
000011001000101001001110011
000011001000101010010010111
000011001001010010001011011
000011001001011010001010011
000011001010001001010011011
000011001010001010010011011
000011001010010010001011011
000011001010010011010001011
000011001010011010010001011
000011010001001001010011011
000011010001010001001011011
000011010001010010001011011
000011010001010011001001011
000011010010001000110100111
000011010010001001010011011
000011011000100010010100111
000011011001010010001000111
