00000000000000010001101011111
00000000000000010101100011111
00000000000000010101110010111
00000000000000011000110101111
00000000000000011001010101111
00000000000000011100010110111
00000000000000100100101110111
00000000000000100100110101111
00000000000000100101011001111
00000000000000101110100100111
00000000000000101110110000111
00000000000000110010010101111
00000000000000110011001010111
00000000000001000111010011101
00000000000001001100010101111
00000000000001010011101000111
00000000000001010101100011011
00000000000001010111001001011
00000000000001011001001010111
00000000000001100011010001111
00000000000001100100010101111
00000000000001100100101010111
00000000000001100101000011111
00000000000001101010001001111
00000000000001101101010000111
00000000000010001010110001111
00000000000010001011000111011
00000000000010001101001010111
00000000000010010010011110101
00000000000010010011001010111
00000000000010011001001010111
00000000000010011010010100111
00000000000010101001001001111
00000000000010101110001001101
00000000000010110011000011101
00000000000010111000010010111
00000000000010111001001100011
00000000000011000010101011011
00000000000011011001010000111
00000000000100000101110010111
00000000000100000110110101011
00000000000100001000110011111
00000000000100001010111001101
00000000000100001110100110101
00000000000100010010111110001
00000000000100010011000111101
00000000000100010101100011011
00000000000100010111000011011
00000000000100011000101001111
00000000000100011001001001111
00000000000100011001001011101
00000000000100011001010011101
00000000000100011011101001001
00000000000100011101011001001
00000000000100100101010001111
00000000000100100101011000111
00000000000100100110001001111
00000000000100100110001010111
00000000000100100111001010101
00000000000100101001101001101
00000000000100101011001000111
00000000000100101100011011001
00000000000100101110000110011
00000000000100101110100001011
00000000000100110000111010101
00000000000100110010100011101
00000000000100110011101000011
00000000000100110100100011101
00000000000100110110000111001
00000000000100110110101000011
00000000000100111010100001101
00000000000101000001110011101
00000000000101000110010010111
00000000000101000111100010011
00000000000101001011000100111
00000000000101001101010000111
00000000000101010000110110011
00000000000101010001100011011
00000000000101010001110010011
00000000000101010010000110111
00000000000101010010011100011
00000000000101010100100100111
00000000000101010110100100011
00000000000101010110110000011
00000000000101011000010010111
00000000000101011010000101011
00000000000101011011001000011
00000000000101011110000010011
00000000000101100010011010011
00000000000101100100101100011
00000000000101100110000011101
00000000000101100110101000011
00000000000101110000101010011
00000000000101110100001010011
00000000000110000010101100111
00000000000110000100110101011
00000000000110000101100110011
00000000000110000110010101011
00000000000110001001001001111
00000000000110001101000101011
00000000000110001110100001011
00000000000110010010010100111
00000000000110010010101000111
00000000000110010011001010011
00000000000110010100000101111
00000000000110010100101000111
00000000000110010101001000111
00000000000110011001010001011
00000000000110011001100001011
00000000000110100110000101011
00000000001000001001100101111
00000000001000001001110100111
00000000001000001101000111011
00000000001000010001111101001
00000000001000010010100011111
00000000001000010111001101001
00000000001000011100100110101
00000000001000100001101010111
00000000001000100011110010101
00000000001000100101100010111
00000000001000100110001011011
00000000001000100110010100111
00000000001000101011000101101
00000000001000101101000111001
00000000001000101110000100111
00000000001000101111000010011
00000000001000110001001011011
00000000001000110010101001011
00000000001000110100001110101
00000000001000110110001010011
00000000001000111000101001011
00000000001000111100001001101
00000000001000111100100010101
00000000001001000001110011101
00000000001001000011101001101
00000000001001001000001110111
00000000001001001001110010101
00000000001001001010001110101
00000000001001001101000100111
00000000001001010000011111001
00000000001001010000100110111
00000000001001010001101000111
00000000001001010010001111001
00000000001001010101000111001
00000000001001010110010001011
00000000001001011110001000101
00000000001001100000111100101
00000000001001100010100001111
00000000001001100011010000111
00000000001001100100101000111
00000000001001100100101100101
00000000001001100110101000011
00000000001001101000011100101
00000000001001101011000000111
00000000001001101011100000011
00000000001001101110000010101
00000000001001110000001011101
00000000001001110000010101011
00000000001001110000101010011
00000000001001110000101100101
00000000001001110010000011101
00000000001001110010100000111
00000000001001110010100010011
00000000001001111000000011101
00000000001001111010100000011
00000000001010000001101100111
00000000001010000001110011011
00000000001010000001110011101
00000000001010000010110110011
00000000001010000100101100111
00000000001010000101001100111
00000000001010000101100110101
00000000001010000110011010101
00000000001010001001101000111
00000000001010001001110001101
00000000001010001010010011101
00000000001010001011000110101
00000000001010001110010010101
00000000001010010001011001011
00000000001010010011000100111
00000000001010010011000101011
00000000001010010100110010101
00000000001010010110100000111
00000000001010011001001001101
00000000001010011001100000111
00000000001010011010010001101
00000000001010011011000010101
00000000001010100000011110011
00000000001010100000101110011
00000000001010100000111001101
00000000001010100000111010011
00000000001010100001011001101
00000000001010100001011010011
00000000001010100001100011011
00000000001010100001110010011
00000000001010100011000011011
00000000001010100011001001011
00000000001010100011011000011
00000000001010100100110000111
00000000001010100110000110101
00000000001010100110001001011
00000000001010100110010000111
00000000001010101001100001101
00000000001010101001100010011
00000000001010101101100000011
00000000001010110001100001011
00000000001010110011000001011
00000000001011000000101110011
00000000001011000011000101011
00000000001011000100011001011
00000000001011000111000001011
00000000001011001110010000011
00000000001011010111000000011
00000000001011100000001110011
00000000001011100101001000011
00000000001100000010101011011
00000000001100000010111000111
00000000001100000101100011011
00000000001100000101100101011
00000000001100000110001101011
00000000001100000110010101011
00000000001100001001010110011
00000000001100001010010010111
00000000001100001010100011011
00000000001100001101000010111
00000000001100001101010010011
00000000001100010001011001011
00000000001100010010101001011
00000000001100010010110001011
00000000001100010100100001111
00000000001100100100101000111
00000000001100100101000010111
00000000001100100101001000111
00000000001100101000000011111
00000000001100101010100001011
00000000001101000010011000111
00000000010000000010111001111
00000000010000010001110110101
00000000010000010011011100101
00000000010000010011101100101
00000000010000010110010111001
00000000010000010110101100011
00000000010000100010111100011
00000000010000100011111001001
00000000010000101001001110101
00000000010000101001100101011
00000000010000101010001101101
00000000010000101100011001101
00000000010000101101100001101
00000000010000110001010010111
00000000010000110010100111001
00000000010000110100010101101
00000000010000110100011010101
00000000010000110110010101001
00000000010000111001001010011
00000000010000111001010010011
00000000010000111100100011001
00000000010001000001010011111
00000000010001000001101011011
00000000010001000001111010101
00000000010001000010101011011
00000000010001000100100111101
00000000010001000101000111101
00000000010001000101011000111
00000000010001000110000111101
00000000010001001000101111001
00000000010001001001010001111
00000000010001001001011000111
00000000010001001001111010001
00000000010001001010010111001
00000000010001001011001000111
00000000010001001100101000111
00000000010001001101000111001
00000000010001001101001000111
00000000010001001110001011001
00000000010001001110001101001
00000000010001010000101011011
00000000010001010000110110011
00000000010001010001100011011
00000000010001010010010011101
00000000010001010011100110001
00000000010001010100001011011
00000000010001010100011010011
00000000010001011000000110111
00000000010001011000100110101
00000000010001011010010100011
00000000010001011011000000111
00000000010001011100001001101
00000000010001011100001010011
00000000010001100011010001011
00000000010001100100010101101
00000000010001100100011101001
00000000010001100101000011101
00000000010001100110001011001
00000000010001101001010011001
00000000010001101010001011001
00000000010001101100000101011
00000000010001101101010000011
00000000010001101101100000101
00000000010001110000010101101
00000000010001110010010010101
00000000010001110100001101001
00000000010001111001000001011
00000000010001111010001000011
00000000010010000001111010011
00000000010010000010111100011
00000000010010000110010101101
00000000010010001010010010111
00000000010010001011000111001
00000000010010001101000111001
00000000010010010000010111101
00000000010010010001101010011
00000000010010010100010011101
00000000010010010100011000111
00000000010010010100101000111
00000000010010010100110010101
00000000010010010101000011011
00000000010010010101000011101
00000000010010010101100010101
00000000010010011100010100101
00000000010010100000101110011
00000000010010100001101100101
00000000010010100001110010011
00000000010010100001110100011
00000000010010100010011100011
00000000010010100010110000111
00000000010010100010110001011
00000000010010100010110001101
00000000010010101000001001111
00000000010010101000001111001
00000000010010101000100100111
00000000010010101001100001011
00000000010010101010100000111
00000000010010101010110000011
00000000010010101100000111001
00000000010010101110000010011
00000000010010101110000011001
00000000010010101110010000011
00000000010010110001001100101
00000000010010110001100010011
00000000010010111100000100011
00000000010011000000111001011
00000000010011000001110010101
00000000010011000001110100101
00000000010011000010010111001
00000000010011000011000100111
00000000010011000011010100101
00000000010011000110000101101
00000000010011000110001010011
00000000010011010100010000111
00000000010011010100011000011
00000000010011010100101000011
00000000010011100000111000101
00000000010011100010010001011
00000000010011100011000010011
00000000010011100100101000101
00000000010100000001101100111
00000000010100000001110011011
00000000010100000011001010111
00000000010100000011011010011
00000000010100000101001011011
00000000010100000101100110101
00000000010100000110011001101
00000000010100000110110100011
00000000010100001000001101111
00000000010100001000011110011
00000000010100001000101100111
00000000010100001000111010011
00000000010100001001001010111
00000000010100010001100101011
00000000010100010010001011011
00000000010100010010001100111
00000000010100010010011100011
00000000010100010010100100111
00000000010100010100100110011
00000000010100010101000110101
00000000010100010110000110011
00000000010100010110000110101
00000000010100100000011110011
00000000010100100000111001101
00000000010100100001101001101
00000000010100100010011000111
00000000010100100010011010011
00000000010100100011010001011
00000000010100100100011000111
00000000010100100100100010111
00000000010100100100100011101
00000000010100100101100010101
00000000010100100110001001011
00000000010100101001000100111
00000000010100101001100001101
00000000010100101001100100011
00000000010100110010000100111
00000000010100110010100000111
00000000010100110100000011101
00000000010100110101000001101
00000000010100111001010000011
00000000010100111100000100011
00000000010101000001100011011
00000000010101000011000011011
00000000010101000100101001101
00000000010101000100110001101
00000000010101000110000011011
00000000010101001010010010011
00000000010101001110000010011
00000000010101010001101000011
00000000010101100011000001011
00000000010101100101000000111
00000000010110000001011100011
00000000010110000010100100111
00000000010110000010101100011
00000000010110001000111000011
00000000010110001011001000011
00000000010110001110000010011
00000000010110010011000100011
00000000010110100001101000011
00000000010110100101000001011
00000000010110100110000100011
00000000010111000001001010011
00000000010111000011000010011
00000000010111001000101000011
00000000010111010000101000011
00000000011000000001010110111
00000000011000000011000111011
00000000011000000101001001111
00000000011000000110010101011
00000000011000001001000111011
00000000011000001010000101111
00000000011000010001010010111
00000000011000010001011010011
00000000011000010001101010011
00000000011000010010010101011
00000000011000010110001010011
00000000011000100000100101111
00000000011000100100101010011
00000000011001000100101000111
00000000011001010000101000111
00000000011001010001100001011
00000000011001010010000010111
00000000011001010100001001011
00000000011001010110000001011
00000000011010000001100010111
00000000011010000001110001011
00000000011010000010000110111
00000000011010000011000100111
00000000100000010010101100111
00000000100000010111001101001
00000000100000011001010110011
00000000100000011110010100011
00000000100000011111001100001
00000000100000100010010101111
00000000100000100011101001011
00000000100000100100110101011
00000000100000100110000111101
00000000100000101000010110111
00000000100000101011110001001
00000000100000101100011010101
00000000100000101100100101011
00000000100000101100101001011
00000000100000110000100110111
00000000100000110000101010111
00000000100000110000101100111
00000000100000110000110111001
00000000100000110001001010111
00000000100000110001010011011
00000000100000110001100010111
00000000100000110010100100111
00000000100000110011101000011
00000000100000110100100111001
00000000100000110100101011001
00000000100000111001001000111
00000000100000111001001010011
00000000100000111001001010101
00000000100000111100100100011
00000000100000111101000010011
00000000100001000100110001111
00000000100001000111110001001
00000000100001001001100110101
00000000100001001010011000111
00000000100001001100101010011
00000000100001010000011001111
00000000100001010000011101101
00000000100001010001001100111
00000000100001010001110010011
00000000100001010011101000101
00000000100001010011110010001
00000000100001010100001101101
00000000100001010100100100111
00000000100001011001000101101
00000000100001011001000111001
00000000100001011001001000111
00000000100001011001010001101
00000000100001011100001010011
00000000100001011100100100101
00000000100001011100101000101
00000000100001100000001011111
00000000100001100000010101111
00000000100001100000110111001
00000000100001100001010011011
00000000100001100011011010001
00000000100001100101100010011
00000000100001100110000011101
00000000100001100110010101001
00000000100001101000100101101
00000000100001101000100110101
00000000100001101001000100111
00000000100001101001000110101
00000000100001101001100010101
00000000100001101010000111001
00000000100001101010010011001
00000000100001101100010100011
00000000100001101101100000101
00000000100001110000101011001
00000000100001110000110110001
00000000100001110001010011001
00000000100001110100001011001
00000000100001110100010001101
00000000100001110110000001101
00000000100001111000001010011
00000000100001111000100010011
00000000100001111000100010101
00000000100001111001000100101
00000000100001111010100010001
00000000100010000000111101011
00000000100010000010111101001
00000000100010000011000111101
00000000100010000011011011001
00000000100010000011100101011
00000000100010000011110110001
00000000100010000100110101011
00000000100010000101001011101
00000000100010000101100101011
00000000100010001000101001111
00000000100010001000110100111
00000000100010001000111100101
00000000100010001001001101011
00000000100010001001011001011
00000000100010001001101000111
00000000100010001010000111011
00000000100010001010000111101
00000000100010001011000101101
00000000100010001011000111001
00000000100010001100001111001
00000000100010001100011010011
00000000100010001110000101011
00000000100010010000101010111
00000000100010010000101110011
00000000100010010001000101111
00000000100010010001101010101
00000000100010010010000111101
00000000100010010100001101011
00000000100010010100011101001
00000000100010010100101000111
00000000100010010110010001011
00000000100010011000010100111
00000000100010011000011101001
00000000100010011000101001101
00000000100010011010010000111
00000000100010011010010100011
00000000100010100010010111001
00000000100010100010110001101
00000000100010100100011001011
00000000100010100100100110011
00000000100010100110110000101
00000000100010100111001000011
00000000100010101000010110101
00000000100010101001001010101
00000000100010101011000001101
00000000100010101110001001001
00000000100010110000001111001
00000000100010110000011100101
00000000100010110001100010011
00000000100010110010000111001
00000000100010110010100100011
00000000100010110100001100011
00000000100010110101000001011
00000000100010111000001001011
00000000100010111000100001011
00000000100010111001001000101
00000000100010111100000100011
00000000100010111100100000011
00000000100011000001010101101
00000000100011000001110101001
00000000100011000010011011001
00000000100011000011010100011
00000000100011000110010100011
00000000100011001000010101011
00000000100011001001001010101
00000000100011001001011000101
00000000100011001010010000111
00000000100011001011000011001
00000000100011001011010000101
00000000100011010000011101001
00000000100011010011000100011
00000000100011010100001101001
00000000100011010101000001011
00000000100011010101000001101
00000000100011010101100000101
00000000100011011000100001101
00000000100011011000101000101
00000000100011100000001101101
00000000100011100000111001001
00000000100011100001011000101
00000000100100000001110100111
00000000100100000011101011001
00000000100100000011110010101
00000000100100000100110001111
00000000100100000100111001011
00000000100100000110010110101
00000000100100000110101011001
00000000100100001001001011101
00000000100100001001010001111
00000000100100001011000110011
00000000100100001011001010101
00000000100100001100001011101
00000000100100001100010101011
00000000100100001100011010101
00000000100100010000011011011
00000000100100010001011001011
00000000100100010001111001001
00000000100100010010011010011
00000000100100010010111000101
00000000100100010100110001101
00000000100100010100111001001
00000000100100010101000110011
00000000100100010111000100011
00000000100100011000010100111
00000000100100011000011001011
00000000100100011000011011001
00000000100100011001000011101
00000000100100011001000111001
00000000100100011001010000111
00000000100100011001010001101
00000000100100011001011000011
00000000100100011010000110101
00000000100100011100001010011
00000000100100011100010001101
00000000100100011100010100101
00000000100100011110010000101
00000000100100100011000111001
00000000100100100011101001001
00000000100100101001101000101
00000000100100101011000011001
00000000100101000000010011111
00000000100101000000011110011
00000000100101000001011100011
00000000100101000001100011011
00000000100101000010110010101
00000000100101000011010010101
00000000100101000100010111001
00000000100101000100011011001
00000000100101000100110100011
00000000100101000101000011011
00000000100101000110100011001
00000000100101001010010001011
00000000100101001010010001101
00000000100101001100010100011
00000000100101001101000100011
00000000100101001110000011001
00000000100101010001001100011
00000000100101010001011000011
00000000100101010011010000011
00000000100101010011100000101
00000000100101010101100000011
00000000100101010111000000011
00000000100101011001000000111
00000000100101011001010000011
00000000100101011010000100011
00000000100101011100000010011
00000000100101011100010000011
00000000100101100000101010011
00000000100101100001010011001
00000000100101100001100000111
00000000100101100010100010011
00000000100101100011000010101
00000000100101100100100001011
00000000100101111000000010011
00000000100110000010010100111
00000000100110000010101001101
00000000100110000011001001011
00000000100110000100101000111
00000000100110000100101010011
00000000100110000110001001101
00000000100110000110101000011
00000000100110001000011001011
00000000100110001101010000011
00000000100110010100101000011
00000000100110010101001000011
00000000100110011000101000011
00000000100110011110000000101
00000000100110100001100001101
00000000100110100100010001011
00000000100110100110000001011
00000000100110101011000000101
00000000100110110000110000101
00000000100111000011010000101
00000000100111000100100100011
00000000100111001000101000101
00000000100111001001010000011
00000000100111010010100000101
00000000101000000001100101111
00000000101000000001101100111
00000000101000000010011001111
00000000101000000010110110011
00000000101000000011000011111
00000000101000000011010011101
00000000101000000011111000011
00000000101000000011111000101
00000000101000000100111010101
00000000101000001000110011011
00000000101000001001100110101
00000000101000001100001101101
00000000101000001100010101011
00000000101000001100010101101
00000000101000001100110100101
00000000101000010000100110111
00000000101000010000110110011
00000000101000010001001101011
00000000101000010001010011011
00000000101000010001101010101
00000000101000010001110010011
00000000101000010011000011101
00000000101000011000010011011
00000000101000011000100101101
00000000101000011000100110101
00000000101000011001000101011
00000000101000011010001100011
00000000101000100011000011011
00000000101000100100000111011
00000000101000100100100110011
00000000101000100110000001111
00000000101000101001100100101
00000000101000110001010010011
00000000101000110011010000011
00000000101000110100000011011
00000000101000110100100100011
00000000101000110101000001011
00000000101001000000011110011
00000000101001000001110010011
00000000101001000001110100011
00000000101001000010101001101
00000000101001000110100001101
00000000101001001001101000011
00000000101001010000010110011
00000000101001100000001001111
00000000101001100010100001101
00000000101001110001010000011
00000000101001110100000100011
00000000101010000101100100011
00000000101010000110001001101
00000000101010001000011010011
00000000101010010000010110011
00000000101010010000110100011
00000000101010010010001100011
00000000101010011000001100011
00000000101010011011000000011
00000000101011001000100001101
00000000101011001001001000011
00000000101011001100010000011
00000000101011100000100001011
00000000101100000001110100011
00000000101100000011001010011
00000000101100001000010011101
00000000101100001010010001011
00000000101100100101000010011
00000000101100101000010100011
00000000101100110100001000011
00000000101101000001010100011
00000000101101000101000010011
00000000101101010000100100011
00000000101101100000101000011
00000000101110000011001000011
00000000101110000100100100011
00000000101110000101000010011
00000000101110000101001000011
00000000101111000000010010011
00000000110000000100100011111
00000000110000000100101010111
00000000110000000101000011111
00000000110000000101011100011
00000000110000001000011010111
00000000110000001000101011011
00000000110000001000101101011
00000000110000001010010010111
00000000110000001010011010011
00000000110000001010110010011
00000000110000010001100101011
00000000110000100000111000111
00000000110000100010110010011
00000000110000101000100011011
00000000110000101000100101011
00000000110000101000100110011
00000000110001000000101001111
00000000110001000001010010111
00000000110001001000101001011
00000000110001010100100001011
00000000110010000010100001111
00000000110010100010100001011
00000000110100000001100010111
00000000110100001100000101011
00000000110100010000000110111
00000001000000100100101010111
00000001000000100101011100011
00000001000000101100001100111
00000001000000101100101000111
00000001000000110001011101001
00000001000000110001101001101
00000001000000110001101011001
00000001000000110010010100111
00000001000000110100001100111
00000001000000111100110000101
00000001000001000010010011111
00000001000001000010100011111
00000001000001000101100011101
00000001000001000110101100011
00000001000001000111000101101
00000001000001001010011011001
00000001000001001010110001101
00000001000001001011000100111
00000001000001001100001110101
00000001000001001100010101011
00000001000001001101010010011
00000001000001010001001001111
00000001000001010010001101011
00000001000001010011001001011
00000001000001010101100010011
00000001000001010110000011011
00000001000001010111100010001
00000001000001011000011001101
00000001000001011001100010101
00000001000001100000010101111
00000001000001100000100111011
00000001000001100001110110001
00000001000001100010010001111
00000001000001100010100110011
00000001000001100100010101101
00000001000001100101000010111
00000001000001101000010010111
00000001000001101011000100101
00000001000001101100100001101
00000001000001101101100001001
00000001000001110000010111001
00000001000001110000100100111
00000001000001110000100110101
00000001000001110000100111001
00000001000001110001001100101
00000001000001110010001001011
00000001000001110010010001011
00000001000001110010100001011
00000001000001110010100010011
00000001000001110010100110001
00000001000001110011000101001
00000001000001110100001010011
00000001000001110101000010011
00000001000001110101100000101
00000001000001111010100010001
00000001000010000001111011001
00000001000010000010101011011
00000001000010000100011011011
00000001000010000100011111001
00000001000010000100110110101
00000001000010000101101100101
00000001000010000110001011011
00000001000010000111110010001
00000001000010001001001101011
00000001000010001001101001101
00000001000010001011110001001
00000001000010001100100010111
00000001000010001100101010011
00000001000010001101101000011
00000001000010001101101100001
00000001000010001111010001001
00000001000010010000011110101
00000001000010010001001101011
00000001000010010001001110101
00000001000010010011000101011
00000001000010010011001010101
00000001000010010100001101011
00000001000010010100010011011
00000001000010010100010110011
00000001000010010110001001011
00000001000010011000001110101
00000001000010011000011101001
00000001000010011001010000111
00000001000010011100000110011
00000001000010011100010100011
00000001000010100000011111001
00000001000010100010011110001
00000001000010100010110000111
00000001000010100010110110001
00000001000010100011000011011
00000001000010100011001011001
00000001000010100011010001011
00000001000010100011100100101
00000001000010100100110010101
00000001000010101011001000011
00000001000010101100001001101
00000001000010101100011010001
00000001000010101110100000101
00000001000010110000010011101
00000001000010110001001011001
00000001000010110001001101001
00000001000010110100010010101
00000001000010110100010110001
00000001000010111000001100101
00000001000010111010000110001
00000001000010111010001000011
00000001000011000001000110111
00000001000011000001010111001
00000001000011000001011011001
00000001000011000010111001001
00000001000011000010111010001
00000001000011000100001011011
00000001000011000101001001101
00000001000011000101001011001
00000001000011000101001110001
00000001000011001010100001011
00000001000011001100010000111
00000001000011001100101000011
00000001000011001101000100101
00000001000011001101100000101
00000001000011010000010011101
00000001000011010001000010111
00000001000011010001001001101
00000001000011010001001011001
00000001000011010001001101001
00000001000011010001001110001
00000001000011010001100000111
00000001000011010011100000011
00000001000011010100000011011
00000001000011010100001011001
00000001000011010100011001001
00000001000011010110010010001
00000001000011011001000100101
00000001000011011100000100011
00000001000011011100000110001
00000001000011011100001000101
00000001000011100000010110011
00000001000011100001001011001
00000001000011100010010110001
00000001000011100100010110001
00000001000011101100000101001
00000001000011110000010110001
00000001000011110100010010001
00000001000100000011001010111
00000001000100000100101010111
00000001000100000101001011011
00000001000100000101100011101
00000001000100000101111000011
00000001000100000111010100101
00000001000100001000110100111
00000001000100001001001001111
00000001000100001010010011011
00000001000100001100010101101
00000001000100001100010110101
00000001000100001100100110101
00000001000100001110010101001
00000001000100010000011010111
00000001000100010000101001111
00000001000100010010001100111
00000001000100010011000011101
00000001000100010101110000101
00000001000100011000101001101
00000001000100011100001011001
00000001000100100010000111101
00000001000100100100100011101
00000001000100100101000001111
00000001000100100101000011101
00000001000100100101000101101
00000001000100100101001000111
00000001000100100110000100111
00000001000100100110000101101
00000001000100100111000101001
00000001000100101100001010011
00000001000100101100101000011
00000001000100101110000100101
00000001000100110100100000111
00000001000100110101100000101
00000001000100111000001100101
00000001000100111100000100101
00000001000101000000011110101
00000001000101000010000111011
00000001000101000010010010111
00000001000101000010010011011
00000001000101000010010110011
00000001000101000010100011101
00000001000101000010110110001
00000001000101000011000010111
00000001000101000011001101001
00000001000101000011100101001
00000001000101000011101001001
00000001000101000101010010101
00000001000101000110000011101
00000001000101001000010110011
00000001000101001010000100111
00000001000101001011000001011
00000001000101001110000101001
00000001000101010000010011101
00000001000101010110000001011
00000001000101011110000001001
00000001000101100000100111001
00000001000101100001100101001
00000001000101100010001100101
00000001000101100010100110001
00000001000101100011010000011
00000001000101100100001010011
00000001000101100101000010011
00000001000101100110000001011
00000001000101100110001000011
00000001000101110010100001001
00000001000101110100001000011
00000001000110000001101100101
00000001000110000010100100111
00000001000110000010110001101
00000001000110000010110100101
00000001000110000011001010011
00000001000110000100101010011
00000001000110000101010010011
00000001000110000101100100101
00000001000110000101101000101
00000001000110000110010010101
00000001000110000110010100011
00000001000110001001001001101
00000001000110001010000101101
00000001000110001010001101001
00000001000110001010010010011
00000001000110001100000101101
00000001000110010011000001101
00000001000110010110010000011
00000001000110100001100001101
00000001000111000101100000101
00000001000111000110000001011
00000001000111010001000001101
00000001001000000100111000111
00000001001000000111000101011
00000001001000001000101101011
00000001001000001000110110101
00000001001000001001110010101
00000001001000001100001110101
00000001001000001100101010101
00000001001000001101000111001
00000001001000001101010101001
00000001001000010001111001001
00000001001000010100000111011
00000001001000010100001110011
00000001001000010101001101001
00000001001000011000001101101
00000001001000011000010110101
00000001001000011000011010101
00000001001000011100010010101
00000001001000100011100010101
00000001001000100011110000101
00000001001000100100011100011
00000001001000100100101100011
00000001001000100101000011101
00000001001000100101001010011
00000001001000100110011000101
00000001001000101000110010011
00000001001000101000110100101
00000001001000101011000101001
00000001001000110000010110101
00000001001000110000100010111
00000001001000110000101010011
00000001001000110001010101001
00000001001000110100001010011
00000001001000110101000011001
00000001001000111000100010011
00000001001001000000111000111
00000001001001000010101100011
00000001001001000100101100011
00000001001001000100111000011
00000001001001000110000010111
00000001001001000111000100011
00000001001001000111000101001
00000001001001001000101100011
00000001001001010000101000111
00000001001001010010100000111
00000001001001010100000111001
00000001001001100010011000101
00000001001001100101000000111
00000001001001100101100000101
00000001001001101010000100011
00000001001001110000001010101
00000001001001110010100000011
00000001001001110100100000101
00000001001010000000111001011
00000001001010000001101100011
00000001001010000001101100101
00000001001010000011001001101
00000001001010000100000110111
00000001001010000100101100011
00000001001010000110010010101
00000001001010000111001000101
00000001001010001000000110111
00000001001010001000101100011
00000001001010001001010100011
00000001001010001001110000101
00000001001010011001100000101
00000001001010100010010000111
00000001001010100011000010011
00000001001010100011000011001
00000001001010100110000011001
00000001001010100110001000011
00000001001010101010001000101
00000001001010101100100000011
00000001001010110100000010011
00000001001010111000000011001
00000001001010111000100000011
00000001001011000011001000101
00000001001011000100000010111
00000001001011001010100000011
00000001001100000001111000101
00000001001100000010110001011
00000001001100000111000100101
00000001001100001000000111101
00000001001100001001010001101
00000001001100001001110000101
00000001001100001010001001011
00000001001100001010110000011
00000001001100001100010010101
00000001001100001111000000101
00000001001100010010101000011
00000001001100011001010000101
00000001001100100000110100101
00000001001100101010010000011
00000001001100110001010000101
00000001001100110100010000101
00000001001100110100100000101
00000001001101000000101100011
00000001001101000010101000011
00000001001101000011000010101
00000001001101000011100000101
00000001001101000110001000101
00000001001101001000010100011
00000001001101001010100000011
00000001001101011000010000011
00000001001110000010010010101
00000001001110000101001000101
00000001001110001001000001101
00000001001110001011000000101
00000001001110001101000000101
00000001001110010001001000101
00000001001110010010000010101
00000001001110011010000000101
00000001001110100000011000011
00000001001110100100001000101
00000001001110100100100000011
00000001001110101000010000011
00000001001111000000010100011
00000001010000001001001100111
00000001010000001001101100011
00000001010000001001110001011
00000001010000001001111000011
00000001010000001010011100101
00000001010000001100001101101
00000001010000001101011000011
00000001010000010000110011011
00000001010000010001101100011
00000001010000010010001110101
00000001010000010010110100011
00000001010000100001010011011
00000001010000100001100011011
00000001010000100001110010011
00000001010000100010011001011
00000001010000100010110100011
00000001010000100011000011011
00000001010000100011001001101
00000001010000100011001010011
00000001010000100011010001011
00000001010000100011011000011
00000001010000100011100010011
00000001010000100100001101101
00000001010000100100010101101
00000001010000101100001001101
00000001010000101100001100011
00000001010000110001010010011
00000001010000110010010100011
00000001010000110011000001011
00000001010000111000100010011
00000001010001000000100101111
00000001010001000000101001111
00000001010001000001101010011
00000001010001000010010001111
00000001010001000010010010111
00000001010001000010011001011
00000001010001000010011001101
00000001010001000010110010101
00000001010001000100001011101
00000001010001000100101001101
00000001010001000100101010101
00000001010001000100111000101
00000001010001000101010100101
00000001010001010000100011011
00000001010001011000011000101
00000001010001011001000000111
00000001010001100000010011011
00000001010001100010001001101
00000001010001100010010001011
00000001010001100010100100101
00000001010001100100001000111
00000001010001110010000001011
00000001010010000001101001011
00000001010010000011000100111
00000001010010000100011010011
00000001010010001000111000011
00000001010010001001001010011
00000001010010001010000110011
00000001010010001100000110011
00000001010010001100010010011
00000001010010001100100000111
00000001010010001101010000011
00000001010010010000010100111
00000001010010010001000100111
00000001010010011000101000011
00000001010010011001010000011
00000001010010011010001000011
00000001010010100011000010011
00000001010010101010000010011
00000001010011000001010001101
00000001010011000101000001101
00000001010011010010100000011
00000001010011010100100000011
00000001010011011000000100011
00000001010011011000010000011
00000001010100001100001001101
00000001010100011000010001011
00000001010100011000011000011
00000001010100011001001000011
00000001010100100001100100011
00000001010100100010011000011
00000001010100100011000001011
00000001010100100100000110011
00000001010100101100000010011
00000001010101000001100100011
00000001010101010010010000011
00000001010101100000100100011
00000001010110001010000010011
00000001010110001100000010011
00000001010111000010100000011
00000001011000001000010011101
00000001011000001000100011101
00000001011000001100010001101
00000001011000010001000011101
00000001011000100010011000011
00000001011000101100000010011
00000001011000110001010000011
00000001011001000101000000111
00000001011001001010001000011
00000001011001010000100001011
00000001011001011000000100011
00000001011010001001000000111
00000001011010010001010000011
00000001011010011000100000011
00000001011010101000001000011
00000001011100010010100000011
00000001011100100100000100011
00000001100000010000101100111
00000001100000100000011010111
00000001100000100001010100111
00000001100000100001011010011
00000001100000100101010001011
00000001100000101010000011011
00000001100001000001100110011
00000001100001000010100011011
00000001100010000001011001011
00000001100010001010010100011
00000001100010010000010001111
00000001100010010001000101011
00000001100010010010001010011
00000001100011010001000000111
00000001100100010000101000111
00000001100101001000100000111
00000001101000100001000010111
00000010000001000111100100101
00000010000001001010011000111
00000010000001001010100100111
00000010000001001011101000011
00000010000001001100010001111
00000010000001001110001001011
00000010000001010000001111011
00000010000001010000011110011
00000010000001010001001110011
00000010000001010010010110011
00000010000001010010100011101
00000010000001010101001100011
00000010000001010110000100111
00000010000001010110010000111
00000010000001011000010011011
00000010000001011000010100111
00000010000001011001001100011
00000010000001011011000010011
00000010000001100000101100111
00000010000010000011000111011
00000010000010000011010110011
00000010000010000011101010011
00000010000010000101101010101
00000010000010000110000101111
00000010000010000110010101101
00000010000010001000100101111
00000010000010001001001110011
00000010000010001001010010111
00000010000010001010010011011
00000010000010001010010011101
00000010000010001100000111101
00000010000010001100100101101
00000010000010001101100010101
00000010000010001110010001011
00000010000010001111010000011
00000010000010010001000111011
00000010000010010011101100001
00000010000010010101100001011
00000010000010010110000100111
00000010000010011000100101101
00000010000010011000100110101
00000010000010011001001010011
00000010000010011001100010011
00000010000010011010010000111
00000010000010011010010001101
00000010000010011100010001011
00000010000010011100100010101
00000010000010100000110111001
00000010000010100001001110011
00000010000010100010001101011
00000010000010100010001101101
00000010000010100010011100011
00000010000010100010100111001
00000010000010100100001010111
00000010000010100100001101011
00000010000010100100001110101
00000010000010100100011101001
00000010000010100101000110011
00000010000010100110000100111
00000010000010100110000101011
00000010000010100110001001101
00000010000010100110010100011
00000010000010100111011000001
00000010000010101000011110001
00000010000010101011000001011
00000010000010101100001100101
00000010000010101100110010001
00000010000010101110010000011
00000010000010110010100011001
00000010000010111000010000111
00000010000010111000010010101
00000010000010111001000010011
00000010000010111001001010001
00000010000010111100010000011
00000010000010111100010010001
00000010000011000000100111101
00000010000011000001010110011
00000010000011000010010001111
00000010000011000011010001011
00000010000011000011110010001
00000010000011000100101101001
00000010000011000110001001101
00000010000011001000010110101
00000010000011001001000101011
00000010000011001010000100111
00000010000011001010001001011
00000010000011001010010010101
00000010000011001100010101001
00000010000011001100100100101
00000010000011001110000001101
00000010000011010000001100111
00000010000011010010110010001
00000010000011011000100011001
00000010000011011001000101001
00000010000011011100010001001
00000010000011100010010010101
00000010000011100010011010001
00000010000011100011010000011
00000010000011100100001100101
00000010000011100101000101001
00000010000011100110000001101
00000010000011100110001000101
00000010000011101001000100101
00000010000011101100000101001
00000010000011110000100110001
00000010000011110010010100001
00000010000100000010011010111
00000010000100000111001001101
00000010000100000111110100001
00000010000100001000101110101
00000010000100001000111010101
00000010000100001001000101111
00000010000100001001111100001
00000010000100001110101000011
00000010000100010000011010111
00000010000100010000101001111
00000010000100010001010001111
00000010000100010010000111101
00000010000100010010101001101
00000010000100010010111000101
00000010000100010100100100111
00000010000100010100110001011
00000010000100010110001001101
00000010000100010110010000111
00000010000100011000110010101
00000010000100011001000010111
00000010000100100001011101001
00000010000100100001100011101
00000010000100100010001010111
00000010000100100010001100111
00000010000100100100011011001
00000010000100100101110100001
00000010000100100110000011101
00000010000100100111010000011
00000010000100101000010101011
00000010000100101000010110101
00000010000100101000010111001
00000010000100101000101110001
00000010000100101001000110101
00000010000100101010100010011
00000010000100101101010000011
00000010000100110000010001111
00000010000100110000011001101
00000010000100110000011101001
00000010000100110000101001101
00000010000100110010001010011
00000010000100110100010000111
00000010000100110110100010001
00000010000100110111000001001
00000010000100111000001001011
00000010000100111000101000101
00000010000100111010001000011
00000010000100111100100010001
00000010000101000001001001111
00000010000101000001100011101
00000010000101000001110001101
00000010000101000100001110011
00000010000101000100010011011
00000010000101000100101100011
00000010000101000101000111001
00000010000101000111001000101
00000010000101001000001110101
00000010000101001000100110101
00000010000101001001000011011
00000010000101001001000101011
00000010000101001001001110001
00000010000101001100001110001
00000010000101010000101101001
00000010000101010110000001101
00000010000101010110010000101
00000010000101010111000001001
00000010000101011100000101001
00000010000101011100001000011
00000010000101100000101110001
00000010000101100001001101001
00000010000101100011000001011
00000010000101100100000110011
00000010000101100100010011001
00000010000101100101000110001
00000010000101100110000011001
00000010000101100110001000101
00000010000101101100100010001
00000010000101110000001001101
00000010000101110011000000101
00000010000101110011000001001
00000010000101111000100001001
00000010000110000001110001101
00000010000110000001110010101
00000010000110000001111000101
00000010000110000010011010011
00000010000110000010011100101
00000010000110000010110001011
00000010000110000100100010111
00000010000110001001000101011
00000010000110001100100000111
00000010000110001110000010011
00000010000110010000110110001
00000010000110010001000101101
00000010000110010010001000111
00000010000110010010100000111
00000010000110010111000000101
00000010000110011001100000011
00000010000110011010001000011
00000010000110100000110110001
00000010000110100001110010001
00000010000110100010000101011
00000010000110100010010100011
00000010000110100011000101001
00000010000110100101000001011
00000010000110100110000001101
00000010000110100110001000101
00000010000110100110010000011
00000010000110110000010010101
00000010000110110101000001001
00000010000111000101000101001
00000010000111001001010010001
00000010000111001001100000101
00000010000111010000100110001
00000010000111011000100010001
00000010001000000100101100111
00000010001000000100110100111
00000010001000000100110101101
00000010001000000101010101101
00000010001000001000100101111
00000010001000001001011010101
00000010001000001001101100101
00000010001000001010010011101
00000010001000001011010110001
00000010001000001100010101101
00000010001000001100101011001
00000010001000001101001011001
00000010001000010001001011011
00000010001000010001010010111
00000010001000010010110001011
00000010001000010011110001001
00000010001000010100111000011
00000010001000010110000111001
00000010001000010110100110001
00000010001000011000001011011
00000010001000011000010111001
00000010001000011000101001011
00000010001000011000101100101
00000010001000011010100001011
00000010001000011100001010011
00000010001000011101100001001
00000010001000100000100101111
00000010001000100101001001011
00000010001000101000001111001
00000010001000101000101101001
00000010001000101001000010111
00000010001000101101000110001
00000010001000101111000000101
00000010001000110000100101101
00000010001000110000100110011
00000010001000110011000010011
00000010001000110011001000011
00000010001000110100010100101
00000010001000110100101000101
00000010001000110110000110001
00000010001000111100001001001
00000010001001000010001101011
00000010001001000010101100011
00000010001001000100001101011
00000010001001001100001001101
00000010001001010000101001011
00000010001001010011000010011
00000010001001011010010000101
00000010001001100010011010001
00000010001001100011000001101
00000010001001110000101001001
00000010001010000010011100101
00000010001010000010100101101
00000010001010000010110011001
00000010001010000011100110001
00000010001010000110001001101
00000010001010000110010001101
00000010001010000111001000011
00000010001010010000101010011
00000010001010010000101110001
00000010001010010010000111001
00000010001010010110000010011
00000010001010011000000111001
00000010001010011010000011001
00000010001010100000100110101
00000010001010100000101101001
00000010001010101101000001001
00000010001010110010000101001
00000010001010111000000100101
00000010001011000100100100011
00000010001011001000100011001
00000010001011001001000100101
00000010001011010000001100011
00000010001011010010000110001
00000010001100000100101000111
00000010001100001000001011101
00000010001100001000100110101
00000010001100001001000011101
00000010001100001001000100111
00000010001100001001010001011
00000010001100001001100010101
00000010001100001010000011011
00000010001100001011000011001
00000010001100001100001001101
00000010001100010010110000101
00000010001100010110010000101
00000010001100010111000001001
00000010001100100001010001011
00000010001100100011000010011
00000010001100100101010000011
00000010001100101001000100011
00000010001100101100100000101
00000010001100110110000001001
00000010001101000011000001101
00000010001101001001000010101
00000010001110000010010010101
00000010001110010010010000101
00000010001110010010100000101
00000010001110100001000011001
00000010001110110000001001001
00000010001111000010010000011
00000010001111000100100001001
00000010001111010000010000011
00000010001111010000010001001
00000010010000001001110010101
00000010010000010000100011111
00000010010000010000110011011
00000010010000010000111001101
00000010010000010001000011111
00000010010000010001010010111
00000010010000010001101010011
00000010010000010010101100101
00000010010000010100011100101
00000010010000010100101011001
00000010010000011000100110101
00000010010000011010000010111
00000010010000011010100000111
00000010010000100000100101111
00000010010000100001101010101
00000010010000100010001010111
00000010010000100010100101101
00000010010000100010101101001
00000010010000100010110100011
00000010010000101000001100111
00000010010000101000001110011
00000010010000101000101001101
00000010010000101100001100101
00000010010000110000011010101
00000010010000110000100110101
00000010010000110001010001101
00000010010000110001100010101
00000010010000110100010100011
00000010010000110100110000101
00000010010000110101010000011
00000010010000110101100000101
00000010010000111001000100011
00000010010000111100010000101
00000010010001000001011100011
00000010010001000011001011001
00000010010001000011101001001
00000010010001000100001111001
00000010010001010001000011011
00000010010001010001100001011
00000010010001011100000100011
00000010010001100000101001101
00000010010001100001010010101
00000010010001100011000010101
00000010010001101100000100011
00000010010001110000010001101
00000010010001110001010000011
00000010010001110001100000101
00000010010010000010101100101
00000010010010000100010101011
00000010010010000101010100011
00000010010010001100011000101
00000010010010101000000110011
00000010010010101010000010011
00000010010010110001000100011
00000010010011001010001000011
00000010010011010010100000011
00000010010011010100000010011
00000010010011010100000011001
00000010010011011000100000101
00000010010100000010011000111
00000010010100000100111000011
00000010010100000101101000011
00000010010100000110001001101
00000010010100000110011000101
00000010010100000111000011001
00000010010100001010100011001
00000010010100010000100001111
00000010010100010100000110011
00000010010100011000101000101
00000010010100100010001100011
00000010010100101100001000101
00000010010101000010011000011
00000010010101001000110000101
00000010010110000100011000101
00000010010110000110001000101
00000010010110001010000010011
00000010010110100010000100011
00000010011000000110001100101
00000010011000010000101010011
00000010011000010001110000101
00000010011000010100011000011
00000010011000011000000110101
00000010011000100100001100101
00000010011000110010001000011
00000010011001000001010100011
00000010011001000011000010101
00000010011001010100000100011
00000010011001010100001000011
00000010011001100001100000101
00000010011001100010100000101
00000010011010001000110000101
00000010011010011000100000101
00000010011011000000110000101
00000010011011000010010000101
00000010011100010001010000101
00000010011100010010010000101
00000010011100011000100000101
00000010011100100001000001101
00000010011100100001100000101
00000010011101000100100000101
00000010011101010000010000101
00000010011101100000100000101
00000010011110000010100000011
00000010100000010110010100011
00000010100000011000010110011
00000010100000100000100110111
00000010100000100000101011011
00000010100000100010001101101
00000010100000100010011100101
00000010100000100011011000101
00000010100000100110000001111
00000010100000100111100000011
00000010100000110010000101101
00000010100000110110001000011
00000010100001000001010011011
00000010100001000010001011101
00000010100001000101100100011
00000010100001001000001011011
00000010100001001100001001011
00000010100001011010000010011
00000010100001101001000100011
00000010100010000010010100111
00000010100010000011000110011
00000010100010000100011010011
00000010100010000100100101011
00000010100010000100101100011
00000010100010000100110100011
00000010100010000101001001011
00000010100010001000001101011
00000010100010001001001100011
00000010100010001100000101101
00000010100010010110010000011
00000010100010100010001100101
00000010100010100011000100101
00000010100011001001000010101
00000010100100000100010110011
00000010100100000100101010011
00000010100100000100110001011
00000010100100010100010001011
00000010100100100010000010111
00000010100100110000100001011
00000010100100110100000100011
00000010100101100000100010011
00000010100110000100010001011
00000010100110001001000100011
00000010100110001100010000011
00000010100110010000100000111
00000010101000001000010011011
00000010101000010010001010011
00000010101000010010010000111
00000010101000010010011000011
00000010101000100000101010011
00000010101000100101001000011
00000010101001001000010001101
00000010101001100100000100011
00000010101010100100001000011
00000010101011000010000010011
00000010101011000100001000011
00000010101011001000010000011
00000010101101010000010000011
00000010110000010000100101011
00000010110000011010000010011
00000010110001001000001000111
00000010110001001000101000011
00000010110010001000010000111
00000010110010010010001000011
00000010110011001000010000011
00000010110100000100000110011
00000010110101000001001000011
00000010111000010000100010011
00000010111000010001000001011
00000010111000100000100100011
00000010111000100010010000011
00000010111001001000001000011
00000010111001010000010000011
00000011000001000001010110011
00000011000001001000001010111
00000011000010000010101010011
00000011000010000100000110111
00000011000010000100010110011
00000011000010001000001011011
00000011000010001000001101011
00000011000010001001000101011
00000011000100000100010010111
00000011000100000100010100111
00000011000101000001000010111
00000011000101000100100001011
00000011000101001000001000111
00000011001000001000010100111
00000011001000001000101001011
00000011001000001010100000111
00000011001000010000100010111
00000011010000010000100011011
00000011010000100000100100111
00000011010000100001010001011
00000011010000100010000011011
00000011010001000001000011011
00000011010001000010001001011
00000100000100000100001011111
00000100000100000100011011101
00000100000100000101001010111
00000100000100001000011001111
00000100000100001000111010011
00000100000100001010110011001
00000100000100001011001000111
00000100000100001100010011101
00000100000100001101000011011
00000100000100001101010011001
00000100000100001101100001011
00000100000100001101100010011
00000100000100001101100100101
00000100000100001101110010001
00000100000100001111000100011
00000100000100010000100101111
00000100000100010000100110111
00000100000100010000101011011
00000100000100010000101101011
00000100000100010000111101001
00000100000100010001000101111
00000100000100010001010101101
00000100000100010001011100101
00000100000100010001110100101
00000100000100010010000110111
00000100000100010010100100111
00000100000100010011100001011
00000100000100010100001001111
00000100000100010100100100111
00000100000100010101000101011
00000100000100010101000110101
00000100000100010111000100101
00000100000100011000100011101
00000100000100011001100010011
00000100000100011011000101001
00000100000100011100100010101
00000100000100100000101011011
00000100000100100001011100011
00000100000100100110001010101
00000100000100101001000110101
00000100000100101001001001101
00000100000100110000010110101
00000100000100110001000101011
00000100000100110100100001011
00000100000100111001000010101
00000100000100111001000100011
00000100000101000100010101011
00000100000101001100010001011
00000100000101010000100110011
00000100000101010010001001101
00000100000101011000100010011
00000100000101011010000010011
00000100000101100001000110011
00000100000101101010000010011
00000100000110001000001001111
00000100001000001000010011111
00000100001000001010100011011
00000100001000010000100011111
00000100001000010000100110111
00000100001000010000101011101
00000100001000010001000011111
00000100001000010001000101111
00000100001000010001001010111
00000100001000010011001001101
00000100001000010100000110111
00000100001000010100010010111
00000100001000010100010011101
00000100001000010101110001001
00000100001000010110001011001
00000100001000010111001001001
00000100001000100000100110111
00000100001000100000111101001
00000100001000100001011010011
00000100001000100001011100101
00000100001000100011000011101
00000100001000100011011000011
00000100001000100100100100111
00000100001000100100101001101
00000100001000100110000110101
00000100001000100110001011001
00000100001000100110110000101
00000100001000101000010011101
00000100001000101001010100011
00000100001000101001110100001
00000100001000110001010001101
00000100001000110100000110101
00000100001000110100010001011
00000100001000111100000110001
00000100001000111110000010001
00000100001001000001000111011
00000100001001000001001100111
00000100001001000001101100101
00000100001001000100000101111
00000100001001000100100101101
00000100001001001010000100111
00000100001001001010000101101
00000100001001010001000100111
00000100001001010101000100011
00000100001001100000101100011
00000100001001100010100000111
00000100001001100100000110101
00000100001001100110000101001
00000100001001101000001100101
00000100001001101000001101001
00000100001001101000100100011
00000100001001110010001010001
00000100001001111000001100001
00000100001010000011001000111
00000100001010001000010010111
00000100001010001000010011101
00000100001010001000100011011
00000100001010001000100111001
00000100001010001000110010011
00000100001010001001000110101
00000100001010001001001000111
00000100001010010001110000011
00000100001010010001110010001
00000100001010010110100010001
00000100001010100000100110011
00000100001010100001101100001
00000100001010100100100010101
00000100001010100101000100011
00000100001010101000010001101
00000100001010101100100000101
00000100001010110100100001001
00000100001010111000001100001
00000100001010111000010010001
00000100001010111000100001001
00000100001011000010101001001
00000100001011000011001100001
00000100001011000100100110001
00000100001011001000001000111
00000100001011001000011010001
00000100001011001000100101001
00000100001011001000101100001
00000100001011010000110001001
00000100001011010110000010001
00000100001011011000100001001
00000100001011100010000011001
00000100001011100100001000011
00000100001011100100001000101
00000100001100000100011000111
00000100001100000100100101011
00000100001100000100110010101
00000100001100000101000011011
00000100001100000101110010001
00000100001100001010110001001
00000100001100010000101000111
00000100001100010000110100011
00000100001100010001000011101
00000100001100010001010000111
00000100001100010001011000101
00000100001100010010101001001
00000100001100010100000111001
00000100001100011101000010001
00000100001100100001011010001
00000100001100100010010100101
00000100001100100010010101001
00000100001100100010110000101
00000100001100100110000010101
00000100001100100111000010001
00000100001101000010100100011
00000100001101010000011010001
00000100001101010010000010011
00000100001101010010000011001
00000100001101010010001000011
00000100001101100010000101001
00000100001101100010010001001
00000100001101100100100001001
00000100001110000100011000101
00000100001110011000100001001
00000100001110100001001010001
00000100001110101001000010001
00000100001111001000100001001
00000100001111010000010001001
00000100001111010000010010001
00000100010000010001010010111
00000100010000010010101100011
00000100010000010100100011101
00000100010000010110000010111
00000100010000100001000101111
00000100010000100001001001111
00000100010000100001011100011
00000100010000100001110100011
00000100010000100010000110111
00000100010000100010010110101
00000100010000100100011100011
00000100010000101000001101101
00000100010000101001101000011
00000100010000101001110001001
00000100010000101010001101001
00000100010000101101001000011
00000100010000110000010101101
00000100010000110000010110101
00000100010000110000101000111
00000100010000110000101110001
00000100010000110001100001011
00000100010000110011100001001
00000100010000110100001110001
00000100010000111001100001001
00000100010001000011000101101
00000100010001000011100101001
00000100010001000101010100101
00000100010001001011010000011
00000100010001010000010101011
00000100010001010000101001011
00000100010001010110100000101
00000100010001101000010001011
00000100010001101001010000011
00000100010001110000010101001
00000100010001110000101001001
00000100010001110100001010001
00000100010001110100100000101
00000100010010000010001001111
00000100010010000010010111001
00000100010010000010011100101
00000100010010000010110010011
00000100010010000011010100101
00000100010010000011110010001
00000100010010000100010010111
00000100010010000101000011011
00000100010010000101001000111
00000100010010000101001100101
00000100010010000101110000101
00000100010010000110000110101
00000100010010000111000100101
00000100010010000111010010001
00000100010010001000001001111
00000100010010001010100101001
00000100010010001110000100101
00000100010010010000110001011
00000100010010010101100000101
00000100010010011000100001011
00000100010010011000110000101
00000100010010011001100000101
00000100010010100001000010111
00000100010010101100001000011
00000100010010110100000110001
00000100010010110100100000101
00000100010011000010100101001
00000100010011000110000010101
00000100010011010000010100101
00000100010100000100011000111
00000100010100001001000001111
00000100010100001110100001001
00000100010100100000100100111
00000100010101000010001100101
00000100010101000101001000011
00000100010101001000100010101
00000100010101010100100001001
00000100010101100000110001001
00000100010110000010010100101
00000100010110000010100110001
00000100010110001000010000111
00000100010110001001000010011
00000100010110001101000001001
00000100010111000100001000011
00000100010111001001000001001
00000100011000001001000010111
00000100011000001011000100101
00000100011000010001011000101
00000100011000100000101001011
00000100011000100010100001011
00000100011000100100110000101
00000100011000110000011000101
00000100011000110010100001001
00000100011001000001101000101
00000100011001000001110000101
00000100011001000001110001001
00000100011001011000010001001
00000100011010000100100010011
00000100011010001001100000101
00000100011010010001100000101
00000100011010010100100001001
00000100011011000010001000011
00000100011011000101000001001
00000100011100000101010001001
00000100011100001010100001001
00000100011100100000101000011
00000100011100100010010000101
00000100011101000001001000101
00000100011110000100010001001
00000100100000101010100100011
00000100100001000010100011011
00000100100001000010100011101
00000100100001000010100111001
00000100100001000100001111001
00000100100001000100100010111
00000100100001000100101010011
00000100100001000100101100101
00000100100001000101000011011
00000100100001000110000011101
00000100100001000111010000101
00000100100001001101001000101
00000100100001010000011001101
00000100100001010000100011101
00000100100001010001000011101
00000100100001010001000111001
00000100100001010001001000111
00000100100001011100001000101
00000100100001110000100011001
00000100100010000100010100111
00000100100010000100110100011
00000100100010000101001001011
00000100100010000110100010101
00000100100010000110101000101
00000100100010000111010000101
00000100100010001000011010011
00000100100010001000011100101
00000100100010001010000101101
00000100100010100000100111001
00000100100010100001000010111
00000100100010100100001000111
00000100100010101000001010011
00000100100010101100001000011
00000100100010110000100001101
00000100100010110100001000101
00000100100011101000010000101
00000100100100001000100001111
00000100100100001010000110011
00000100100100010000100110101
00000100100100010000110100101
00000100100101001100010000101
00000100100110001000110000101
00000100101000001010010011001
00000100101010000100010001101
00000100101100100010010000101
00000100110001000011010000101
00000100110001000011100000101
00000100110001010000100001101
00000100110001100100010000101
00000100110100001001000100011
00000101000001100010010000111
00000101000010000100010011011
00000101000010001000010101011
00000101000010001000101001011
00000101000010001001000101101
00000101000010001001001100101
00000101000010010001000011101
00000101000010011010001000011
00000101000100001000110010011
00000101000100010000100001111
00000101000100010101001000011
00000101000100100010000101101
00000101000100110100001000011
00000101001000010001001100011
00000101001000010001001100101
00000101001000010001110000011
00000101001001000010000101101
00000101001010000100010001011
00000101001010001000010001011
00000101001101000010001000011
00000101010000100001100010011
00000101010000100100011000011
00000101010001000100001000111
00000101011001000010001000011
00000101100001000010001001101
00000110000100010000100010111
00000110001000100001000011011
00000110001000101000010010011
00000110010001000010010010011
00000110100010001000010000111
