000000010111100101111110111
000000010111101101111100111
000000100111101011101101111
000000100111110011111110101
000000100111111100111110101
000000101011011110011111011
000000101011111110011001111
000000101101101110101111011
000000101101101110111001111
000000101101111111000111011
000000101110011011110011111
000000101110101111001101111
000000101111011110110010111
000000101111101100111101011
000000110001101101011111111
000000110001110101101111111
000000110001111001101111111
000000110001111011101101111
000000110011011101011110111
000000110101101101101110111
000000110101111001101101111
000000110101111011001111011
000000110101111011101001111
000000110110110101111010111
000000110110111001110101111
000000110111011011011010111
000000110111101011101100111
000000111000110110110111111
000000111010101101101101111
000001000011110111010111111
000001001011101110111001111
000001001101010111101011111
000001001111001011110111011
000001001111010110111011101
000001001111010111011010111
000001001111011010111110011
000001001111011101110010111
000001001111100110111101101
000001010010110111010111111
000001010010111111011001111
000001010011011101011110111
000001010011110011011111101
000001010011110101010111111
000001010011110101011111101
000001010011110111011011101
000001010011111111010100111
000001010101101101101110111
000001010101110101101110111
000001010101111111100100111
000001010110110011110111101
000001010110110101110110111
000001010110111100110110111
000001010111001101111100111
000001010111011101101011101
000001010111101001111110011
000001010111101101101100111
000001011001011101011110111
000001011001111010100111111
000001011010001110011111111
000001011011011100011110111
000001011011011100111010111
000001011011011101010110111
000001011011011101011100111
000001011011101110101001111
000001011011111100001110111
000001011100011101101110111
000001011100101110110111101
000001011100111010110110111
000001011100111100101110111
000001011101110101101011011
000001011101111100001111011
000001011110010111010110111
000001011110111000110110111
000001011110111000111110011
000001011110111001110010111
000001011111011100111010011
000001011111101100110001111
000001100001110011011111111
000001100011111111001010111
000001100100111101101011111
000001100101101011101110111
000001100101110101101111011
000001100101110110101101111
000001100101110111101101011
000001100110101101110110111
000001100110101101111001111
000001100110111010110101111
000001100111011011011010111
000001100111011011101011011
000001100111011101011010111
000001100111011111001010111
000001101001110010011111111
000001101001110011001111111
000001101001111011001110111
000001101010111011001111011
000001101010111011011010111
000001101010111101001111011
000001101011010111010111011
000001101011101101011010111
000001101011101110011011011
000001101011110110011010111
000001101011111011000111011
000001101011111100011010111
000001101100011101110110111
000001101101001101111010111
000001101101010110101110111
000001101101011010101110111
000001101101011101101010111
000001101101101011100110111
000001101101110110101100111
000001101110010101110101111
000001101110011010110110111
000001101110111010110100111
000001101111001100110101111
000001101111011010110010111
000001101111011010111000111
000001101111101010110100111
000001110010010101011111111
000001110010010111111010111
000001110010101011011011111
000001110010110101010111111
000001110101101001101110111
000001110101101101001110111
000010001010101110110111111
000010001100111110101111101
000010001101101110101011111
000010001101101110101111101
000010001110101110110111101
000010001110110110110101111
000010001111101011010111011
000010001111101011101101011
000010001111110010111110011
000010010011101101011101111
000010010011110011011111101
000010010011111010101111011
000010010011111101011001111
000010010011111101011110011
000010010110011101100111111
000010010110111011111100011
000010010111000101111110111
000010010111001101011011111
000010010111001101111010111
000010010111001110111001111
000010010111011001111101011
000010010111011101110001111
000010010111100110111010111
000010010111110011101110101
000010010111111001011101011
000010011001010110111110111
000010011001101110101111101
000010011010100111011011111
000010011010111001110101111
000010011010111010011111101
000010011011011111010100111
000010011011100011111101011
000010011011110101011110011
000010011011111000111101011
000010011011111010011110101
000010011011111100011110101
000010011100101110100111111
000010011100101110101101111
000010011101001101101011111
000010011101001110101011111
000010011101001110101111101
000010011101001111001111101
000010011101010110110011111
000010011101010110110110111
000010011101011101001111101
000010011101101110101001111
000010011101111010101001111
000010011101111011001001111
000010011110011110011011101
000010011111001111101010101
000010011111010110100110111
000010011111011010111001101
000010011111101001110101011
000010011111101001111010011
000010011111101011011100011
000010011111110100111010011
000010100010111110011101111
000010100011101011011111011
000010100011111110011001111
000010100100110101110111111
000010100100111101110101111
000010100110101100110111111
000010100110111001111101101
000010100111010011111110011
000010100111011000111011111
000010100111011001111001111
000010100111011111010011011
000010100111110100111110011
000010101001010111011111011
000010101001111011011001111
000010101010011101111011011
000010101100101101101110111
000010101100110110101110111
000010101101000111101111011
000010101101001011111011101
000010101101100011101110111
000010101110011011111001101
000010101110011111100101101
000010101111000110111011011
000010101111001101111001101
000010101111011101100001111
000010110010010111111100111
000010110010100111010111111
000010110010101101011111011
000010110010101110011101111
000010110010111001011101111
000010110010111001110101111
000010110010111001110111101
000010110011000101011111111
000010110011010011111100111
000010110011101001011111011
000010110011101010011111011
000010110011101011001111101
000010110011101011010111011
000010110011101011011011101
000010110011101011011101011
000010110011111011001010111
000010110011111101010001111
000010110101110101100110111
000010110110011101111000111
000010110111001101011001111
000010110111010110011001111
000010110111010110111001011
000010110111011001111001011
000010110111100101110110011
000010111001001011101111011
000010111001001111001111011
000010111001101011010111011
000010111001101100101101111
000010111001111011001001111
000010111010110111011001011
000010111010111011001101011
000010111011000111101110011
000010111011001011010110111
000010111011101101001110011
000010111011110101001011011
000010111100011010111011011
000010111100011100111011011
000010111100101100101110111
000010111100111100010111011
000010111100111100110101011
000010111101101110101100011
000010111101110011011000111
000010111101110100101100111
000010111110011011101001011
000010111110111001110010011
000010111110111100010110011
000010111111011000111001011
000010111111011001101001011
000010111111011001110001011
000010111111100110010010111
000010111111100110011010011
000011000101011001101111111
000011000101101011001111111
000011000101111101100110111
000011001010001101111011111
000011001010010110111011111
000011001010100111010111111
000011001010111100110011111
000011001010111110110001111
000011001011100010111111011
000011001100101010101111111
000011001101000111001111111
000011001101001010111011111
000011001101010101101101111
000011001110110110010101111
000011001111011110100011011
000011010001011111101101011
000011010001100101011111111
000011010001110110011110111
000011010001111101101010111
000011010001111111001100111
000011010011000101011111111
000011010100111111100100111
000011010101001001101111111
000011010101100011011111011
000011010101111001100101111
000011010101111101001100111
000011010110001010111011111
000011010110010101110110111
000011011001010101011110111
000011011001010110011110111
000011011010101100110110111
000011011010111100010111011
000011011011110011000101111
000011011101010010110011111
000011011111010110101000111
000011100101100110101011111
000011101000101011011110111
000011101110111000100101111
000011110111001010001011111
000100010011001101011111111
000100010011011101011110111
000100010011101101011101111
000100010011111101011001111
000100010011111101011101011
000100010100111101010111111
000100010100111110101011111
000100010101101111001011111
000100010101111001101101111
000100010110011011110011111
000100010110011101100111111
000100010110101101111001111
000100010110110101110011111
000100010110110101111010111
000100010110111001111011011
000100010110111101010011111
000100010110111101110001111
000100010111001101101101111
000100010111100110111101011
000100010111101001111100111
000100010111101101011001111
000100010111101111001001111
000100010111111010111100011
000100011000111011011011111
000100011001011111001011111
000100011010110110110011111
000100011011011111000111011
000100011011101101101001111
000100011100101101100111111
000100011101100101110101111
000100100011011111001101111
000100100101111011100011111
000100100101111011101001111
000100100101111100111011101
000100100101111101110011101
000100100110111100111011101
000100100111000101111101111
000100100111001001111101111
000100100111010010111110111
000100100111010011011110111
000100100111010011101110111
000100100111110001011110111
000100100111110101101111001
000100100111110111101010011
000100101011001010111101111
000100101011001011111100111
000100101011001111011101011
000100101011100111111101001
000100101011101110011001111
000100101011110010011011111
000100101011110110011010111
000100101011111001101111001
000100101011111010011101011
000100101011111110011010011
000100101100011010110111111
000100101100101111110011101
000100101100111010100111111
000100101100111010110011111
000100101100111011100011111
000100101100111110001110111
000100101101101010111001111
000100101101110110011110101
000100101101111110001110101
000100101110001010110111111
000100101110001011110101111
000100101110010010111110111
000100101110010011110011111
000100101110010011110101111
000100101110110010111100111
000100101110111100101111001
000100101111000110111010111
000100101111001111011001101
000100101111011001111100101
000100101111100101111010011
000100101111100110111001011
000100101111100110111010011
000100101111101001011100111
000100101111101010111001011
000100110001101011011111101
000100110001110101101111101
000100110010101111111000111
000100110011110001010111111
000100110011110011110110101
000100110011111101001101011
000100110100010011110111111
000100110100110101111010111
000100110100111101010110111
000100110101001001111101111
000100110101011001101101111
000100110101011110101110011
000100110101101010111001111
000100110101101011100011111
000100110101101011110001111
000100110101101011111001101
000100110101111000101101111
000100110101111001100101111
000100110101111001101001111
000100110110101010111100111
000100110110101011111000111
000100110110110001111010111
000100110110110101111000111
000100110110110101111010011
000100110111010011110110101
000100110111010111101010011
000100110111100011010110111
000100110111100011110110101
000100110111101001111001101
000100110111101011110001101
000100110111101111000101101
000100110111110001011010111
000100110111110001110110101
000100110111110010101110011
000100110111110011110010101
000100111000101011011111101
000100111001011001101011111
000100111001011111010111001
000100111010001110111101101
000100111010010011110011111
000100111010011010011110111
000100111010111101001101011
000100111010111110011001011
000100111011001010111001111
000100111011010001111010111
000100111011010011111010011
000100111011101001111100101
000100111100011011110110101
000100111100101111011001101
000100111100110011111100101
000100111100110101110011011
000100111101010111101001101
000100111101100011111001101
000100111101101010111001101
000100111101101011011001101
000100111101110100111010011
000100111101110101110010011
000100111101110110100011101
000100111101111001100101011
000100111101111100101010011
000100111110011010110110101
000100111110011110010110101
000100111110100110100111011
000100111110110001011010111
000100111110110001111010011
000100111110110100111010011
000100111110110101110001011
000100111110111001010010111
000100111110111010100101101
000100111111001001011101011
000100111111001101001101011
000100111111010011110010101
000100111111101010101001011
000100111111110010110010101
000101000101101111010101111
000101000101101111011001111
000101000110011111110010111
000101000110110100110111111
000101000110110110100111111
000101000110110111100111011
000101001001111000111111011
000101001001111101001110111
000101001010011101101111101
000101001010111011001011111
000101001011000110111101111
000101001011011100011111101
000101001011011101000111111
000101001011011101100111101
000101001011011111000111011
000101001011100111001111101
000101001011101111011000111
000101001011110100111011101
000101001011110110011010111
000101001011111100011110011
000101001011111110011010011
000101001100110111100101111
000101001101000110111101111
000101001101001011110111011
000101001101001111100111011
000101001101011111000111011
000101001101111000111011011
000101001110011010101111011
000101001110011010111110011
000101001110100111101100111
000101001110110110100111101
000101001110111001111100101
000101001111000110111101101
000101001111001100110111101
000101001111010011011101011
000101001111010011111100011
000101001111011001111100101
000101001111100110111001101
000101001111110100111001101
000101001111110100111010101
000101001111111000111010011
000101010011000101011111111
000101010011001011111100111
000101010011001101011101111
000101010011001111101101011
000101010011010011101111011
000101010011011001011110111
000101010011100011011111101
000101010011100111011011011
000101010011110001011111101
000101010011111011010011101
000101010011111110010010111
000101010011111110010110011
000101010110001111110101101
000101010110010011110111011
000101010110110100110011111
000101010110111101110001101
000101010111111001001101011
000101011001110111010011011
000101011001111010011001111
000101011001111110011001101
000101011010011011001110111
000101011010100111100111101
000101011010100111111001101
000101011010110100011110111
000101011011000111101101101
000101011011100111001101101
000101011110101100100110111
000101011110101110001101101
000101011111010010111010011
000101011111100100111001011
000101100011010011001111111
000101100011011111011010011
000101100011100100111111101
000101100011101001011111101
000101100011110100111011101
000101100011111001100111101
000101100011111111001010011
000101100100101011110110111
000101100101001011011101111
000101100101001011111100111
000101100101001111111001011
000101100101010011001111111
000101100101010011101110111
000101100111001001011111101
000101101001011110101110011
000101101001100111011101011
000101101001110101110011101
000101101001111110100110011
000101101010111110011010011
000101101011001111100100111
000101101011111001001010111
000101101101010111101000111
000101101110100110100111011
000101110001101111101010011
000101110001111111001010011
000101110010010101011110111
000101110011001011010011111
000101110011101001001011111
000101110011110111010010011
000101110100110001101011111
000101110100111001101011011
000101110100111010110110011
000101110100111101101010011
000101110101110010100111101
000101110101111101001010011
000101110110110010100111011
000101110111101001001100111
000101111010111100011010011
000101111010111110010010011
000101111011101100100100111
000101111100110010101001111
000101111100111001101001011
000101111101001110011001011
000101111101001110101010011
000101111101010011101010011
000101111101100100111001011
000101111101101100101010011
000101111110100101101100011
000110010010011111110101011
000110010010100111011011111
000110010010111101010101111
000110010011100101011110111
000110010011100101011111011
000110010011111101010101011
000110010101001001101111111
000110010101001011101111011
000110010101001101101011111
000110010101001110101101111
000110010101001111101101011
000110010101111010011011011
000110010110101011111010011
000110010110111010100101111
000110011010010111110101011
000110011011011110010100111
000110011101001100101011111
000110011101110100101001111
000110100101001011101111011
000110100101010101101111011
000110100101011001101110111
000110100110010111110101011
000110101001011001101011111
000110101001101100101110111
000110101010010010110111111
000110101010010110010111111
000110101010111001001101111
000110101011001010011101111
000110101011101101001011011
000110101011110010011001111
000110101011110010011010111
000110101100101010010111111
000110101110101001100101111
000110110010111001010011111
000110110100101011101100111
000110110101001011101100111
000110110101011001001111011
000110111011100100101010111
000110111101001001101010111
000111001001010010011111111
000111001001011010101101111
000111001001101010101101111
000111001011111001001010111
000111001100110100101011111
000111010010010101110011111
000111010010010101110110111
000111010010011001010111111
000111010100100100110111111
000111010100101101100110111
000111010100110010110101111
000111010110010010100111111
000111011001100101001011111
000111011001101001010011111
000111011100100100101011111
000111011100101010010011111
000111011101100100101001111
