00000000000000000000000100010001001111
00000000000000000000010101011000000011
00000000000000000001100001000100010011
00000000000000000010000001010100110001
00000000000000000010000100001000011101
00000000000000000010001100101000000101
00000000000000000010010010000001000111
00000000000000000010100010010000000111
00000000000000000010100100000010100011
00000000000000000010101010010000000011
00000000000000000011000000010001001011
00000000000000000011000010000100010011
00000000000000000011000100001000001011
00000000000000000100000100100001010011
00000000000000000100010100100001000011
00000000000000000100010101000001000101
00000000000000000110000000000010101011
00000000000000000110000001000010010011
00000000000000000110000001000011000011
00000000000000000110000010000100100011
00000000000000000110000010001000100011
00000000000000000110000011000001000011
00000000000000000110000100100000001011
00000000000000000110001000000100010011
00000000000000000110001001000000001011
00000000000000000110001001000000010011
00000000000000000110010000000010001011
00000000000000001000000000100100100111
00000000000000001000000100010001000111
00000000000000001000001100101000001001
00000000000000001000100000101000000111
00000000000000001000100100000001000111
00000000000000001000100100000010100101
00000000000000001000110000001001000101
00000000000000001000110001010000000101
00000000000000001001100000000101000101
00000000000000001010000000000001101101
00000000000000001010000000001001001101
00000000000000001010000000100001100101
00000000000000001010000000100100100101
00000000000000001010000001000010100101
00000000000000001010000010000110000011
00000000000000001010000010010000100101
00000000000000001010000100000100100101
00000000000000001010000100001000001011
00000000000000001010000100010001000101
00000000000000001010000100100000001101
00000000000000001010000100100000100101
00000000000000001010000101000000100101
00000000000000001010000110000001000101
00000000000000001010001100000000001011
00000000000000001011010000000000000111
00000000000000010000001001000100001011
00000000000000010000100000001001011001
00000000000000010000100001100010001001
00000000000000010001001000000000101011
00000000000000010001010001010000000101
00000000000000010001110000000010001001
00000000000000010010000000000000111011
00000000000000010010000000000000111101
00000000000000010010000000010000101011
00000000000000010010000000011000001101
00000000000000010010000001000010101001
00000000000000010010000010000010001011
00000000000000010010000011000000001011
00000000000000010010000100000010001101
00000000000000010010000100001000011001
00000000000000010010000110000000011001
00000000000000010010001000000000101011
00000000000000010010001000000100001011
00000000000000010010001000001000001101
00000000000000010010001000010000101001
00000000000000010010001010000000101001
00000000000000010010100000000000011011
00000000000000010010100000000010001101
00000000000000010010100000001000011001
00000000000000010010100001000000001101
00000000000000010010100100000000001011
00000000000000010011000000000000101101
00000000000000010011100000000000001011
00000000000000010011100000000000001101
00000000000000010011100000000100000101
00000000000000010100000000100100001011
00000000000000010100000010000010001011
00000000000000010100000100001000100101
00000000000000010100000100010001000101
00000000000000010100010010000000001011
00000000000000010100100000000000001111
00000000000000010100101000000000001011
00000000000000010100110000000000001101
00000000000000010110000000000000110011
00000000000000010110000000000010100011
00000000000000010110000000001001000011
00000000000000010110000100100000000011
00000000000000010110001001000000000011
00000000000000010110010000000010000011
00000000000000100000000110000010010101
00000000000000100000011000001000010101
00000000000000100001000000000011110001
00000000000000100001000000100000110101
00000000000000100001000110000001010001
00000000000000100010000000001001011001
00000000000000100010000000001011001001
00000000000000100010000000010010010011
00000000000000100010000000011000011001
00000000000000100010000000011000110001
00000000000000100010000000101001000101
00000000000000100010000001000001100101
00000000000000100010000001001000010011
00000000000000100010000001001010010001
00000000000000100010000001010000011001
00000000000000100010000001010001010001
00000000000000100010000010000010000111
00000000000000100010000010000010010011
00000000000000100010000010100000010011
00000000000000100010000100010000110001
00000000000000100010000100100000011001
00000000000000100010000110000000010011
00000000000000100010000110000010010001
00000000000000100010010000000000110011
00000000000000100010010000010000011001
00000000000000100010010001000000010011
00000000000000100010010010000000011001
00000000000000100010010010010000000011
00000000000000100010100000000011001001
00000000000000100010100000100000110001
00000000000000100010100001000000110001
00000000000000100010100010000000010101
00000000000000100010100100000000010011
00000000000000100011000000000010011001
00000000000000100011000000101000000011
00000000000000100100000000011000010011
00000000000000100100000010001000100011
00000000000000100100000100001000010011
00000000000000100100010010000000010011
00000000000000100101000000000000010111
00000000000000100101000000000000011011
00000000000000100101000010000100000101
00000000000000100110000000000001100011
00000000000000100110000001000010000011
00000000000000100110001000000100000011
00000000000000100110001001000000000011
00000000000000100110100010000000000011
00000000000000101000000110000000100101
00000000000000101000010000010000010011
00000000000000101101000000000000010011
00000000000000110000000000101000001011
00000000000000110001000000000000011011
00000000000000110010000000000000101011
00000000000001000000000100100110100001
00000000000001000000000101000101010001
00000000000001000000010001010000010101
00000000000001000000010100000100101001
00000000000001000000100110000000100101
00000000000001000001000001000100010101
00000000000001000001000101010000000101
00000000000001000001010000000110100001
00000000000001000010000000000001001111
00000000000001000010000000000001110101
00000000000001000010000000000001111001
00000000000001000010000000000100110101
00000000000001000010000000000101100101
00000000000001000010000000000111100001
00000000000001000010000000001001100101
00000000000001000010000000001100100011
00000000000001000010000000010001000111
00000000000001000010000000100100101001
00000000000001000010000000101000100101
00000000000001000010000000101010100001
00000000000001000010000001000100010011
00000000000001000010000010000100100101
00000000000001000010001000000001100011
00000000000001000010010000000000101011
00000000000001000010010000000010100101
00000000000001000010010000100000100101
00000000000001000010010000100000101001
00000000000001000010010001000000001011
00000000000001000010010010000000100101
00000000000001000010011000000000110001
00000000000001000010011000000001100001
00000000000001000010100000000100101001
00000000000001000010100001000000101001
00000000000001000010101000000000101001
00000000000001000011000000000000100111
00000000000001000011000000000000101011
00000000000001000011000000001000110001
00000000000001000011000010000000110001
00000000000001000011001000000000101001
00000000000001000011010000000000101001
00000000000001000011110000000000010001
00000000000001000100000001000010100011
00000000000001000100000001000101000101
00000000000001000100000010000010100011
00000000000001000100000010100000100011
00000000000001000100000100010000100011
00000000000001000100000100010100000101
00000000000001000100001000100000100011
00000000000001000100001100000000100011
00000000000001000101000001010000000101
00000000000001000110000000000010001011
00000000000001000110000010000100000011
00000000000001000110000010001000000011
00000000000001000110010000000000101001
00000000000001000110010000000100000011
00000000000001000110010001000000000011
00000000000001000110100000000100000011
00000000000001000111000000000000100101
00000000000001000111000000000000101001
00000000000001001000000000001000110101
00000000000001001000000000101000100101
00000000000001001000000100000000110101
00000000000001001000000100001000100101
00000000000001001000000100010100000011
00000000000001001000010000000000101101
00000000000001001000010000100000100101
00000000000001001000010010000000100101
00000000000001001000100001000000100101
00000000000001001010000000001001000101
00000000000001001010000000001010000101
00000000000001001010000000100001000101
00000000000001001010000000100100000101
00000000000001001010000001000010000101
00000000000001001010000010010000000101
00000000000001001010000100000100000101
00000000000001001010000100100000000101
00000000000001001010000101000000000101
00000000000001001011000000000000100011
00000000000001010000010000000000110011
00000000000001010000100000000000101101
00000000000001010001000000000000101101
00000000000001010010000000010000001011
00000000000001010010001000000000001011
00000000000001010010010000000000100011
00000000000001010011000000000000100011
00000000000001010110000000000010000011
00000000000001100001000000000000110011
00000000000010000001000010000001011001
00000000000010000001100100000001000101
00000000000010000010000000000011100101
00000000000010000010000000001010011001
00000000000010000010000000010001000111
00000000000010000010000000010101000101
00000000000010000010000000010101010001
00000000000010000010000000110001000011
00000000000010000010000000110001000101
00000000000010000010000000110011000001
00000000000010000010000001000000001111
00000000000010000010000001001010000011
00000000000010000010000100000011000011
00000000000010000010000100000011000101
00000000000010000010000100000101000011
00000000000010000010000100001000010011
00000000000010000010000100001001010001
00000000000010000010000100010001100001
00000000000010000010000101000000110001
00000000000010000010001000000001110001
00000000000010000010001000000101000101
00000000000010000010001000001001000101
00000000000010000010001000100001000011
00000000000010000010001001000000101001
00000000000010000010001100000001010001
00000000000010000010001100000001100001
00000000000010000010010000010001001001
00000000000010000010010000010011000001
00000000000010000010010000100001000101
00000000000010000010100000010001010001
00000000000010000010100000010011000001
00000000000010000010101000000001000101
00000000000010000010101000000001010001
00000000000010000010110000000011000001
00000000000010000011000000000001010011
00000000000010000011000000100001010001
00000000000010000011000000100001100001
00000000000010000011100000000100001001
00000000000010000011100000001000001001
00000000000010000100000000011001000011
00000000000010000100000010000001010101
00000000000010000100000100000001100011
00000000000010000100010000000001010011
00000000000010000100100000000001010011
00000000000010000100100100010000000011
00000000000010000101100000000001000011
00000000000010000110000000000110000011
00000000000010000110000000010001000101
00000000000010000110000001000010000011
00000000000010000110000001001000000101
00000000000010000110000011000000000011
00000000000010000110100000000100000011
00000000000010000110100000001000000011
00000000000010000111000000000001010001
00000000000010001000000000001010000111
00000000000010001000000010000011000101
00000000000010001000001000000001010101
00000000000010001000001000100001000101
00000000000010001000001010000001010001
00000000000010001000010000000001001101
00000000000010001000010100000001010001
00000000000010001010000000001000001101
00000000000010001010000000010001000011
00000000000010001010000000010100000101
00000000000010001010000000100000100101
00000000000010001010000100000000011001
00000000000010001010000100010000000101
00000000000010001010000110000000000101
00000000000010001011000001000000000101
00000000000010010000000100010100001001
00000000000010010110000000001000000011
00000000000010010110000001000000000101
00000000000010011000001000000000001101
00000000000010011000010000000001000101
00000000000010011010000000001000000101
00000000000010100000000100000001010011
00000000000010100000010000000001010011
00000000000010100011000000000001000011
00000000000010100100000100000000010011
00000000000010100100010000000001000011
00000000000010100100100000000001000011
00000000000100000000010010001010000011
00000000000100000000100001010110000001
00000000000100000000100101100100000001
00000000000100000001000001000010001011
00000000000100000001000001010001000101
00000000000100000001001100000000100101
00000000000100000001010100000100010001
00000000000100000010000000000010001111
00000000000100000010000000000110001101
00000000000100000010000000001001011001
00000000000100000010000000010110000101
00000000000100000010000000011110000001
00000000000100000010000000100000001111
00000000000100000010000000100110010001
00000000000100000010000000101110000001
00000000000100000010000000110010000011
00000000000100000010000000110110000001
00000000000100000010000010000100000111
00000000000100000010000010000110000011
00000000000100000010000010100000100011
00000000000100000010000100000001001101
00000000000100000010000100010000001101
00000000000100000010001000000110001001
00000000000100000010001000000110010001
00000000000100000010001000001010100001
00000000000100000010001000010010100001
00000000000100000010010000001010010001
00000000000100000010010000100010000101
00000000000100000010010010000100000101
00000000000100000010011000000011000001
00000000000100000010100000010010100001
00000000000100000010100000100010000101
00000000000100000010110000000110000001
00000000000100000011000000000011100001
00000000000100000011000000100010001001
00000000000100000011000000100011000001
00000000000100000011000010000011000001
00000000000100000011001000000010001001
00000000000100000011010000000010100001
00000000000100000011100010000000000101
00000000000100000100000000011010000011
00000000000100000100000001000010100011
00000000000100000100000010010000100011
00000000000100000100001010001000000011
00000000000100000100010000001010000011
00000000000100000100010000010010000011
00000000000100000100010000010100000101
00000000000100000100011000000010000011
00000000000100000101010000000001010001
00000000000100000101010001000000000101
00000000000100000101100000000010000011
00000000000100000110000000000010001101
00000000000100000110000000000010101001
00000000000100000110000000000110000101
00000000000100000110000000001100000011
00000000000100000110000001000000010011
00000000000100000110000001000001000011
00000000000100000110000100000100000011
00000000000100000110001000100000000011
00000000000100000110001001000000000011
00000000000100001000000100000010100101
00000000000100001000001000100010000101
00000000000100001000001010000010001001
00000000000100001000101000000010000101
00000000000100001001000000000010000111
00000000000100001010000000000010001011
00000000000100001010000000000011010001
00000000000100001010000000000110001001
00000000000100001010000001000000100101
00000000000100001010000010000000010011
00000000000100001010001000000100000101
00000000000100001010001000100000000101
00000000000100001010010000001000000101
00000000000100001010010000010000000101
00000000000100001010010010000000000101
00000000000100001011000000010000000101
00000000000100001101000000000010000101
00000000000100001110000000000010001001
00000000000100010000000001000001010101
00000000000100010000000010000011001001
00000000000100010000000011000010001001
00000000000100010000001000000010011001
00000000000100010000010000000011001001
00000000000100010000010100000001000101
00000000000100010000100100000010001001
00000000000100010001010000000100000101
00000000000100010010000001000000101001
00000000000100010010000010000000001011
00000000000100010010000010010000001001
00000000000100010010000100000000001101
00000000000100010010100000001000001001
00000000000100010010100001000000001001
00000000000100010110000010000000001001
00000000000100011000000000010000001101
00000000000100011010000100000000001001
00000000000100100000000100000010010101
00000000000100100000010000000010011001
00000000000100100001100000010000000101
00000000000100100010000000010000010011
00000000000100100010000010000000010011
00000000000100100010000100000100000101
00000000000100100100010001000000000011
00000000000100100110000001000000000011
00000000000101000000000100000010100101
00000000000101000000100000000010100101
00000000000101000010000000001000100101
00000000000101000100000001000010000011
00000000000101000100000010000000100011
00000000000110000000000100000011000011
00000000000110000001000000000011000011
00000000001000000000100101010100000001
00000000001000000001000000101100000011
00000000001000000001001010101000000001
00000000001000000001010001100001000001
00000000001000000001011000100100000001
00000000001000000001100010100100000001
00000000001000000010000000000101100011
00000000001000000010000000001101001001
00000000001000000010000000001110000101
00000000001000000010000000010110001001
00000000001000000010000000011100000011
00000000001000000010000001000000110011
00000000001000000010000001000100010011
00000000001000000010000001001001010001
00000000001000000010000001001100000011
00000000001000000010000001011000100001
00000000001000000010000010000100100101
00000000001000000010000010000101000011
00000000001000000010000010000111000001
00000000001000000010000010001100001001
00000000001000000010000010010100000101
00000000001000000010000100000010110001
00000000001000000010000100000100000111
00000000001000000010000100000101001001
00000000001000000010000100000110000101
00000000001000000010000100001110000001
00000000001000000010000110001000010001
00000000001000000010000110001010000001
00000000001000000010001000000110001001
00000000001000000010001000000110010001
00000000001000000010001000001100000101
00000000001000000010001000010100001001
00000000001000000010010000001000011001
00000000001000000010010000010000001011
00000000001000000010010000010000010101
00000000001000000010010000010000100101
00000000001000000010100000001110000001
00000000001000000010100001000100001001
00000000001000000010100001000100100001
00000000001000000010100100000101000001
00000000001000000011000000000100100101
00000000001000000011000000000101000011
00000000001000000011000000010100000011
00000000001000000011000000010110000001
00000000001000000011000001000101000001
00000000001000000011000001001000000101
00000000001000000011000010000100000011
00000000001000000011000100000100100001
00000000001000000011000101000001000001
00000000001000000011001000000110000001
00000000001000000011010001000001000001
00000000001000000011010010000001000001
00000000001000000011100000000110000001
00000000001000000100000000110100000011
00000000001000000100000001000100010011
00000000001000000100000001000100100011
00000000001000000100000001000110000011
00000000001000000100000010000001100011
00000000001000000100010000000100010011
00000000001000000100100000000101000011
00000000001000000100110000000100000011
00000000001000000101010000000100000011
00000000001000000101100000000100000011
00000000001000000110000000000101100001
00000000001000000110000000011000000011
00000000001000000110000001000100100001
00000000001000000110000010000000100011
00000000001000000110000010000101000001
00000000001000000110000100000000100101
00000000001000000110000100000010000011
00000000001000000110000100000100000101
00000000001000000110001000000000010011
00000000001000000110010000000000100011
00000000001000000110100000000001000011
00000000001000000110100000000100100001
00000000001000000110100000001000000011
00000000001000000111000000000101000001
00000000001000000111100000000001000001
00000000001000001000000010000110000101
00000000001000001000100000000100010101
00000000001000001000100000000101000101
00000000001000001000100100001000000101
00000000001000001001000000000100000111
00000000001000001001000000001100000101
00000000001000001001000000001100010001
00000000001000001010000000000110001001
00000000001000001010000000100000100101
00000000001000001010000001010000000101
00000000001000001010000100000000100101
00000000001000001010000100000100000011
00000000001000001010001000000010000101
00000000001000001010010000100000000101
00000000001000001011000000000100100001
00000000001000010000000000101000001011
00000000001000010000000010100000011001
00000000001000010000000100000100101001
00000000001000010000000100000101001001
00000000001000010000001000100000001101
00000000001000010000010000000100101001
00000000001000010001000000000110001001
00000000001000010001000000001100001001
00000000001000010010000000000110000101
00000000001000010010000010000000101001
00000000001000010011000000010000010001
00000000001000010011000001000000010001
00000000001000010011000010000000001001
00000000001000010100000000100000001011
00000000001000011000000000100000001101
00000000001000100100000001000100000011
00000000001000100100010000000100000011
00000000001000101000100000000100000101
00000000001001000000000100010000000111
00000000001001000000010000000100101001
00000000001001000010000000001000100011
00000000001001000010000000100000101001
00000000001001000010000010000000100101
00000000001001000011000000000100000101
00000000001001001010000000100000000101
00000000001001100001000000000100000101
00000000001010000000100000000101000101
00000000001010000010000000010001000101
00000000001010000010000010000100000011
00000000001010000011000000000100000011
00000000001010000100100000000100000011
00000000001100000001000000000110000011
00000000010000000001000000010001010101
00000000010000000001000001000110100001
00000000010000000010000000001000001111
00000000010000000010000000001001010101
00000000010000000010000000101000000111
00000000010000000010000000101101000001
00000000010000000010000001001000010011
00000000010000000010000001001100010001
00000000010000000010000001101000000101
00000000010000000010000010001000011001
00000000010000000010000010001001000101
00000000010000000010000010001100000101
00000000010000000010000010100110000001
00000000010000000010000010101010000001
00000000010000000010000011001000001001
00000000010000000010000011001100000001
00000000010000000010000110000100010001
00000000010000000010000110001000010001
00000000010000000010001000001000100011
00000000010000000010001000001001100001
00000000010000000010001000001010000011
00000000010000000010001000001010001001
00000000010000000010001000101000001001
00000000010000000010001000101010000001
00000000010000000010001001001000001001
00000000010000000010001001001001000001
00000000010000000010001100001000100001
00000000010000000010010000001000100011
00000000010000000010010000001100100001
00000000010000000010010010001000001001
00000000010000000010010010001001000001
00000000010000000010011000001000000011
00000000010000000010011000001001000001
00000000010000000010011000010000000011
00000000010000000010100000001000001011
00000000010000000010100000001110000001
00000000010000000010100010001000000101
00000000010000000010100010001001000001
00000000010000000010100110000001000001
00000000010000000010101000001000000101
00000000010000000010101010000010000001
00000000010000000010110000001010000001
00000000010000000011001001000010000001
00000000010000000011010000000110000001
00000000010000000100000000101000000111
00000000010000000100000000101100000011
00000000010000000100000001000001010101
00000000010000000100000010000000110011
00000000010000000100000010001010000011
00000000010000000100000010010001000011
00000000010000000100000100001000000111
00000000010000000100001000001001000011
00000000010000000100010000010000010101
00000000010000000100100100010000000011
00000000010000000101000000001100000011
00000000010000000101010001000000010001
00000000010000000101010001000001000001
00000000010000000110000000001000001101
00000000010000000110000010000000100011
00000000010000000110001000001000100001
00000000010000000110001000001010000001
00000000010000000110010000001000100001
00000000010000000110100000000100000011
00000000010000000110100000001000001001
00000000010000001000000001000100001101
00000000010000001000000001001000100101
00000000010000001000000001001010000101
00000000010000001000000010001000010101
00000000010000001000100000001000000111
00000000010000001001000000001000000111
00000000010000001001000000011000000101
00000000010000001010000000001000001011
00000000010000001010000000001001010001
00000000010000001010000010001001000001
00000000010000001010000010100000000101
00000000010000001010010000000010000101
00000000010000001100000000101000000011
00000000010000001100000100001000000011
00000000010000001100100000001000000101
00000000010000001101000000001000000101
00000000010000001110000000001000001001
00000000010000010000000010001001001001
00000000010000010000000010001010001001
00000000010000010000000010011001000001
00000000010000010000000100001000101001
00000000010000010000000100010101000001
00000000010000010000001001001000010001
00000000010000010000010000000100010101
00000000010000010001001000000100000011
00000000010000010001010000000100010001
00000000010000010010000000001010100001
00000000010000010010000000010000001101
00000000010000010010000100000000011001
00000000010000010010001001000000001001
00000000010000010010100000000010001001
00000000010000010010100000001000000011
00000000010000010100000000011000001001
00000000010000010100000010000001100001
00000000010000010100000010010000000011
00000000010000011010000000010000001001
00000000010000100000001000101000010001
00000000010000100000010000000010010101
00000000010000100000100000001000010101
00000000010000100000101000000100010001
00000000010000100010000000001001000101
00000000010000100010000000010000011001
00000000010000100010000000010000110001
00000000010000100010000001000000010011
00000000010000100010000001000010010001
00000000010000100010010000010000010001
00000000010000100010100010000000010001
00000000010000100011000010000000010001
00000000010000100100000000011000010001
00000000010000100110000001000000010001
00000000010000101000000010001000000101
00000000010000101000001001000000010001
00000000010000101000100000001000010001
00000000010000101100000001000000010001
00000000010000110000100100000000010001
00000000010000110010000000010000010001
00000000010001000000000101001000000011
00000000010001000000001000001000110001
00000000010001000000010000000110001001
00000000010001000000010000001000100101
00000000010001000000010000010001000101
00000000010001000000010100001000001001
00000000010001000001000000001000110001
00000000010001000010000000100000100101
00000000010001000010010000001000000011
00000000010001001000000100000000100101
00000000010001010000000010000001000011
00000000010001010000000100001000001001
00000000010010000000100000000101000011
00000000010010000010000010001000000101
00000000010010000100001000001000000011
00000000010100000010001000001000000011
00000000010100000100000010001000000011
00000000011000000001000000001100000011
00000000011000000010000000010100000011
00000000100000000100000001000000110011
00000000100000000100000010001000001011
00000000100000000100100100001000000011
00000000100000001000000010011000100001
00000000100000001000000100010000100101
00000000100000001000000100010010000101
00000000100000001000001001010000100001
00000000100000001001000000010001100001
00000000100000001010000010000000100101
00000000100000001010000010010001000001
00000000100000001010000100000001000101
00000000100000001010000100000010001001
00000000100000001010010000000010000101
00000000100000001010100000010000010001
00000000100000001010100000010001000001
00000000100000001100000100000010000101
00000000100000010000000100010000101001
00000000100000010001000000010000001101
00000000100000010001000000011000001001
00000000100000010010000010010001000001
00000000100000010010010000010001000001
00000000100000010100000000110000001001
00000000100000011001000000010000001001
00000000100000100000001000010000110001
00000000100000100001000000010000011001
00000000100000100001000000010100010001
00000000100000100001000000011000010001
00000000100000100010000001000000011001
00000000100000100010000100000000110001
00000000100000100010010000001000010001
00000000100000100010100000010000000101
00000000100000100011000001000000010001
00000000100000110001000000010000010001
00000000100000110010000001000000010001
00000000100001010000000100010000001001
00000000100001100000001000010000010001
00000000100010000000100000010000100101
00000000100010000000100000010001010001
00000000100010000010000000100001000011
00000000100010000010000000100001000101
00000000100010000010000010010000000101
00000000100010000010000010010000001001
00000000100010000010010000010000001001
00000000100010000010100000010000000101
00000000100100000010000000100010000011
00000000100100001000000100010000000101
00000000100100010000001000010000000101
