00000000000000000000100110101111
00000000000000000100011001010111
00000000000000001010100110000111
00000000000000001010110010000111
00000000000000010000010111001011
00000000000000010000011101101001
00000000000000010000100011011011
00000000000000010000100111010011
00000000000000010000101011011001
00000000000000010001000011110101
00000000000000010001000011111001
00000000000000010001000101001111
00000000000000010001000111001011
00000000000000010001000111100101
00000000000000010001001001001111
00000000000000010001001001010111
00000000000000010001001001101011
00000000000000010001010010001111
00000000000000010001010010010111
00000000000000010001100101000111
00000000000000010001100101010011
00000000000000010010010010001111
00000000000000010010011000010111
00000000000000010010100110000111
00000000000000010010111000100101
00000000000000010011000001110101
00000000000000010011000101001101
00000000000000010011001010000111
00000000000000010011100010010101
00000000000000010011100101000101
00000000000000010100000110011101
00000000000000010100010010010111
00000000000000010100010010100111
00000000000000010100011000011011
00000000000000010100100010001111
00000000000000010100100011010101
00000000000000010101000010110011
00000000000000010101000011001011
00000000000000010101000011010011
00000000000000010111001001000011
00000000000000011000100100100111
00000000000000011001000101001011
00000000000000011001001001000111
00000000000000011001010000001111
00000000000000011001010000010111
00000000000000011010100100000111
00000000000000011011010000000111
00000000000000100001001001001111
00000000000000100001001010001111
00000000000000100010000110010111
00000000000000100010001000101111
00000000000000100011001000101011
00000000000000100011001010000111
00000000000000100011010001010011
00000000000000100100110000101011
00000000000000100101001010001011
00000000000000100101001100000111
00000000000000100101101000100011
00000000000000100111000001010011
00000000000000101000000101100111
00000000000000101000100100100111
00000000000000101000100101100011
00000000000000101001000100100111
00000000000000101001001001000111
00000000000000101001101000100011
00000000000000101001110000010011
00000000000000101010000011010011
00000000000000101010001000100111
00000000000000101010001001000111
00000000000000101010001001100011
00000000000000101010100100100011
00000000000000101010111000000011
00000000000000101011000010001011
00000000000000101011000110000011
00000000000000101100011000001011
00000000000000101100100100100011
00000000000000101100110000001011
00000000000000101101000001100011
00000000000000101101001000100011
00000000000000101101010001000011
00000000000000101110000001010011
00000000000000101110001000010011
00000000000000110000010100001111
00000000000000110000010100100111
00000000000000110000100000011111
00000000000000110000100100010111
00000000000000110000100100100111
00000000000000110000101000011011
00000000000000110001001001001011
00000000000000110001010000011011
00000000000000110001011000001011
00000000000000110001100001010011
00000000000000110001101000001011
00000000000000110010001000101011
00000000000000110010001010001011
00000000000000110010010000100111
00000000000000110010010100000111
00000000000000110100000100100111
00000000000001000000110001010111
00000000000001000000110010100111
00000000000001000001001010011101
00000000000001000010000101011101
00000000000001000010001101000111
00000000000001000010010010001111
00000000000001000010110000110101
00000000000001000011000101000111
00000000000001000011101000100101
00000000000001000100010001001111
00000000000001000100010010001111
00000000000001000100010100001111
00000000000001000100110001011001
00000000000001000101000100100111
00000000000001000101100001001101
00000000000001000101110000100101
00000000000001000110000001101101
00000000000001000110000100100111
00000000000001000110011010000101
00000000000001000110100000110101
00000000000001000110100001010101
00000000000001000110100100000111
00000000000001000110100100010101
00000000000001000111100001001001
00000000000001001000001101100101
00000000000001001000001110010101
00000000000001001000100101000111
00000000000001001000100101100101
00000000000001001000111000100101
00000000000001001001100000010111
00000000000001001001110000001101
00000000000001001010000100011101
00000000000001001010011000001101
00000000000001001010100010000111
00000000000001001011001100000101
00000000000001001100000001010111
00000000000001001100000011010101
00000000000001001100000101100101
00000000000001001100011000001101
00000000000001001100100001000111
00000000000001001101000010000111
00000000000001001101000011000101
00000000000001001101010000000111
00000000000001001101010000001101
00000000000001001110010010000101
00000000000001010000000111010011
00000000000001010000010110001011
00000000000001010001000100011011
00000000000001010001000100101101
00000000000001010001001100001011
00000000000001010001010000101011
00000000000001010001100000101101
00000000000001010010000010110011
00000000000001010010000101010011
00000000000001010100000011001011
00000000000001010100000110010011
00000000000001010110010010000011
00000000000001010110110000000011
00000000000001011000010000101011
00000000000001100000010100100111
00000000000001100000010101100011
00000000000001100010000100100111
00000000000001100010010000010111
00000000000001100010010010000111
00000000000001100010010100000111
00000000000001100010100000101011
00000000000001100100001010000111
00000000000001100100010010000111
00000000000001100101010000000111
00000000000001100101010000001011
00000000000010000000010111001011
00000000000010000000101100011101
00000000000010000000110101010011
00000000000010000000111001101001
00000000000010000001001001001111
00000000000010000001010111001001
00000000000010000100001000011111
00000000000010000100001011001101
00000000000010000100001011101001
00000000000010000100011001101001
00000000000010000110110000101001
00000000000010000111100010001001
00000000000010001000001001101011
00000000000010001000100010001111
00000000000010001000101100001101
00000000000010001000110000101101
00000000000010001000110001001011
00000000000010001000110010001011
00000000000010001000111010001001
00000000000010001001100001001011
00000000000010001001100010001011
00000000000010001010000110001011
00000000000010001010010001101001
00000000000010001010010100011001
00000000000010001010110000011001
00000000000010001011000100101001
00000000000010001100000001011011
00000000000010001100000010011011
00000000000010001100001010001011
00000000000010001100010100001011
00000000000010001100101000001101
00000000000010001101010000001101
00000000000010001110000010011001
00000000000010010000000110101011
00000000000010010000001000111011
00000000000010010000001010100111
00000000000010010000010110001101
00000000000010010000011000110101
00000000000010010000101000011011
00000000000010010000101000011101
00000000000010010000101000101101
00000000000010010000101010101001
00000000000010010000110000101011
00000000000010010001000100011101
00000000000010010001000101001011
00000000000010010001000101001101
00000000000010010001001001001011
00000000000010010001001011000011
00000000000010010001001100001101
00000000000010010001010010000111
00000000000010010001100000101011
00000000000010010001101000001011
00000000000010010001110010000011
00000000000010010010001100010101
00000000000010010010010010001101
00000000000010010010100000010111
00000000000010010010100000011101
00000000000010010010100000111001
00000000000010010010100010001101
00000000000010010010101000000111
00000000000010010010101000011001
00000000000010010011000000110101
00000000000010010011000000111001
00000000000010010011000100001101
00000000000010010011010100000011
00000000000010010011100000010011
00000000000010010011100000101001
00000000000010010100000100011011
00000000000010010100001000011011
00000000000010010100001100011001
00000000000010010100010000011011
00000000000010010100010100001011
00000000000010010100010100011001
00000000000010010100011000010011
00000000000010010100101000011001
00000000000010010100110000011001
00000000000010010100110010000011
00000000000010010110001000100101
00000000000010010110011000000101
00000000000010011000000010001111
00000000000010011000000101001011
00000000000010011000001000101101
00000000000010011000001001010011
00000000000010011000001100100101
00000000000010011000010000101101
00000000000010011000010100001011
00000000000010011000010100001101
00000000000010011000100000101101
00000000000010011000100010001011
00000000000010011000110000001011
00000000000010011001001010000011
00000000000010011010000101000011
00000000000010011100010000001101
00000000000010011110000000100101
00000000000010100000000110100111
00000000000010100000001100100111
00000000000010100000011011000011
00000000000010100000101000100111
00000000000010100001001001001101
00000000000010100001001010001011
00000000000010100001100000100111
00000000000010100001100010001011
00000000000010100010000011100011
00000000000010100010001000100111
00000000000010100010001100001101
00000000000010100010010000100111
00000000000010100010010010000111
00000000000010100010100010001101
00000000000010100010100100001011
00000000000010100011000000101101
00000000000010100011001000001011
00000000000010100100000011001101
00000000000010100100001000011101
00000000000010100100001010000111
00000000000010100100001100000111
00000000000010100100100010000111
00000000000010100100100010001101
00000000000010100101110000000011
00000000000010100110001010000011
00000000000010100110010000000111
00000000000010101000000011010011
00000000000010101000010011000011
00000000000010101000100101000011
00000000000010101001001100000011
00000000000010101001110000000011
00000000000010101011100000000011
00000000000010110000000110001011
00000000000010110000001010100011
00000000000010110000001011000011
00000000000010110000010100000111
00000000000010110000100000010111
00000000000010110000101000010011
00000000000010110001000110000011
00000000000010110001001001000011
00000000000010110001010000010011
00000000000010110001011000000011
00000000000010110001100010000011
00000000000010110001101000000011
00000000000010110010001000100011
00000000000010110010001010000011
00000000000010111000100000001011
00000000000010111001001000000011
00000000000010111010000100000011
00000000000011000000000110101011
00000000000011000000001010100111
00000000000011000000001100101011
00000000000011000000010101001011
00000000000011000000100100101011
00000000000011000001001000101011
00000000000011000001101000001011
00000000000011000101001000001011
00000000000011000101010000001011
00000000000011001000000010101011
00000000000011001010000100001011
00000000000011001010100000001011
00000000000011010001000000011011
00000000000100000000110001011011
00000000000100000000110101001011
00000000000100000000111001011001
00000000000100000001100010010111
00000000000100000001110011010001
00000000000100000011001000011101
00000000000100000100000101111001
00000000000100000100001000011111
00000000000100000100101000010111
00000000000100000110000010110101
00000000000100000110000101011001
00000000000100000110010100011001
00000000000100000110101000011001
00000000000100000111001000010101
00000000000100000111001000011001
00000000000100001000100001011011
00000000000100001001000001110101
00000000000100001001100000110101
00000000000100001010001010011001
00000000000100001010010000011101
00000000000100001010010001110001
00000000000100001010100000011011
00000000000100001011000000110101
00000000000100001011000001010011
00000000000100001100000010110101
00000000000100001100000101010011
00000000000100001100010100010101
00000000000100001100110000010101
00000000000100001110000001011001
00000000000100001110000010010101
00000000000100001110000010011001
00000000000100010000000110100111
00000000000100010000010010100111
00000000000100010000011001001011
00000000000100010000011100101001
00000000000100010000100100100111
00000000000100010000100111000011
00000000000100010001000011100101
00000000000100010001001001000111
00000000000100010001001010000111
00000000000100010001010000101101
00000000000100010001010010000111
00000000000100010001010010001101
00000000000100010001010011000011
00000000000100010001011000000111
00000000000100010010000010100111
00000000000100010010001001010011
00000000000100010010001100001101
00000000000100010011100001001001
00000000000100010100000011011001
00000000000100010100001001110001
00000000000100010100010110001001
00000000000100010100100100001011
00000000000100010100110000001011
00000000000100010100110100000011
00000000000100010101000000101101
00000000000100010101000001100011
00000000000100010101011000000101
00000000000100010110000000110011
00000000000100010110010001000011
00000000000100011000000011011001
00000000000100011000010101001001
00000000000100011000010110000011
00000000000100011010100001001001
00000000000100011100000001011001
00000000000100011100001001001001
00000000000100011100100000011001
00000000000100011101000001000101
00000000000100011110000000100101
00000000000100100000000100011111
00000000000100100000001010010111
00000000000100100000001010011101
00000000000100100000001011000111
00000000000100100000010010100111
00000000000100100000010101011001
00000000000100100000011000110101
00000000000100100000100101010011
00000000000100100000100110000111
00000000000100100000101000010111
00000000000100100000101000011011
00000000000100100000101001010011
00000000000100100000101010010011
00000000000100100000101011000011
00000000000100100000110101000011
00000000000100100001010001010011
00000000000100100001010011000011
00000000000100100001100000010111
00000000000100100001100010010101
00000000000100100010000001111001
00000000000100100010100001001011
00000000000100100010100001100011
00000000000100100100001000100111
00000000000100100100001010100011
00000000000100100100001100001011
00000000000100100100001100010101
00000000000100100100011000001011
00000000000100100100101000010101
00000000000100100100110000000111
00000000000100100110000000111001
00000000000100100110001000000111
00000000000100100110001000011001
00000000000100100110100001000011
00000000000100101000000110010011
00000000000100101000001010010011
00000000000100101000001010011001
00000000000100101000010011000011
00000000000100101000011001000101
00000000000100101000100000011011
00000000000100101000110000010101
00000000000100101001100000000111
00000000000100101001100000010011
00000000000100101010010000100011
00000000000100101010011000000011
00000000000100101100001000010101
00000000000100101100010000010101
00000000000100101110000001000011
00000000000100110000000101001011
00000000000100110000010001010011
00000000000100110000100100000111
00000000000100110000101000000111
00000000000100110000101000001011
00000000000100110001010000001011
00000000000100110010000110000101
00000000000100110010110000000101
00000000000100110100000000010111
00000000000100110100010100000011
00000000000100111000000101000011
00000000000100111000001010000011
00000000000100111001000010000011
00000000000101000000000111001101
00000000000101000000010010110011
00000000000101000000010110010011
00000000000101000000011000101101
00000000000101000000011010001101
00000000000101000001000010011011
00000000000101000001010010010011
00000000000101000001100000110011
00000000000101000010001000101101
00000000000101000010100100001101
00000000000101000100000001110011
00000000000101000100001010010011
00000000000101000100010010001101
00000000000101000101000000010111
00000000000101000101000100010101
00000000000101000101001000010101
00000000000101000110000000101101
00000000000101001000000010110011
00000000000101001000000101010011
00000000000101001000000110010011
00000000000101001000101000010011
00000000000101001000110000010011
00000000000101001001001000000111
00000000000101001010010000001101
00000000000101001101000000010101
00000000000101010000000101001101
00000000000101010000100001001011
00000000000101010000100100100011
00000000000101010000100101000011
00000000000101010001010010000011
00000000000101010010010000100011
00000000000101010010100100000011
00000000000101010010110000000011
00000000000101011000000101000011
00000000000101100000001010010011
00000000000101100000101000010011
00000000000101100001000000010111
00000000000101100010001010000011
00000000000101100010010000000111
00000000000101100010100000001011
00000000000101100100101000000011
00000000000101101000000010100011
00000000000101110000000101000011
00000000000101110000100000001011
00000000000101110000100100000011
00000000000101110100000000010011
00000000000101110100001000000011
00000000000110000000001000011111
00000000000110000000001010010111
00000000000110000000010100011011
00000000000110000000010101010011
00000000000110000000101000011011
00000000000110000001100000101011
00000000000110000100001000110011
00000000000110000100100000101011
00000000000110000101000000011011
00000000000110001000010010010011
00000000000110001001010000010011
00000000000110001010100000001011
00000000000110010000001000101011
00000000000110010000101000001011
00000000000110100000000100010111
00000000001000000000011010100111
00000000001000000000101000111101
00000000001000000000101100101011
00000000001000000000110010101011
00000000001000000000110110110001
00000000001000000000111000101011
00000000001000000000111010101001
00000000001000000010001011110001
00000000001000000010010001110011
00000000001000000010011011100001
00000000001000000011000010101101
00000000001000000011000010110101
00000000001000000011000011010101
00000000001000000100000101110011
00000000001000000100010010100111
00000000001000000100010100101011
00000000001000000100010101100011
00000000001000000100011100100101
00000000001000000100100001110011
00000000001000000110001001101001
00000000001000000110010000110101
00000000001000000110100000110101
00000000001000000111110000100001
00000000001000001000000011101101
00000000001000001000001010110011
00000000001000001000001011100101
00000000001000001000010000101111
00000000001000001000010010110011
00000000001000001000011010100011
00000000001000001000100000101111
00000000001000001000100111100001
00000000001000001000101000101011
00000000001000001000101110001001
00000000001000001001000010100111
00000000001000001001010000100111
00000000001000001001010111000001
00000000001000001001100000101101
00000000001000001010000101110001
00000000001000001010001101100001
00000000001000001010101100000011
00000000001000001100000001101101
00000000001000001100000010110011
00000000001000001100010000100111
00000000001000001100010001101001
00000000001000001101000010100011
00000000001000001110000100101001
00000000001000001111010000100001
00000000001000010000000101110101
00000000001000010000000110010111
00000000001000010000001101101001
00000000001000010000001111100001
00000000001000010000010010010111
00000000001000010000010100011011
00000000001000010000010100100111
00000000001000010000010110001011
00000000001000010000010110110001
00000000001000010000011000100111
00000000001000010000011001001011
00000000001000010000011100100101
00000000001000010000011101001001
00000000001000010000011101100001
00000000001000010000011110010001
00000000001000010000011110100001
00000000001000010000100001011101
00000000001000010000100100010111
00000000001000010000101000011011
00000000001000010000110010010101
00000000001000010001000010010111
00000000001000010001000011010011
00000000001000010001000100001111
00000000001000010001000101000111
00000000001000010001000101100101
00000000001000010001100000111001
00000000001000010001100001011001
00000000001000010001101000011001
00000000001000010010000010111001
00000000001000010010000011101001
00000000001000010010001001101001
00000000001000010010001001110001
00000000001000010010001011100001
00000000001000010010001101000101
00000000001000010010100000010111
00000000001000010010100000111001
00000000001000010010100001101001
00000000001000010010100010010101
00000000001000010010100010100011
00000000001000010010100011000011
00000000001000010010111000010001
00000000001000010011000010010101
00000000001000010011000011000101
00000000001000010011100000101001
00000000001000010011100001000101
00000000001000010100000101100011
00000000001000010100000110000111
00000000001000010100001001100101
00000000001000010100001001101001
00000000001000010100001100001101
00000000001000010100001101001001
00000000001000010100001101100001
00000000001000010100010000010111
00000000001000010100010010000111
00000000001000010100010100110001
00000000001000010100011001010001
00000000001000010100100001100011
00000000001000010100100011000011
00000000001000010101000010110001
00000000001000010101000100010011
00000000001000010101000100110001
00000000001000010101000110010001
00000000001000010101100100000011
00000000001000010110000010010101
00000000001000010110001000101001
00000000001000010110100000100011
00000000001000010110100010000101
00000000001000010111000100001001
00000000001000011000010101001001
00000000001000011000100001011001
00000000001000011000101001001001
00000000001000011001000000110101
00000000001000011001000011000101
00000000001000011001000100100101
00000000001000011001000100101001
00000000001000011001010000001101
00000000001000011001010000011001
00000000001000011010000000101011
00000000001000011010000010110001
00000000001000011010001000101001
00000000001000011010100010010001
00000000001000011011000000100101
00000000001000011100010010010001
00000000001000011100100001000101
00000000001000011101000100010001
00000000001000100000001110101001
00000000001000100000011001001011
00000000001000100000011100101001
00000000001000100000100101000111
00000000001000100000100110001101
00000000001000100000110010100101
00000000001000100001000001111001
00000000001000100001000110000111
00000000001000100001000110100011
00000000001000100001001001101001
00000000001000100001010000101101
00000000001000100001100000101101
00000000001000100001100000110101
00000000001000100001100100101001
00000000001000100010000110000111
00000000001000100010000111001001
00000000001000100010010000111001
00000000001000100010100010100101
00000000001000100011000001101001
00000000001000100011100000100101
00000000001000100100000101110001
00000000001000100100001001110001
00000000001000100100001100001011
00000000001000100100101000000111
00000000001000101000000010011011
00000000001000101000001001101001
00000000001000101000110000001011
00000000001000101000110100000011
00000000001000101001000000110011
00000000001000101001000010000111
00000000001000101001000010010011
00000000001000101010000010000111
00000000001000101010000010001011
00000000001000101010000110000011
00000000001000101010001100001001
00000000001000101010100100000011
00000000001000101100000100101001
00000000001000101110000000101001
00000000001000110000000010101011
00000000001000110000000110101001
00000000001000110000001010001011
00000000001000110000001011000011
00000000001000110000010100000111
00000000001000110000010100100101
00000000001000110000010110000101
00000000001000110000011000100101
00000000001000110000100100000111
00000000001000110000100100010101
00000000001000110000101000001101
00000000001000110001100000001101
00000000001000110010010000000111
00000000001000110010010000001101
00000000001000110010100001000011
00000000001000110100000011000011
00000000001000110100000100000111
00000000001000110100000101000011
00000000001000110100000110000011
00000000001000110100000110000101
00000000001000110100001010000011
00000000001000110100011000000011
00000000001000110100100100000011
00000000001000110100110000000101
00000000001000110110000010000101
00000000001000110110100000000101
00000000001000111000000101001001
00000000001000111000100000100011
00000000001000111010000000101001
00000000001000111100000010001001
00000000001000111100100000001001
00000000001001000000001011000111
00000000001001000000001100100111
00000000001001000000010011100011
00000000001001000000010100100111
00000000001001000000011011000101
00000000001001000000011100100101
00000000001001000000100100011101
00000000001001000000100111000101
00000000001001000000101100000111
00000000001001000000110001100101
00000000001001000001000100001111
00000000001001000001000110000111
00000000001001000001001000001111
00000000001001000001010000001111
00000000001001000001010000111001
00000000001001000001010001001101
00000000001001000001010001100101
00000000001001000001100010010101
00000000001001000001100010101001
00000000001001000010000011101001
00000000001001000010010000010111
00000000001001000010100000110011
00000000001001000010100001100101
00000000001001000011100000101001
00000000001001000100000111000101
00000000001001000100001100001101
00000000001001000100100001100101
00000000001001000101000110000101
00000000001001000101010000000111
00000000001001000101010000100101
00000000001001000110000001010101
00000000001001000110000001101001
00000000001001000110100000100011
00000000001001000111000000001101
00000000001001000111000000101001
00000000001001000111100000000101
00000000001001001000001010100011
00000000001001001001110000000101
00000000001001001100000100010101
00000000001001001100011000000101
00000000001001001101000010000101
00000000001001010000010011000101
00000000001001010000010100100011
00000000001001010000011000011001
00000000001001010000011000100011
00000000001001010000101000011001
00000000001001010001001000001011
00000000001001010001010000011001
00000000001001010001010001000011
00000000001001010100000100100011
00000000001001010100001100000011
00000000001001010110000000100011
00000000001001010110000100000011
00000000001001011000011000000011
00000000001001100000001010000111
00000000001001100000001100100101
00000000001001100000010100000111
00000000001001100000010100100101
00000000001001100000010101000011
00000000001001100000011000010101
00000000001001100000100101000011
00000000001001100000101001000011
00000000001001100000110000100101
00000000001001100001000110000101
00000000001001100001100000010101
00000000001001100010000100000111
00000000001001100011000000001101
00000000001001100011000000100101
00000000001001100100000110000101
00000000001001100101000100000101
00000000001001101010000100000011
00000000001001110000010100000011
00000000001001110000100100000011
00000000001001110010010000000011
00000000001001110100000100000011
00000000001010000000001010100111
00000000001010000000010011100101
00000000001010000000011001001101
00000000001010000000101000100111
00000000001010000001000001110011
00000000001010000001001100100101
00000000001010000001010000100111
00000000001010000001100000001111
00000000001010000001100000110011
00000000001010000001100001100101
00000000001010000001100010001101
00000000001010000010001000101101
00000000001010000010001110000011
00000000001010000010010000110011
00000000001010000100000001011011
00000000001010000100001001100101
00000000001010000100010001001011
00000000001010000100011000001101
00000000001010000100100000110011
00000000001010000110000011000011
00000000001010001000001101000011
00000000001010001000010000100111
00000000001010001000010001100101
00000000001010001001000010001101
00000000001010001010000000101011
00000000001010001100001001000011
00000000001010001100010000001101
00000000001010010000000111000011
00000000001010010000001001100011
00000000001010010001000100000111
00000000001010010001000101000011
00000000001010010001001000000111
00000000001010010100010100000011
00000000001010011000001001000011
00000000001010011001000010000011
00000000001010011010000000100011
00000000001010100000011010000011
00000000001010100001100000001101
00000000001010100100000011000011
00000000001010100100011000000011
00000000001010101100100000000011
00000000001010110000000010100011
00000000001010110000000011000011
00000000001010110000000110000011
00000000001010110000001010000011
00000000001011000000001010100011
00000000001011000001010000100011
00000000001011000011000000100011
00000000001011100000001010000011
00000000001011100010010000000011
00000000001100000000010100101011
00000000001100000001000010110011
00000000001100000001010010010011
00000000001100000010100001100011
00000000001100000101010000010011
00000000001100001010000001010011
00000000001100010000101000001011
00000000001100010100000001010011
00000000010000000010010001110101
00000000010000000010010001111001
00000000010000000010010101000111
00000000010000000010010111000101
00000000010000000010100011001101
00000000010000000010100101110001
00000000010000000010101110000011
00000000010000000010110011100001
00000000010000000011000001011011
00000000010000000011000100110101
00000000010000000100000011010111
00000000010000000100100011010011
00000000010000000100101011000011
00000000010000000101001001100011
00000000010000000101011010000011
00000000010000000110000011001101
00000000010000000111001001100001
00000000010000001000001100101011
00000000010000001000010010010111
00000000010000001000100101000111
00000000010000001000110101001001
00000000010000001000111101000001
00000000010000001001010011000011
00000000010000001010010001110001
00000000010000001010101100100001
00000000010000001011000010010101
00000000010000001100000001101011
00000000010000001100000101100011
00000000010000001100001011010001
00000000010000001100010001001011
00000000010000001101010001000011
00000000010000001101100011000001
00000000010000001110100001000011
00000000010000010000000100101111
00000000010000010000010000101111
00000000010000010000010010001111
00000000010000010000010100011011
00000000010000010000010110100011
00000000010000010000011100101001
00000000010000010000100000011111
00000000010000010000100000111101
00000000010000010000101000011101
00000000010000010000101100010101
00000000010000010000110110001001
00000000010000010001000101000111
00000000010000010001000110100101
00000000010000010001001100011001
00000000010000010001001101000101
00000000010000010001011000010011
00000000010000010001100000011101
00000000010000010001110010000101
00000000010000010010000010110101
00000000010000010010000101010011
00000000010000010010000110001011
00000000010000010010000110100011
00000000010000010010001010100101
00000000010000010011100010010001
00000000010000010100000010110011
00000000010000010100001001100101
00000000010000010100010001010101
00000000010000010100010001110001
00000000010000010100100000110011
00000000010000010100101000000111
00000000010000010101000000111001
00000000010000010101100000110001
00000000010000010110000011000101
00000000010000010110001000010101
00000000010000010110010001010001
00000000010000010110100000010011
00000000010000010111000000100011
00000000010000010111100000010001
00000000010000011000000100110101
00000000010000011000001001010011
00000000010000011001000100001011
00000000010000011001000101000101
00000000010000011010000000110101
00000000010000011010000001100101
00000000010000011010000010010101
00000000010000011010000100001011
00000000010000011010000100010101
00000000010000011010000100100101
00000000010000011010000110010001
00000000010000011010011000000101
00000000010000011010100000011001
00000000010000011011000010010001
00000000010000011100000001100101
00000000010000011100000100101001
00000000010000011100010000101001
00000000010000011100010001010001
00000000010000011100100000110001
00000000010000011101000000101001
00000000010000011101100000001001
00000000010000011110100000000011
00000000010000100000000100011111
00000000010000100000000101110101
00000000010000100000001110001011
00000000010000100000001110100011
00000000010000100000010101001101
00000000010000100000011001001011
00000000010000100000011001010011
00000000010000100000011001011001
00000000010000100000011011010001
00000000010000100000100000011111
00000000010000100000100110000111
00000000010000100000101000100111
00000000010000100000110001001101
00000000010000100000110100011001
00000000010000100000111100010001
00000000010000100001001000101011
00000000010000100001001001000111
00000000010000100010000001101011
00000000010000100010000010110011
00000000010000100010000101001101
00000000010000100010000101010011
00000000010000100010000110000111
00000000010000100010000110100011
00000000010000100010001001000111
00000000010000100010001001001011
00000000010000100010100110000011
00000000010000100010101000100011
00000000010000100010110000001011
00000000010000100100000001010111
00000000010000100100000010001111
00000000010000100100000101100011
00000000010000100100010000101011
00000000010000100100010001010011
00000000010000100100010001011001
00000000010000100100011010000011
00000000010000100100110001010001
00000000010000100101000011001001
00000000010000100110000001001011
00000000010000100110000100000111
00000000010000100110000101000011
00000000010000100111000001000011
00000000010000101000000101110001
00000000010000101000001001110001
00000000010000101000001100100011
00000000010000101000001101010001
00000000010000101000010001010011
00000000010000101000011000010011
00000000010000101000101000000111
00000000010000101000101000100011
00000000010000101000111000000011
00000000010000101001000001011001
00000000010000101001000001110001
00000000010000101010001001000011
00000000010000101010011000000011
00000000010000101011001000000011
00000000010000101100000001010011
00000000010000101100000001011001
00000000010000101100000101100001
00000000010000101100001001000101
00000000010000101110000001000011
00000000010000110000000100010111
00000000010000110000001001010011
00000000010000110000001011010001
00000000010000110000001101000101
00000000010000110000010100001011
00000000010000110000010110001001
00000000010000110000100010011001
00000000010000110000100110010001
00000000010000110000101010010001
00000000010000110000110000001101
00000000010000110001000100001011
00000000010000110001000101000011
00000000010000110001000101000101
00000000010000110001001000001011
00000000010000110010000010110001
00000000010000110010000101000101
00000000010000110010010100000011
00000000010000110010011000000011
00000000010000110010100000100011
00000000010000110100000010101001
00000000010000110100000100100011
00000000010000110100001000001101
00000000010000110100010000101001
00000000010000110110000001000101
00000000010000110110000001010001
00000000010000110110000100000011
00000000010000110110100000010001
00000000010000111000000010011001
00000000010000111000010000010101
00000000010000111001000100001001
00000000010000111001001000000011
00000000010000111001001000000101
00000000010000111010001000000011
00000000010001000000001010001111
00000000010001000000001101011001
00000000010001000000001101100101
00000000010001000000001110001101
00000000010001000000001111001001
00000000010001000000010101001011
00000000010001000000011001010011
00000000010001000000011010010011
00000000010001000000100001011011
00000000010001000000100100110101
00000000010001000000100111000101
00000000010001000000101001011001
00000000010001000000111001001001
00000000010001000001001000001111
00000000010001000001010011000011
00000000010001000010000001100111
00000000010001000010000110001101
00000000010001000010001000001111
00000000010001000010010001001011
00000000010001000010010001110001
00000000010001000010100001001011
00000000010001000011000001101001
00000000010001000011010001001001
00000000010001000100000100001111
00000000010001000100010011000011
00000000010001000101000001101001
00000000010001000101000100100101
00000000010001000110000011010001
00000000010001000110000100100101
00000000010001001000000011001101
00000000010001001000000100001111
00000000010001001000000111001001
00000000010001001000001010010101
00000000010001001000011000010101
00000000010001001000100001001011
00000000010001001010000010000111
00000000010001001010000100001101
00000000010001001010010000000111
00000000010001001011000000110001
00000000010001001100000100001101
00000000010001001110000100000101
00000000010001010000001101000011
00000000010001010000010010001101
00000000010001010000100100001101
00000000010001010001000101000011
00000000010001010001001000010011
00000000010001010001001100001001
00000000010001010001101000000011
00000000010001010010000100100011
00000000010001010010110000000011
00000000010001010100001000011001
00000000010001010110000001000011
00000000010001010110100000000011
00000000010001011000001100001001
00000000010001011000110000000101
00000000010001011010000010000101
00000000010001011100000000101001
00000000010001011100001000001001
00000000010001100000000101100101
00000000010001100000101000100101
00000000010001100001000001000111
00000000010001100010000001100101
00000000010001100010000101000101
00000000010001100010000110000101
00000000010001100011000000010011
00000000010001100100000001010011
00000000010001100100101000000101
00000000010001110101000000001001
00000000010010000000010100011011
00000000010010000000010101000111
00000000010010000000010110001011
00000000010010000000010111000011
00000000010010000000011000101101
00000000010010000000011100010011
00000000010010000000100001010111
00000000010010000000100010111001
00000000010010000000100011000111
00000000010010000000110001101001
00000000010010000001000010011101
00000000010010000001000111000011
00000000010010000010000100111001
00000000010010000010000101000111
00000000010010000010000101010011
00000000010010000010000110100011
00000000010010000010001101000101
00000000010010000010100011000011
00000000010010000011000001010011
00000000010010000100000011101001
00000000010010000100000111001001
00000000010010000100010001010011
00000000010010000100010001011001
00000000010010000100010001101001
00000000010010000100010011000011
00000000010010000100100010101001
00000000010010000101000011001001
00000000010010000101000110001001
00000000010010000110000101001001
00000000010010000111000000100101
00000000010010001000000111001001
00000000010010001000001010001011
00000000010010001000001101000101
00000000010010001000010011000011
00000000010010001000100001101001
00000000010010001000101000101001
00000000010010001010000100001011
00000000010010001010000101000011
00000000010010001010100001000101
00000000010010001100000101001001
00000000010010001100010000011001
00000000010010010000011000010101
00000000010010010000101000010101
00000000010010010000111000000101
00000000010010010001000100001011
00000000010010010001100000010101
00000000010010010100010010000011
00000000010010010101000010000011
00000000010010011000000100001011
00000000010010011000100000010011
00000000010010011010000100000011
00000000010010100000000100010111
00000000010010100000000110001011
00000000010010100000000110100011
00000000010010100000010010001101
00000000010010100000010100011001
00000000010010100000011000010011
00000000010010100000100000010111
00000000010010100000101001000011
00000000010010100010000000110011
00000000010010100010000101000011
00000000010010100010001001000011
00000000010010100100000010100011
00000000010010100110000001000011
00000000010010101000001001000011
00000000010010101000110000000011
00000000010010101010100000000011
00000000010010110000001010000011
00000000010010110000010100000011
00000000010010110000100000010101
00000000010010110001000100000011
00000000010010110001001000000011
00000000010010110010000100000101
00000000010011000000000111000101
00000000010011000001010000001101
00000000010011000100001100000101
00000000010011000111000000000101
00000000010011001000000011000101
00000000010011001000000101000011
00000000010011001000000101000101
00000000010011001010000100000101
00000000010011010000000110000101
00000000010011010001001000000011
00000000010011010100001000000011
00000000010011100010010000000011
00000000010011100010010000000101
00000000010011100100000010000011
00000000010011100100000100000101
00000000010100000000110001001101
00000000010100000000111100000011
00000000010100000001000001101011
00000000010100000001000011001011
00000000010100000001100001100101
00000000010100000100000001011101
00000000010100000100000001101011
00000000010100000100000001101101
00000000010100000100000010110011
00000000010100000100000011000111
00000000010100000100000011001101
00000000010100000100000110010011
00000000010100000100001001010101
00000000010100000100010001010101
00000000010100000100010100010011
00000000010100000100100001010101
00000000010100000100100010010101
00000000010100000100100011000011
00000000010100000110000000110011
00000000010100000110010000010011
00000000010100001000000011001011
00000000010100001000001001000111
00000000010100001000100011000011
00000000010100001001000001100011
00000000010100001001000011000011
00000000010100001001000110000101
00000000010100001001010000010011
00000000010100001110000001000101
00000000010100010000000100001111
00000000010100010000000110000111
00000000010100010000001100001101
00000000010100010000100010001011
00000000010100010000100100001011
00000000010100010001000101000101
00000000010100010010001000010011
00000000010100010100000000100111
00000000010100011000001001000011
00000000010100100000100000011011
00000000010100100000100110000011
00000000010100100000101000010011
00000000010100100010001001000011
00000000010100100100000001000111
00000000010100100100010001000011
00000000010100100100110000000011
00000000010100100110000000100011
00000000010100100110000100000011
00000000010100101000000100100011
00000000010100110000000100000111
00000000010100110000001001000011
00000000010100110000010000010011
00000000010100110000011000000011
00000000010100110000100000001101
00000000010100110001100000000011
00000000010101000000100001001011
00000000010101000100000010010011
00000000010101000110000001000011
00000000010101010000000100001101
00000000010101100100000001000011
00000000010101101000001000000011
00000000010110010000100000000111
00000000010110011000001000000011
00000000010110100000100000010011
00000000011000000001000100101011
00000000011000000001000101001011
00000000011000000010000010101011
00000000011000000010000011001011
00000000011000000100000101100011
00000000011000000100100010100011
00000000011000001000000001101011
00000000011000001000000101100011
00000000011000001000100101000011
00000000011000001000101001000011
00000000011000001010000001100011
00000000011000001010000100100011
00000000011000010000000110001011
00000000011000010100000100100011
00000000011000010100100000100011
00000000011000100000100100010011
00000000011000100010000001001011
00000000100000000100000011110101
00000000100000000100001010001111
00000000100000000100010010110101
00000000100000000100101010001011
00000000100000000101000011010011
00000000100000000101000110000111
00000000100000000101000110001011
00000000100000000110000100101011
00000000100000001000001100101101
00000000100000001000010011101001
00000000100000001000011000101101
00000000100000001000111010010001
00000000100000001001000011100101
00000000100000001001010101100001
00000000100000001010000011000111
00000000100000001010000011110001
00000000100000001010001010011001
00000000100000001010010110000011
00000000100000001010011010001001
00000000100000001010101100001001
00000000100000001010110011000001
00000000100000001011000010001101
00000000100000001011001010010001
00000000100000001100000100110101
00000000100000001100001010011001
00000000100000001100010010011001
00000000100000001100101010000011
00000000100000001100111010000001
00000000100000001101010010000011
00000000100000001101100010000101
00000000100000001110000010001101
00000000100000001111001010000001
00000000100000010000000101010111
00000000100000010000000110001111
00000000100000010000010010001111
00000000100000010000010100100111
00000000100000010000010100101011
00000000100000010000010110001101
00000000100000010000010110110001
00000000100000010000011001001011
00000000100000010000100000011111
00000000100000010000100100010111
00000000100000010000100101000111
00000000100000010000101000011011
00000000100000010000110100100011
00000000100000010000110110000101
00000000100000010001000110010101
00000000100000010001000111000101
00000000100000010001001010010011
00000000100000010001001100010101
00000000100000010001011000010011
00000000100000010001101101000001
00000000100000010001110001000101
00000000100000010010000011110001
00000000100000010010000100010111
00000000100000010010000110001101
00000000100000010010001000010111
00000000100000010011000000010111
00000000100000010011000101010001
00000000100000010011000110000011
00000000100000010011100101000001
00000000100000010100000001001111
00000000100000010100000100100111
00000000100000010100000110001101
00000000100000010100000111001001
00000000100000010100001000101011
00000000100000010100001001011001
00000000100000010100001001101001
00000000100000010100100001010011
00000000100000010100100001100011
00000000100000010100100011001001
00000000100000010100100111000001
00000000100000010100101100000011
00000000100000010100111000001001
00000000100000010101000100110001
00000000100000010101001100000011
00000000100000010101001100010001
00000000100000010110000110001001
00000000100000010110001100001001
00000000100000010110010001100001
00000000100000010111000110000001
00000000100000011000000010001111
00000000100000011000000010101011
00000000100000011000000011001101
00000000100000011000000011110001
00000000100000011000000101100101
00000000100000011000000101110001
00000000100000011000001010010011
00000000100000011000001010110001
00000000100000011000010001101001
00000000100000011000010010001011
00000000100000011000010010110001
00000000100000011000011010010001
00000000100000011000100010100011
00000000100000011000101001010001
00000000100000011001000001110001
00000000100000011001000010001101
00000000100000011001001010000011
00000000100000011001010001100001
00000000100000011010000001001101
00000000100000011010000010000111
00000000100000011010000010001101
00000000100000011010000010110001
00000000100000011010001000110001
00000000100000011010011000010001
00000000100000011010100100000101
00000000100000011011000010000011
00000000100000011011000010100001
00000000100000011011000100000101
00000000100000011011001000010001
00000000100000011011100001000001
00000000100000011100000000111001
00000000100000011100000100110001
00000000100000011100101000010001
00000000100000011101001000010001
00000000100000011101010000010001
00000000100000011110000000011001
00000000100000100000001011110001
00000000100000100000010110110001
00000000100000100000011000101011
00000000100000100000011000110011
00000000100000100000011011100001
00000000100000100000100000101111
00000000100000100000100001011011
00000000100000100000100111001001
00000000100000100000100111010001
00000000100000100000101011010001
00000000100000100000101110001001
00000000100000100000110000101101
00000000100000100000110010101001
00000000100000100001000100100111
00000000100000100001010010011001
00000000100000100001011011000001
00000000100000100001100010010101
00000000100000100001101000010011
00000000100000100010000100100111
00000000100000100010000100101011
00000000100000100010001001100011
00000000100000100010001010001011
00000000100000100010100001100011
00000000100000100010100011001001
00000000100000100010100100100011
00000000100000100010101101000001
00000000100000100100000001101011
00000000100000100100100011010001
00000000100000100101000011001001
00000000100000100101000011010001
00000000100000100101000110000101
00000000100000100110000010100101
00000000100000100111001000000011
00000000100000101000010001010101
00000000100000101000010010101001
00000000100000101000010010110001
00000000100000101000100010100011
00000000100000101000100011010001
00000000100000101000100100101001
00000000100000101001110000000011
00000000100000101010000011010001
00000000100000101011010000000011
00000000100000101100000000100111
00000000100000110000000100101011
00000000100000110000000100110101
00000000100000110000000101101001
00000000100000110000000110001101
00000000100000110000000110110001
00000000100000110000001000101011
00000000100000110000010000110101
00000000100000110000100010001101
00000000100000110000100100010011
00000000100000110000101000110001
00000000100000110001000000110101
00000000100000110001000001110001
00000000100000110001000100001011
00000000100000110001001000010101
00000000100000110001001010010001
00000000100000110001010000001101
00000000100000110001010000010101
00000000100000110001100000001011
00000000100000110010000010110001
00000000100000110010001000001011
00000000100000110010100001001001
00000000100000110010100100000011
00000000100000110100000001100011
00000000100000110100000100100011
00000000100000110100000100100101
00000000100000110100010000010101
00000000100000110100010000100101
00000000100000110101000001010001
00000000100000110101001000000011
00000000100000111000000010001101
00000000100000111000000010101001
00000000100000111000001000010011
00000000100000111000001000110001
00000000100000111000001010010001
00000000100000111000010001001001
00000000100000111000010001100001
00000000100000111000100010100001
00000000100000111001000000010011
00000000100000111001000001100001
00000000100000111001001000000011
00000000100000111100010000010001
00000000100001000000010011000111
00000000100001000000010110001101
00000000100001000000010110011001
00000000100001000000011000011101
00000000100001000000100010100111
00000000100001000000100100110101
00000000100001000000100101100101
00000000100001000000100110010101
00000000100001000000100110100011
00000000100001000000100110100101
00000000100001000000101100100101
00000000100001000000110000101011
00000000100001000000110110000101
00000000100001000001000010011011
00000000100001000001000100100111
00000000100001000001011000100101
00000000100001000010000101010101
00000000100001000010000110001101
00000000100001000010000110011001
00000000100001000010001100001101
00000000100001000010001101000101
00000000100001000010001110001001
00000000100001000010010011000101
00000000100001000010110000001101
00000000100001000011011000000101
00000000100001000100000100001111
00000000100001000100000100100111
00000000100001000100000101100101
00000000100001000100000111001001
00000000100001000100010011000101
00000000100001000100010110001001
00000000100001000101000011001001
00000000100001000101000100100101
00000000100001000110000100110001
00000000100001001000000001010111
00000000100001001000000010011101
00000000100001001000000010100111
00000000100001001000000011010011
00000000100001001000000100010111
00000000100001001000010000010111
00000000100001001000010011010001
00000000100001001000100010100101
00000000100001001000110010000011
00000000100001001001000001110001
00000000100001001010000010001101
00000000100001001010000010011001
00000000100001001010000011010001
00000000100001001010100010000011
00000000100001001100000010000111
00000000100001001100001000001101
00000000100001001100010010000011
00000000100001001100100100000101
00000000100001001101000000100101
00000000100001001101000001000101
00000000100001001101001000000101
00000000100001001110000010000101
00000000100001001110000010001001
00000000100001010000000101110001
00000000100001010000000110001011
00000000100001010000000111010001
00000000100001010000010001001101
00000000100001010000010001100101
00000000100001010000010010001011
00000000100001010000010011001001
00000000100001010000010110001001
00000000100001010001000100001101
00000000100001010001000100011001
00000000100001010001000110010001
00000000100001010001001001000011
00000000100001010001001100010001
00000000100001010001010000001101
00000000100001010010000011010001
00000000100001010010000110001001
00000000100001010010001100001001
00000000100001010100000110001001
00000000100001010100010010000101
00000000100001010100100100001001
00000000100001010101000100000011
00000000100001011000000001100101
00000000100001011000000001110001
00000000100001011000000010001011
00000000100001011000000011000101
00000000100001011000000011010001
00000000100001011001010000000101
00000000100001011010000010000011
00000000100001011010000010001001
00000000100001011100000100001001
00000000100001100000010011000101
00000000100001100001000100100101
00000000100001100010000001100101
00000000100001100010010000000111
00000000100001100010110000000101
00000000100001100011010000000011
00000000100001100100010000000111
00000000100001100110010000000101
00000000100001101000010010010001
00000000100001101100000010000101
00000000100001110000000101010001
00000000100001110000000110001001
00000000100001110000010100001001
00000000100001110000100010001001
00000000100001110100000100010001
00000000100001110100010000001001
00000000100001111000000001010001
00000000100001111000000010001001
00000000100001111000000010010001
00000000100001111000000100010001
00000000100010000000100001111001
00000000100010000000100111000011
00000000100010000000101010100101
00000000100010000000101011000101
00000000100010000000111000101001
00000000100010000001000110001011
00000000100010000001001000101011
00000000100010000001001010001011
00000000100010000001001010011001
00000000100010000001010010010011
00000000100010000001010101001001
00000000100010000001011010010001
00000000100010000010000001101101
00000000100010000010001010100101
00000000100010000010001110000101
00000000100010000010100001101001
00000000100010000010100110000011
00000000100010000011000000101101
00000000100010000011000000111001
00000000100010000011000010110001
00000000100010000100000001001111
00000000100010000100100011010001
00000000100010000101000011000011
00000000100010000110100001001001
00000000100010001000001001001011
00000000100010001001000010000111
00000000100010001010000001101001
00000000100010001010000100001011
00000000100010001010100100000011
00000000100010001100000001001011
00000000100010001100000010110001
00000000100010001101000010000101
00000000100010001110000010000101
00000000100010001110000100001001
00000000100010010000000010101011
00000000100010010000000110000111
00000000100010010000001100010101
00000000100010010000001100011001
00000000100010010000010100001101
00000000100010010000010110000101
00000000100010010000100001110001
00000000100010010000100010000111
00000000100010010000101000101001
00000000100010010000110100000011
00000000100010010001001001000011
00000000100010010010000100001101
00000000100010010010000101000101
00000000100010010010000110000101
00000000100010010010001010001001
00000000100010010010100000001101
00000000100010010010100001000011
00000000100010010011010000000101
00000000100010010100000001000111
00000000100010010100000100000111
00000000100010010100000100010101
00000000100010010100000101001001
00000000100010010100000110000101
00000000100010010101000001000011
00000000100010010110000001000101
00000000100010010110000100000011
00000000100010011010000000110001
00000000100010011010000010000101
00000000100010011100000001001001
00000000100010100000001010011001
00000000100010100000010010100101
00000000100010100000010101001001
00000000100010100000100010010101
00000000100010100001000110001001
00000000100010100001001010001001
00000000100010100010000101000011
00000000100010100010010000001101
00000000100010100010110000001001
00000000100010100011000000101001
00000000100010100100001000000111
00000000100010100100100000001101
00000000100010100110000000100011
00000000100010100110000001001001
00000000100010100110001000000011
00000000100010100110100000001001
00000000100010110000000010101001
00000000100010110000000100001011
00000000100010110000000110000101
00000000100010110000010010000101
00000000100010110001010000000101
00000000100010110010001000000011
00000000100010110010100000001001
00000000100011000000001010010011
00000000100011000000001100001101
00000000100011000000010000011101
00000000100011000000010100001101
00000000100011000000010110000101
00000000100011000000011000001101
00000000100011000000100001001101
00000000100011000000101000001101
00000000100011000000101010000101
00000000100011000000101100001001
00000000100011000001000100001101
00000000100011000001001000010101
00000000100011000001010000011001
00000000100011000010010000001101
00000000100011000010010010000101
00000000100011000010100001001001
00000000100011001010000010000101
00000000100011010000000110000011
00000000100011010000010100001001
00000000100011010000100010000011
00000000100011010001000000010011
00000000100011010001001000000011
00000000100011010001010000000011
00000000100011010010100000001001
00000000100011010100000001000011
00000000100011010100000100001001
00000000100011010100100000001001
00000000100011100000001000100101
00000000100011100010000000100101
00000000100011100010010000001001
00000000100011100100010000000101
00000000100100000000101011000011
00000000100100000001010000111001
00000000100100000001010011000011
00000000100100000010000010100111
00000000100100000010000011100101
00000000100100000010000110010101
00000000100100000010001011000011
00000000100100000100010001011001
00000000100100000101000010010101
00000000100100000110000010101001
00000000100100000110000100010101
00000000100100000111000000010101
00000000100100001000000010100111
00000000100100001000000011010101
00000000100100001000001010001101
00000000100100001000001010010011
00000000100100001000010100010101
00000000100100001000011001000101
00000000100100001000100000110011
00000000100100001000101000010011
00000000100100001000110000010101
00000000100100001010000001010011
00000000100100001011000001000101
00000000100100001100000010100011
00000000100100001100100010000011
00000000100100001110000100000101
00000000100100010000000110100011
00000000100100010000000111000101
00000000100100010000010000100111
00000000100100010000011000001011
00000000100100010000011000100011
00000000100100010000101000001011
00000000100100010001001010000011
00000000100100010001010001000011
00000000100100010001011000000011
00000000100100010001011000000101
00000000100100010010000101000101
00000000100100010100000001100011
00000000100100010101000001000011
00000000100100011000001010000011
00000000100100011000110000000101
00000000100100100000001000010111
00000000100100100000001000011101
00000000100100100000101000010011
00000000100100100001010001000011
00000000100100100010001000000111
00000000100100100010001001000011
00000000100100101000000100010011
00000000100100101000001000010011
00000000100100101000010100000011
00000000100100101000100001000011
00000000100100101000100010000101
00000000100100101010000001000011
00000000100100110001010000000101
00000000100100111000000010000101
00000000100100111000001000000011
00000000100101000100001010000011
00000000100101001000100010000011
00000000100101001010001000000101
00000000100101010000100000001011
00000000100101010010001000000011
00000000100101100000001000010011
00000000100101100010001000000011
00000000100101100100001000000011
00000000100110000011000000010101
00000000100110001000001000001011
00000000100110010001010000000101
00000000100111000000010000001101
00000000100111000100010000000101
00000000100111001000001000000101
00000000101000000010000010110011
00000000101000000010000011001101
00000000101000000010000011010011
00000000101000000010001011000101
00000000101000000010010110000011
00000000101000000100000011010101
00000000101000000100000100101011
00000000101000000100010010010101
00000000101000000100100011000011
00000000101000000100100011000101
00000000101000000110000000100111
00000000101000000110000001001011
00000000101000000110000010001011
00000000101000000110100010000011
00000000101000001000000011001011
00000000101000001000000011001101
00000000101000001000010011000011
00000000101000001000100010000111
00000000101000001001000110000011
00000000101000001100000010000111
00000000101000010000000110001011
00000000101000010000000110010011
00000000101000010000000110100011
00000000101000010000001101000101
00000000101000010000010010001011
00000000101000010000011001000011
00000000101000010001000001010101
00000000101000010001000101000101
00000000101000010010000010010011
00000000101000010100001000100011
00000000101000011000000010001011
00000000101000011000010010000011
00000000101000011000100010000011
00000000101000100000001000011011
00000000101000100000001001001011
00000000101000100000011000010011
00000000101000100000011000100101
00000000101000100000100010001101
00000000101000100001000100100011
00000000101000100010000001001011
00000000101000100100010000100101
00000000101000100110000000100101
00000000101000101001000100000011
00000000101000110000001000001011
00000000101000110100000100000011
00000000101000110100001000000011
00000000101001000010100000100011
00000000101001010000001001000011
00000000101001010000010000010011
00000000101010000000100110000011
00000000101010000000110010000011
00000000101010001001000010000011
00000000101010010000000100100011
00000000101010011000000010000011
00000000101010100000001001000011
00000000101010110000001000000011
00000000101100001000000010100011
00000000101100010010000010000011
00000000101100010100000001000011
00000000101100100000010000000111
00000000101101000000010000000111
00000000101110000000100000010011
00000000110000000100000101001011
00000000110000000100100010100011
00000000110000001000001010000111
00000000110000001000010001010011
00000000110000001010000010010011
00000000110000010000000100101011
00000000110000010000010000100111
00000000110000010100000100100011
00000000110000100000001000101011
00000000110000100000101000010011
00000000110000101000000010001011
00000000111000000100000010000111
00000001000000010000000100011111
00000001000000010000000101011011
00000001000000010000000101100111
00000001000000010000001100011101
00000001000000010000001100110101
00000001000000010000001101011001
00000001000000010000001101100101
00000001000000010000010100011011
00000001000000010000010100100111
00000001000000010000010100110011
00000001000000010000010101100011
00000001000000010000010110110001
00000001000000010000010111001001
00000001000000010000011100011001
00000001000000010000011100100101
00000001000000010000011101100001
00000001000000010000100000110111
00000001000000010000100001011011
00000001000000010000100100010111
00000001000000010000100101010011
00000001000000010000100111000101
00000001000000010000100111010001
00000001000000010000101100010101
00000001000000010000101101010001
00000001000000010000110100010011
00000001000000010000111100010001
00000001000000010001000001100111
00000001000000010001000001101011
00000001000000010001000011101001
00000001000000010001000100001111
00000001000000010001000100100111
00000001000000010001000101001011
00000001000000010001000110100101
00000001000000010001000111001001
00000001000000010001001100001101
00000001000000010001001101001001
00000001000000010001010100001011
00000001000000010001011100001001
00000001000000010001100001010011
00000001000000010001100100000111
00000001000000010001100101000011
00000001000000010001101100000101
00000001000000010001110100000011
00000001000000010001111000001001
00000001000000010010000001100111
00000001000000010010000011001011
00000001000000010010000011100011
00000001000000010010000100010111
00000001000000010010000100100111
00000001000000010010000101100011
00000001000000010010000110010101
00000001000000010010001000011101
00000001000000010010001010001101
00000001000000010010001100000111
00000001000000010010001101000011
00000001000000010010001101000101
00000001000000010010010100000111
00000001000000010010010100100011
00000001000000010010011100000011
00000001000000010010011100000101
00000001000000010010100000010111
00000001000000010010110001000011
00000001000000010011000011000101
00000001000000010011000110000101
00000001000000010011001100000101
00000001000000010011010100000011
00000001000000010011100001000101
00000001000000010100000010001111
00000001000000010100000010100111
00000001000000010100000011001011
00000001000000010100000100011011
00000001000000010100010000011011
00000001000000010100010000110011
00000001000000010100010100100011
00000001000000010100011000001011
00000001000000010100100100010011
00000001000000010101000100001011
00000001000000010101001100000011
00000001000000010101100010000011
00000001000000010101100100000011
00000001000000010101101000000011
00000001000000010110000100000111
00000001000000010110000100100011
00000001000000010110001100000011
00000001000000010110010010000011
00000001000000010110100001000011
00000001000000010110100010000011
00000001000000011010000001001011
00000001000000100000010010110011
00000001000000100000010100100111
00000001000000100000010100111001
00000001000000100000010101100011
00000001000000100000010111100001
00000001000000100000011000101011
00000001000000100000011101100001
00000001000000100000100010101101
00000001000000100000100101100011
00000001000000100000110100100011
00000001000000100000111100010001
00000001000000100001000011001011
00000001000000100001000101000111
00000001000000100001000101001101
00000001000000100001110010000011
00000001000000100001110100000011
00000001000000100010000001011011
00000001000000100010000001100111
00000001000000100010000011001011
00000001000000100010000110101001
00000001000000100010010000010111
00000001000000100010010010100011
00000001000000100010010100000111
00000001000000100011010100001001
00000001000000100011100100000101
00000001000000100100000101100011
00000001000000100100000110011001
00000001000000100100001100001101
00000001000000100100010100011001
00000001000000100100010100110001
00000001000000100100100001000111
00000001000000100100110000100011
00000001000000100100110100010001
00000001000000100101000100001011
00000001000000100101100110000001
00000001000000100110000010001011
00000001000000100110000100100101
00000001000000100110000101000011
00000001000000100110100100000101
00000001000000101000100001100011
00000001000000101010000100001101
00000001000000101010100000100011
00000001000000101010100010001001
00000001000000101100000100011001
00000001000000101101000000100011
00000001000000101101000100000011
00000001000000101110000100000011
00000001000000110000000100011101
00000001000000110000000100100111
00000001000000110000000101010011
00000001000000110000000101011001
00000001000000110000000101100011
00000001000000110000001100100101
00000001000000110000001101010001
00000001000000110000001101100001
00000001000000110000010000100111
00000001000000110000010000101011
00000001000000110000010100000111
00000001000000110000010100011001
00000001000000110000010100100011
00000001000000110000010100100101
00000001000000110000010100110001
00000001000000110000011100100001
00000001000000110000100000010111
00000001000000110000100000100111
00000001000000110000100010010101
00000001000000110000100100010101
00000001000000110000100101010001
00000001000000110000110100010001
00000001000000110001000000101101
00000001000000110001000001001011
00000001000000110001000001010011
00000001000000110001000001011001
00000001000000110001000010001011
00000001000000110001000100001101
00000001000000110001000100010011
00000001000000110001000100100101
00000001000000110001000101001001
00000001000000110001001011000001
00000001000000110001010000001011
00000001000000110001010100001001
00000001000000110001100001000101
00000001000000110001100100000101
00000001000000110001100101000001
00000001000000110010000100000111
00000001000000110010000100010101
00000001000000110010000100100101
00000001000000110010000101000011
00000001000000110010000101000101
00000001000000110010000101100001
00000001000000110010010000000111
00000001000000110010010100000011
00000001000000110010010100000101
00000001000000110010010100100001
00000001000000110010010101000001
00000001000000110010100010000101
00000001000000110011000001010001
00000001000000110100000001100011
00000001000000110100000010100011
00000001000000110100000100011001
00000001000000110100000100100011
00000001000000110100000100100101
00000001000000110100000101000011
00000001000000110100001100100001
00000001000000110100010000010011
00000001000000110100100000100011
00000001000000110100100100010001
00000001000000110101000000011001
00000001000000110101000010001001
00000001000000110101000100000011
00000001000000110101000100001001
00000001000000110110000001000011
00000001000000110110000100000011
00000001000000110110000100100001
00000001000000110110100001000001
00000001000000111000001000101001
00000001000000111000100000100101
00000001000000111001000001001001
00000001000000111010010000010001
00000001000000111011000001000001
00000001000000111100001000001001
00000001000000111100010000001001
00000001000000111100100000010001
00000001000001000000010110100011
00000001000001000000100010010111
00000001000001000000100111000011
00000001000001000000100111000101
00000001000001000000100111100001
00000001000001000000101101010001
00000001000001000001000001001111
00000001000001000001000100101011
00000001000001000001000101101001
00000001000001000001000110101001
00000001000001000001001000101101
00000001000001000001001110100001
00000001000001000010000001001111
00000001000001000010000001100111
00000001000001000010000100011011
00000001000001000010000101010011
00000001000001000010001010100101
00000001000001000010001101000011
00000001000001000010001101001001
00000001000001000010101100001001
00000001000001000011010100001001
00000001000001000011100100001001
00000001000001000100000010100111
00000001000001000100100001000111
00000001000001000100101001000101
00000001000001000101000010000111
00000001000001000110100100000011
00000001000001001000000100011101
00000001000001001000000101001011
00000001000001001000000101011001
00000001000001001000000111000101
00000001000001001001000010000111
00000001000001001010000101010001
00000001000001001010010000001101
00000001000001001010100100000011
00000001000001001011000100000011
00000001000001001011000100001001
00000001000001001100000010110001
00000001000001001100000100101001
00000001000001001101000100001001
00000001000001010000000100011011
00000001000001010000000100011101
00000001000001010000000110110001
00000001000001010000001001011001
00000001000001010000001011010001
00000001000001010000001100011001
00000001000001010000001100110001
00000001000001010000010100100011
00000001000001010000011100100001
00000001000001010000100000110011
00000001000001010000100001001101
00000001000001010000100001010101
00000001000001010000100100010011
00000001000001010000100100010101
00000001000001010000101100010001
00000001000001010001000000011011
00000001000001010001000001101001
00000001000001010001000010001101
00000001000001010001000010110001
00000001000001010001000100001011
00000001000001010001000100010101
00000001000001010001000100100011
00000001000001010001000110000101
00000001000001010001000110100001
00000001000001010001001100001001
00000001000001010001100100000011
00000001000001010001100100001001
00000001000001010010000001010101
00000001000001010010000100010011
00000001000001010010000100100011
00000001000001010010000101000011
00000001000001010010000110010001
00000001000001010010001000011001
00000001000001010010001100000011
00000001000001010010010100000011
00000001000001010010100010000011
00000001000001010100000100100011
00000001000001010100000110001001
00000001000001010100001100100001
00000001000001010100101000001001
00000001000001010110000010010001
00000001000001011000000100110001
00000001000001011000000101001001
00000001000001011000000110001001
00000001000001011000100000100011
00000001000001011000100100001001
00000001000001011001000100000101
00000001000001011001000100100001
00000001000001011010000001100001
00000001000001011010000100010001
00000001000001011011000000100001
00000001000001100000010000100111
00000001000001100000010100001011
00000001000001100000010100100011
00000001000001100000100001100101
00000001000001100000100101000011
00000001000001100000101100010001
00000001000001100001000101000011
00000001000001100010000000100111
00000001000001100010000001010011
00000001000001100010000110010001
00000001000001100010010000000111
00000001000001100010010100000011
00000001000001100010100000010101
00000001000001100100000110001001
00000001000001100101100000001001
00000001000001101000100000100011
00000001000001101000100000100101
00000001000001101001000001000101
00000001000001101001000100100001
00000001000001101010000100001001
00000001000001110000000100011001
00000001000001110000000100100011
00000001000001110000000101100001
00000001000001110000001100100001
00000001000001110000010000100011
00000001000001110000010100000011
00000001000001110000010100100001
00000001000001110000100000010011
00000001000001110000100000100011
00000001000001110000100100010001
00000001000001110001000100001001
00000001000001110001000100100001
00000001000001110010000010010001
00000001000001110010000100000011
00000001000001110010000100010001
00000001000001110010000100100001
00000001000001110100001000100001
00000001000001111000100000100001
00000001000010000000100100100111
00000001000010000000100110100011
00000001000010000001000101000111
00000001000010000001000101001101
00000001000010000001000101100101
00000001000010000001000111100001
00000001000010000001001001001101
00000001000010000001001100101001
00000001000010000001001101000101
00000001000010000001100000101011
00000001000010000001100100100101
00000001000010000010010100011001
00000001000010000010010110001001
00000001000010000100000011011001
00000001000010000100000100011011
00000001000010000100000111001001
00000001000010000100010100010011
00000001000010000100010100011001
00000001000010000100100110000101
00000001000010000101000100100101
00000001000010000110010100010001
00000001000010001000000010101011
00000001000010001000000011101001
00000001000010001000000100001111
00000001000010001000000100101101
00000001000010001000001010101001
00000001000010001000001101100001
00000001000010001000010100001101
00000001000010001001000100000111
00000001000010001010000001001011
00000001000010001010000001011001
00000001000010001010000010001011
00000001000010001010001000100011
00000001000010001010010000001011
00000001000010001100000001001101
00000001000010001100000100001011
00000001000010001100000100001101
00000001000010001100000101001001
00000001000010001100100100000101
00000001000010001110000010001001
00000001000010010000000100010111
00000001000010010000000101010011
00000001000010010000000110001101
00000001000010010000000111001001
00000001000010010000001000011101
00000001000010010000001000111001
00000001000010010000001100010101
00000001000010010000001101010001
00000001000010010000010010001101
00000001000010010000010100001101
00000001000010010000010100010011
00000001000010010000010100011001
00000001000010010000010110001001
00000001000010010000011100010001
00000001000010010000100110000101
00000001000010010000110100010001
00000001000010010001000000101011
00000001000010010001000001001011
00000001000010010001000001001101
00000001000010010001000001010011
00000001000010010001000100000111
00000001000010010001000100001101
00000001000010010001000100011001
00000001000010010001000101000011
00000001000010010001001100000101
00000001000010010001010000011001
00000001000010010001010100000011
00000001000010010001100100000101
00000001000010010010001000010101
00000001000010010011000001000011
00000001000010010011000001010001
00000001000010010011010000010001
00000001000010010100000011001001
00000001000010010100000100010011
00000001000010010100000101001001
00000001000010010100000110000101
00000001000010010100000110001001
00000001000010010100000110010001
00000001000010010100001100010001
00000001000010010100010000011001
00000001000010010101000000010011
00000001000010010101000100000011
00000001000010010101010000001001
00000001000010011000000100001101
00000001000010011000000101000101
00000001000010011000000101001001
00000001000010011000000101010001
00000001000010011000000110000101
00000001000010011000001000101001
00000001000010011000001001010001
00000001000010011000010000001011
00000001000010011000010000001101
00000001000010011000010000101001
00000001000010011000010001001001
00000001000010011000010001100001
00000001000010011000010100001001
00000001000010011001000001100001
00000001000010011001010000010001
00000001000010011010000001000011
00000001000010011100000001001001
00000001000010011100000100001001
00000001000010011100001000001001
00000001000010100000010100110001
00000001000010100010000010100011
00000001000010100010001001000011
00000001000010100010011000001001
00000001000010100100000100011001
00000001000010100100000100110001
00000001000010100100000110100001
00000001000010100101000100000011
00000001000010100101001000000101
00000001000010101000000100001101
00000001000010101010000001001001
00000001000010101100000100001001
00000001000010110000000100010101
00000001000010110000000101010001
00000001000010110000010100010001
00000001000010110001000001000011
00000001000010110001000001001001
00000001000010110001000100000101
00000001000010110100000010000101
00000001000010110100000100010001
00000001000010110100010000010001
00000001000010111000010000001001
00000001000010111000010000010001
00000001000011000000010010001101
00000001000011000000010110001001
00000001000011000001000010001101
00000001000011000100000010011001
00000001000011000100001001000101
00000001000011001000000100001011
00000001000011001000000100101001
00000001000011001000010000001101
00000001000011001000010100001001
00000001000011001000100100000011
00000001000011001001000001000101
00000001000011001010000001001001
00000001000011001010010000000101
00000001000011001100000100001001
00000001000011010000000100010011
00000001000011010000000100010101
00000001000011010000000110001001
00000001000011010000001100010001
00000001000011010000010010001001
00000001000011010000010100001001
00000001000011010001000100000011
00000001000011010001000100001001
00000001000011011000000100001001
00000001000011011000001000010001
00000001000011011000010000001001
00000001000011100000010100000011
00000001000011100001000001000101
00000001000011100100000010001001
00000001000011101000000100001001
00000001000011110000000100010001
00000001000011110001000000010001
00000001000100000001000101001011
00000001000100000001001001000111
00000001000100000001010010010011
00000001000100000010000001011011
00000001000100000010000001111001
00000001000100000010000111001001
00000001000100000010001010010101
00000001000100000010001110001001
00000001000100000010010000011011
00000001000100000010010001110001
00000001000100000011000100001101
00000001000100000011010010010001
00000001000100000011011000010001
00000001000100000100000100101101
00000001000100000100001000010111
00000001000100000100001010010011
00000001000100000100010100101001
00000001000100000100010110001001
00000001000100000100011100001001
00000001000100000101000010010011
00000001000100000101100000001101
00000001000100000101101000010001
00000001000100000110000001011001
00000001000100000110000010110001
00000001000100000110000100001011
00000001000100000110000100101001
00000001000100000110001010010001
00000001000100000110100001010001
00000001000100000111000100001001
00000001000100001000011000010101
00000001000100001000100100100011
00000001000100001011000100000101
00000001000100001100000100001011
00000001000100010000000101001011
00000001000100010000001100001101
00000001000100010000001100100101
00000001000100010000001101000011
00000001000100010000001101001001
00000001000100010000010100001011
00000001000100010000010100100011
00000001000100010000011100001001
00000001000100010000100000101101
00000001000100010000100100000111
00000001000100010000100101000011
00000001000100010000101000100101
00000001000100010000101100000101
00000001000100010000110100000011
00000001000100010000110100001001
00000001000100010010000100000111
00000001000100010010000110000101
00000001000100010100000100001011
00000001000100010100000110001001
00000001000100010100001100001001
00000001000100010100100100000011
00000001000100011000000100100101
00000001000100011000000101001001
00000001000100011000001000001101
00000001000100011000001001000101
00000001000100011010000100000101
00000001000100100000010001011001
00000001000100100000010100101001
00000001000100100000100000101011
00000001000100100000100001010011
00000001000100100001010000010011
00000001000100100001010100001001
00000001000100100010000100001011
00000001000100100010000110000101
00000001000100100100000010000111
00000001000100100100001000010101
00000001000100100101000100000011
00000001000100101000000010010011
00000001000100101000010000010101
00000001000100101010000010000011
00000001000100110000000101000011
00000001000100110000000101001001
00000001000100110000010000101001
00000001000100110000010100001001
00000001000100110000100100000101
00000001000100110001000100000011
00000001000100110010000100000101
00000001000100110100000100001001
00000001000100110100010000001001
00000001000101000000100110000101
00000001000101000010010000011001
00000001000101000011000100001001
00000001000101000100100000011001
00000001000101000110000100000011
00000001000101001000000010110001
00000001000101001000001100000101
00000001000101010000001100001001
00000001000101010000100100000011
00000001000101010000100100000101
00000001000101010001000100000101
00000001000101010010000100000011
00000001000101100000100100000011
00000001000110000001000100001101
00000001000110000001010100000011
00000001000110000100000100001011
00000001000110000100010100001001
00000001000110000101000000011001
00000001000110001000010000010011
00000001000110001001000100000101
00000001000110010000000101000011
00000001000110010000001000001101
00000001000110010000001100000101
00000001000110010000010100000011
00000001000110010000010100001001
00000001000110010001000100001001
00000001000110010010000010000101
00000001000110010010001000000101
00000001000110010100000100000011
00000001000110010100001000001001
00000001000110010100010000001001
00000001000110100000001001000011
00000001000110100000001010000011
00000001000110100100000100001001
00000001000111000001000100001001
00000001000111000010010000001001
00000001000111000100001000000101
00000001000111001000000100000101
00000001001000000100000100011011
00000001001000000100000101100011
00000001001000000100001100100101
00000001001000000100001100101001
00000001001000000100010100010011
00000001001000000101000100001101
00000001001000000110000010010101
00000001001000001000000100110011
00000001001000001000000100111001
00000001001000001000001001001011
00000001001000001000110100000011
00000001001000010000001001101001
00000001001000010000001010001101
00000001001000010000001100010101
00000001001000010000001100100101
00000001001000010000010000100111
00000001001000010000010100000111
00000001001000010000010100010011
00000001001000010000010100100011
00000001001000010000010100100101
00000001001000010000011000100101
00000001001000010000011100000101
00000001001000010000110000010101
00000001001000010001000001100101
00000001001000010001000100000111
00000001001000010001000110000101
00000001001000010010001100000101
00000001001000010011000010000101
00000001001000010100000001100011
00000001001000010100000100000111
00000001001000010100000100100011
00000001001000010100001100000101
00000001001000010100101000000011
00000001001000011000000100010101
00000001001000011000100001000101
00000001001000011001000100000101
00000001001000100000010100000111
00000001001000100000010100100101
00000001001000100000010101000011
00000001001000100000100001000111
00000001001000100000100101000011
00000001001000100000110010001001
00000001001000100000110100000011
00000001001000100001000101000101
00000001001000100100000101000011
00000001001000101000010000010011
00000001001000101001000001000011
00000001001000110000000100100101
00000001001000110000000101000011
00000001001000110000000101000101
00000001001000110000001100000101
00000001001000110000010000100101
00000001001000110000010100000011
00000001001000110000010100000101
00000001001000110001000001000101
00000001001000110001000100000101
00000001001000110100000010000011
00000001001000110100000100000011
00000001001001000000010100100011
00000001001001000000100000110011
00000001001001000000100010000111
00000001001001000001100010000101
00000001001001010000000101000011
00000001001001010000001000011001
00000001001001010000010000100011
00000001001001010000010100000011
00000001001001010001000100000011
00000001001001010100000010000011
00000001001001100000010000100101
00000001001001100000010100000011
00000001001001100000101000000011
00000001001001100001000000101001
00000001001001100100001000000101
00000001001010000010000010011001
00000001001010001000000100001101
00000001001010100000010010000011
00000001001011000001000000100011
00000001001011000100001000000101
00000001001100001001000100000101
00000001001100010000001100000101
00000001001100010000010100000011
00000001001100011000000100000101
00000001001100011000001000000101
00000001001101000100001000000101
00000001001110000100000100000101
00000001010000001000000100110011
00000001010000001000010001010101
00000001010000001000010011000101
00000001010000001000100001001101
00000001010000001000100001010101
00000001010000001001000001000111
00000001010000001001000001100011
00000001010000010000001001000111
00000001010000010000001001100101
00000001010000010000001100010011
00000001010000010000011000100011
00000001010000010000100000010111
00000001010000010000100010010011
00000001010000010000100010010101
00000001010000010000100100010011
00000001010000010001000100001011
00000001010000010001000101000011
00000001010000010001100100000011
00000001010000010010000100000111
00000001010000010010000100100011
00000001010000010010001100000011
00000001010000010010010100000011
00000001010000011000000100001101
00000001010000100000010100100011
00000001010000100000011000001011
00000001010000100000011000010011
00000001010000100000100100001101
00000001010000100000100100010101
00000001010000100000100100100011
00000001010000100001000100000111
00000001010000100010000001010011
00000001010000100011000001000101
00000001010000100100000100100011
00000001010000100110000001000011
00000001010000100110000100000011
00000001010000110001000001000011
00000001010000110010000100000011
00000001010000110100000100000011
00000001010001000000100001100011
00000001010001000000100011000101
00000001010001000010000001001011
00000001010001001010000001000011
00000001010001010000100000010101
00000001010001100001000100000011
00000001010010000010000010100011
00000001010010001001000001000011
00000001010010010001000100000011
00000001010010100010000001000011
00000001010100010000100010000011
00000001010100010000100100000011
00000001010100010010000001000011
00000001011000000100000100100011
00000001011000001000100001000011
00000001011000001000100100000011
00000001011000010000010100000011
00000001011000100000010100000011
00000001011000100000100001000011
00000001011000100000100100000011
00000001011000100100000100000011
00000001011001001000000100000011
00000001100000010000010001100011
00000001100000100000010000101011
00000001100000100000100001001011
00000001100000100010100001000011
00000001100001000000100000101011
00000001100001000000100010010011
00000001100001000001000010100011
00000001100010000100000100010011
00000001100100000100000010001011
00000001101000000100000100001011
00000010000001000000100001100111
00000010000001000000100010101101
00000010000001000000100110100101
00000010000001000001000001001111
00000010000001000001000010011101
00000010000001000001011100100001
00000010000001000001100001000111
00000010000001000010000011000111
00000010000001000010000100011101
00000010000001000010001000011011
00000010000001000010001100100101
00000010000001000010001110001001
00000010000001000010010000010111
00000010000001000010011000101001
00000010000001000010011100000101
00000010000001000010101000101001
00000010000001000011011000001001
00000010000001000011100100000101
00000010000001000011101000001001
00000010000001000100001000010111
00000010000001000100010000101101
00000010000001000100110001000101
00000010000001000101011000000101
00000010000001000110001000001011
00000010000001000110011000001001
00000010000001001000001010100011
00000010000001001000011000100101
00000010000001001000100001000111
00000010000001001000110000100101
00000010000001001001001000100011
00000010000001001010001000000111
00000010000001001010010000010101
00000010000001001011000100000101
00000010000001001100001010000101
00000010000001001100010001000101
00000010000001001100011000000101
00000010000001001101000010000101
00000010000001001110000100000101
00000010000001010100001000010011
00000010000001011001000000100011
00000010000010000001000001001111
00000010000010000010000010001111
00000010000010000010000010011011
00000010000010000010001101010001
00000010000010000010010000101101
00000010000010000010010100001011
00000010000010000010100100011001
00000010000010000010110000001101
00000010000010000011100100001001
00000010000010000100010000101011
00000010000010000100010000101101
00000010000010000100011001100001
00000010000010000100101000100101
00000010000010000110010000101001
00000010000010000110101000010001
00000010000010001000000101100011
00000010000010001000001010110001
00000010000010001000001011010001
00000010000010001000001101100001
00000010000010001000010010101001
00000010000010001001000010001101
00000010000010001100010000001011
00000010000010010000001000010111
00000010000010010000001010100011
00000010000010010000001100010101
00000010000010010000001100101001
00000010000010010000010101100001
00000010000010010000100000011011
00000010000010010000100000011101
00000010000010010000100010101001
00000010000010010000101000010011
00000010000010010001000001000111
00000010000010010001000001001011
00000010000010010001000100001101
00000010000010010010000110001001
00000010000010010010001000001011
00000010000010010010001001100001
00000010000010010010001100000101
00000010000010010010100000010011
00000010000010010010100000011001
00000010000010010100000011010001
00000010000010010100000100011001
00000010000010010100000100100101
00000010000010010100000101100001
00000010000010010100100000011001
00000010000010010100110000010001
00000010000010010101100000010001
00000010000010010110000100000011
00000010000010011000000110100001
00000010000010011000100000101001
00000010000010011010000001100001
00000010000010011100000100100001
00000010000010100000010001100011
00000010000010100000011010010001
00000010000010100000011010100001
00000010000010100001000001000111
00000010000010100001000001001101
00000010000010100001001000010011
00000010000010100001001010000011
00000010000010100001001100000011
00000010000010100010001000001011
00000010000010100010001001000011
00000010000010100010001010001001
00000010000010100100000100100011
00000010000010100100001000010101
00000010000010100100001000100011
00000010000010100100001001100001
00000010000010100100001010010001
00000010000010100100001010100001
00000010000010100110001000000101
00000010000010101000001000010011
00000010000010101000001001010001
00000010000010110000001000010011
00000010000010110000001000100011
00000010000010110000001010100001
00000010000010110000010001100001
00000010000010110000010011000001
00000010000010110000100000010011
00000010000010110000100000011001
00000010000010110000101000010001
00000010000010110001000001000011
00000010000010110001000001000101
00000010000010110001000001001001
00000010000010110010000010000011
00000010000010110010001000001001
00000010000010110100010000010001
00000010000011000000100001011001
00000010000011000000101001010001
00000010000011000010000100000111
00000010000011000100000100100101
00000010000011000110000001000101
00000010000011001100000010001001
00000010000011010000001100010001
00000010000011010000010000110001
00000010000011010000010100100001
00000010000011010000100000011001
00000010000011010000100001010001
00000010000011010000101000010001
00000010000011010010000100010001
00000010000011010100000100001001
00000010000011010100010000100001
00000010000011011000000100100001
00000010000011100001000000100101
00000010000011110001000000100001
00000010000100000010010100010101
00000010000100000100000100010111
00000010000100000100001000001111
00000010000100000100011000001011
00000010000100000101010000001011
00000010000100000101100000010101
00000010000100000101110000001001
00000010000100000110100001010001
00000010000100001000001000010111
00000010000100001000001000011011
00000010000100001000001000100111
00000010000100001000001010010011
00000010000100001000001011001001
00000010000100001000001110010001
00000010000100001000010001010101
00000010000100001000010100010101
00000010000100001001100000010101
00000010000100001011010000010001
00000010000100001100000101010001
00000010000100010000001100001101
00000010000100010000010000100111
00000010000100010000010110100001
00000010000100010000011001010001
00000010000100010000101000001011
00000010000100010000101000001101
00000010000100010001001001001001
00000010000100010001010010000101
00000010000100010100000110001001
00000010000100010100001000010101
00000010000100010100010000001011
00000010000100010110000001010001
00000010000100011000001000001011
00000010000100011000001010000011
00000010000100100000010011000101
00000010000100100000011001010001
00000010000100100000100000111001
00000010000100100000100001010011
00000010000100100000100010010011
00000010000100100000101000010011
00000010000100100000101000011001
00000010000100100010000010000111
00000010000100100100100000100011
00000010000100100101100000010001
00000010000100101000000101010001
00000010000100101000001000001011
00000010000100101000001000010011
00000010000100101000001000010101
00000010000100101000001000011001
00000010000100101000001010000011
00000010000100101000001010010001
00000010000100101100001000000101
00000010000100110000001010000011
00000010000100110000101000001001
00000010000100110001000001000101
00000010000100110010000001010001
00000010000101000000101000101001
00000010000101000000101100010001
00000010000101000001001000010101
00000010000101000001001000011001
00000010000101000001001010001001
00000010000101001000001000010011
00000010000101010000001100001001
00000010000101010100001000010001
00000010000101100000100000110001
00000010000101101000001000010001
00000010000110000010100000011001
00000010000110000101010000001001
00000010000110001000001000010011
00000010000110010000001100000101
00000010000110010000101000000101
00000010000110100000101000010001
00000010000110101000001000010001
00000010000111000001001000010001
00000010001000000100010100100101
00000010001000000100011001001001
00000010001000000100101001000011
00000010001000001000011000000111
00000010001000001000101001000011
00000010001000001001000000100111
00000010001000001001000010110001
00000010001000001001001000000111
00000010001000001010001100001001
00000010001000001010010000100011
00000010001000010000010000010111
00000010001000010000010000011101
00000010001000010000010000100111
00000010001000010000010100100101
00000010001000010000011100000101
00000010001000010010000001100101
00000010001000010010001000001011
00000010001000010010001001001001
00000010001000010010011000000101
00000010001000010100000101001001
00000010001000011000000100100101
00000010001000011000001000101001
00000010001000011000001100001001
00000010001000100000010010010011
00000010001000100000100000101101
00000010001000100000101001000011
00000010001000100010001001001001
00000010001000100100001000001011
00000010001000100100001010000011
00000010001000101000001001000011
00000010001000110000010000100101
00000010001001000001010000100011
00000010001001000001010010000101
00000010001001000010001100000101
00000010001001000110000100000101
00000010001001001000011000000101
00000010001001010000010000100011
00000010001010000100010001001001
00000010001010001000000100100011
00000010001010010000001010000011
00000010001010010000001100001001
00000010001010010000100010001001
00000010001010100000010010000011
00000010001010100001000010001001
00000010001011000001000100001001
00000010010000001100001000100011
00000010010000010000010000011011
00000010010000010000010000011101
00000010010000010000011000010011
00000010010000010000011000100011
00000010010000010001000010000111
00000010010000010001000101000101
00000010010000010001001000011001
00000010010000010001001010000011
00000010010000010001010000011001
00000010010000010001010010000101
00000010010000100000100010010011
00000010010000100000101000100011
00000010010000100000101001001001
00000010010000100001000001000111
00000010010000100010000010010011
00000010010000100010000011000101
00000010010000100010001000001011
00000010010000100010001010000011
00000010010000100010100000100011
00000010010000101000001000100011
00000010010001000001000100100101
00000010010001000001001001000011
00000010010001000001001001000101
00000010010001000001001010000011
00000010010001000010000101000101
00000010010001000100000100001101
00000010010001010000010000101001
00000010010010000010001100000101
00000010010100000100000100010011
00000010010100000100001001000101
00000010010100010000010010000101
00000010010100100000100010000011
00000010100000011000001000010011
00000010100000100000100100010011
00000010100000100001001000001011
00000010100000100001001000010011
00000010100000100001001100000011
00000010100000100010001001000011
00000010100000100100001000100011
00000010100000101000001000010011
00000010100001000010000010001011
00000010100001000010000010010011
00000010100010000010000100100011
00000010100100000100000100010011
00000010100100001000001000010011
00000010100100010001000010000011
00000010110001000001000010000011
00000010110001000010000010000011
00000011000010000100000100000111
