000000000000000001000111101
000000000000000001001010111
000000000000000001001101011
000000000000000001001110101
000000000000000001010011101
000000000000000001011000111
000000000000000001011010011
000000000000000001100101011
000000000000000001101000111
000000000000000010000110111
000000000000000010001001111
000000000000000010001011011
000000000000000010001101011
000000000000000010010001111
000000000000000010010010111
000000000000000010010110011
000000000000000010011001011
000000000000000010100011011
000000000000000010100100111
000000000000000010110100011
000000000000000011000010111
000000000000000011001000111
000000000000000011010000111
000000000000000100000101111
000000000000000100001001111
000000000000000100001010111
000000000000000100001101101
000000000000000100010001111
000000000000000100010100111
000000000000000100100010111
000000000000000100101000111
000000000000000101000100111
000000000000000101000101011
000000000000000101000110011
000000000000000101000110101
000000000000000101001000111
000000000000000101010001101
000000000000000101011000011
000000000000000101100100011
000000000000000101101000011
000000000000000110000101011
000000000000000110001001011
000000000000000110001010011
000000000000000110010001011
000000000000000110100000111
000000000000001000001001111
000000000000001000001011011
000000000000001000001101011
000000000000001000001111001
000000000000001000010001111
000000000000001000010011101
000000000000001000010111001
000000000000001000011001101
000000000000001000100011011
000000000000001000100101101
000000000000001000101001011
000000000000001000110001011
000000000000001000111001001
000000000000001001000011101
000000000000001001000100111
000000000000001001000101011
000000000000001001000110011
000000000000001001000110101
000000000000001001000111001
000000000000001001001000111
000000000000001001010001011
000000000000001001010001101
000000000000001001011000101
000000000000001001100010101
000000000000001001100100011
000000000000001001101000011
000000000000001001110000101
000000000000001010000011011
000000000000001010000100111
000000000000001010000110011
000000000000001010001000111
000000000000001010001001011
000000000000001010001001101
000000000000001010001010011
000000000000001010010000111
000000000000001010010001101
000000000000001010011000011
000000000000001010100001011
000000000000001010100010011
000000000000001010100100011
000000000000001010101000011
000000000000001010110000011
000000000000001011000000111
000000000000001011000001011
000000000000001011001000011
000000000000001011010000011
000000000000001100000101011
000000000000001100001000111
000000000000001100001001011
000000000000001100010001011
000000000000001101000000111
000000000000010000000110111
000000000000010000001010111
000000000000010000010010111
000000000000010000010011101
000000000000010000010110011
000000000000010000010111001
000000000000010000011110001
000000000000010000100010111
000000000000010000100011011
000000000000010000100011101
000000000000010000100110101
000000000000010000101010011
000000000000010000101011001
000000000000010000101110001
000000000000010000110010101
000000000000010000110110001
000000000000010000111010001
000000000000010001000010111
000000000000010001000011011
000000000000010001000011101
000000000000010001000100111
000000000000010001000101011
000000000000010001000101101
000000000000010001001000111
000000000000010001001001011
000000000000010001001010011
000000000000010001001101001
000000000000010001010000111
000000000000010001010001101
000000000000010001010010011
000000000000010001010010101
000000000000010001100000111
000000000000010001100001011
000000000000010001100001101
000000000000010001100010011
000000000000010001100100101
000000000000010001101000011
000000000000010010000101011
000000000000010010000110011
000000000000010010000110101
000000000000010010000111001
000000000000010010001001011
000000000000010010001011001
000000000000010010010000111
000000000000010010010001011
000000000000010010010100011
000000000000010010100000111
000000000000010010100010011
000000000000010010100011001
000000000000010010101000011
000000000000010011000010011
000000000000010011000010101
000000000000010011001000011
000000000000010011010000011
000000000000010011010000101
000000000000010011100000101
000000000000010100000100111
000000000000010100001000111
000000000000010100001001101
000000000000010100001100101
000000000000010100010000111
000000000000010100010001101
000000000000010100010010011
000000000000010100010010101
000000000000010100100000111
000000000000010100100001101
000000000000010100100010011
000000000000010101000010011
000000000000010101100000011
000000000000010110000000111
000000000000010110000100011
000000000000010110001000011
000000000000010110010000011
000000000000010110100000011
000000000000010111000000011
000000000000011000000101011
000000000000011000001010011
000000000000011000010001011
000000000000011000010010011
000000000000011000100001011
000000000000011000100010011
000000000000100000001101011
000000000000100000001101101
000000000000100000001110101
000000000000100000001111001
000000000000100000010110011
000000000000100000011100101
000000000000100000011101001
000000000000100000011110001
000000000000100000100100111
000000000000100000100101011
000000000000100000100110101
000000000000100000101101001
000000000000100000110101001
000000000000100000110110001
000000000000100001000001111
000000000000100001000010111
000000000000100001000011011
000000000000100001000011101
000000000000100001000101101
000000000000100001001001011
000000000000100001001010101
000000000000100001001011001
000000000000100001001100101
000000000000100001010011001
000000000000100001011000011
000000000000100001011010001
000000000000100001100001011
000000000000100001100010101
000000000000100001100100101
000000000000100001101010001
000000000000100001110001001
000000000000100001110010001
000000000000100010000100111
000000000000100010000101101
000000000000100010000110101
000000000000100010000111001
000000000000100010001001011
000000000000100010001101001
000000000000100010010000111
000000000000100010010010011
000000000000100010010110001
000000000000100010011000011
000000000000100010100000111
000000000000100010100001011
000000000000100010100100011
000000000000100010110000011
000000000000100011000001011
000000000000100011000010011
000000000000100011000010101
000000000000100011000101001
000000000000100011001000011
000000000000100011010000011
000000000000100011010000101
000000000000100011100000101
000000000000100011100001001
000000000000100100000010111
000000000000100100000011101
000000000000100100000100111
000000000000100100000101011
000000000000100100000110011
000000000000100100000111001
000000000000100100001010101
000000000000100100001101001
000000000000100100010000111
000000000000100100010100011
000000000000100100010100101
000000000000100100011000101
000000000000100100100000111
000000000000100100100010101
000000000000100100100100011
000000000000100100110000101
000000000000100101000000111
000000000000100101000001011
000000000000100101000001101
000000000000100101000011001
000000000000100101000100011
000000000000100101000100101
000000000000100101001000101
000000000000100101010000011
000000000000100101100000011
000000000000100101100000101
000000000000100110000001101
000000000000100110000010101
000000000000100110000100101
000000000000100110010000011
000000000000100110010000101
000000000000100110100000011
000000000000100111000000101
000000000000101000000001111
000000000000101000000100111
000000000000101000000110011
000000000000101000001001011
000000000000101000001001101
000000000000101000001100101
000000000000101000100001101
000000000000101000100100011
000000000000101000100100101
000000000000101001000000111
000000000000101001000001011
000000000000101001000010011
000000000000101001000100011
000000000000101001001000011
000000000000101001100000011
000000000000101010000010011
000000000000101010001000011
000000000000101010100000011
000000000000101011000000011
000000000000101100000000111
000000000000101100000100011
000000000000101101000000011
000000000000110000000100111
000000000000110000000101011
000000000000110001000001011
000000000000110001000010011
000000000000110010000001011
000000000000110100000000111
000000000001000000001101011
000000000001000000001110101
000000000001000000011001011
000000000001000000011010011
000000000001000000011100101
000000000001000000011101001
000000000001000000011110001
000000000001000000101001101
000000000001000000101010011
000000000001000000101011001
000000000001000000101100011
000000000001000000101100101
000000000001000000101110001
000000000001000001000010111
000000000001000001000011101
000000000001000001000101011
000000000001000001000110101
000000000001000001000111001
000000000001000001001000111
000000000001000001001100011
000000000001000001001110001
000000000001000001010000111
000000000001000001010001101
000000000001000001010010011
000000000001000001010011001
000000000001000001010100011
000000000001000001010101001
000000000001000001010110001
000000000001000001011100001
000000000001000001100001011
000000000001000001100010011
000000000001000001100100101
000000000001000001100101001
000000000001000001101000011
000000000001000001101001001
000000000001000001101100001
000000000001000001110010001
000000000001000010000010111
000000000001000010000011011
000000000001000010000101011
000000000001000010001000111
000000000001000010001001011
000000000001000010001001101
000000000001000010001011001
000000000001000010001101001
000000000001000010010000111
000000000001000010010001011
000000000001000010010010011
000000000001000010010100011
000000000001000010011000011
000000000001000010011000101
000000000001000010011010001
000000000001000010011100001
000000000001000010100000111
000000000001000010100100011
000000000001000010101001001
000000000001000010101010001
000000000001000010101100001
000000000001000011000001011
000000000001000011000001101
000000000001000011000010011
000000000001000011000010101
000000000001000011001000011
000000000001000011010000011
000000000001000011010000101
000000000001000011010001001
000000000001000011010010001
000000000001000011100000101
000000000001000011100010001
000000000001000100000010111
000000000001000100000011101
000000000001000100000101101
000000000001000100000110101
000000000001000100001000111
000000000001000100001001011
000000000001000100001001101
000000000001000100001010011
000000000001000100001011001
000000000001000100001100101
000000000001000100001110001
000000000001000100010000111
000000000001000100010100101
000000000001000100011000011
000000000001000100011001001
000000000001000100100000111
000000000001000100100001101
000000000001000100101000101
000000000001000100110000101
000000000001000101000000111
000000000001000101000001011
000000000001000101000001101
000000000001000101000010101
000000000001000101000100101
000000000001000101000101001
000000000001000101001000101
000000000001000101010000011
000000000001000101100001001
000000000001000110000001011
000000000001000110000001101
000000000001000110000010011
000000000001000110000010101
000000000001000110001000011
000000000001000110001001001
000000000001000110010000011
000000000001000110010000101
000000000001000110100000011
000000000001000111000000011
000000000001000111000000101
000000000001000111000001001
000000000001001000000101011
000000000001001000001000111
000000000001001000001010101
000000000001001000001100011
000000000001001000010001011
000000000001001000010101001
000000000001001000011000101
000000000001001000011001001
000000000001001000101000011
000000000001001001000000111
000000000001001001000010101
000000000001001001000100011
000000000001001001010000011
000000000001001001010000101
000000000001001001100000011
000000000001001010000010011
000000000001001010000100011
000000000001001010001000011
000000000001001010001000101
000000000001001010010000011
000000000001001010100000011
000000000001001011000000011
000000000001001011000000101
000000000001001100000010101
000000000001001100000100101
000000000001001100001000011
000000000001001100001000101
000000000001001100010000101
000000000001001100100000101
000000000001001101000000011
000000000001001101000000101
000000000001010000000110101
000000000001010000001001101
000000000001010000001010011
000000000001010000100010011
000000000001010000101000011
000000000001010001000000111
000000000001010001000100101
000000000001010001001000011
000000000001010010000010011
000000000001010010010000011
000000000001010011000000011
000000000001010100000010011
000000000001010101000000011
000000000001010110000000011
000000000001011000000010011
000000000001011001000000011
000000000001011010000000011
000000000001100000000101011
000000000001100000001001011
000000000001100000011000011
000000000001100000100100011
000000000001100000101000011
000000000001100001000100011
000000000010000000010001111
000000000010000000010010111
000000000010000000010100111
000000000010000000010111001
000000000010000000011001011
000000000010000000011001101
000000000010000000011010011
000000000010000000011100101
000000000010000000011101001
000000000010000000011110001
000000000010000000110001011
000000000010000000110001101
000000000010000000110010101
000000000010000000110100011
000000000010000000110110001
000000000010000000111001001
000000000010000000111010001
000000000010000001000011011
000000000010000001000011101
000000000010000001000100111
000000000010000001001010011
000000000010000001001100011
000000000010000001001100101
000000000010000001001110001
000000000010000001010000111
000000000010000001010010011
000000000010000001010011001
000000000010000001010101001
000000000010000001011000011
000000000010000001011010001
000000000010000001011100001
000000000010000001100001101
000000000010000001100010101
000000000010000001100100101
000000000010000001100101001
000000000010000001101010001
000000000010000010000001111
000000000010000010000010111
000000000010000010000011011
000000000010000010000100111
000000000010000010001000111
000000000010000010001001011
000000000010000010001100011
000000000010000010010000111
000000000010000010010001101
000000000010000010010010011
000000000010000010010010101
000000000010000010010100011
000000000010000010010110001
000000000010000010011000101
000000000010000010011001001
000000000010000010011100001
000000000010000010100001011
000000000010000010100010011
000000000010000010100100011
000000000010000010110000011
000000000010000010110001001
000000000010000010110010001
000000000010000010110100001
000000000010000011000001011
000000000010000011000010011
000000000010000011000010101
000000000010000011000100101
000000000010000011001000011
000000000010000011001000101
000000000010000011001100001
000000000010000011010000011
000000000010000011010010001
000000000010000011010100001
000000000010000011100001001
000000000010000011100100001
000000000010000100000001111
000000000010000100000010111
000000000010000100000011101
000000000010000100000100111
000000000010000100001000111
000000000010000100001001101
000000000010000100010000111
000000000010000100010010101
000000000010000100010100011
000000000010000100011000011
000000000010000100100010101
000000000010000100101000101
000000000010000100110000101
000000000010000101000001011
000000000010000101000001101
000000000010000101000010011
000000000010000101000011001
000000000010000101000100011
000000000010000101000100101
000000000010000101001000011
000000000010000101001000101
000000000010000101010000011
000000000010000101010001001
000000000010000101100000101
000000000010000101100010001
000000000010000110000001101
000000000010000110000010011
000000000010000110000010101
000000000010000110000100011
000000000010000110001000011
000000000010000110010000011
000000000010000110010000101
000000000010000110010001001
000000000010000111000010001
000000000010001000000001111
000000000010001000000111001
000000000010001000001001011
000000000010001000001011001
000000000010001000001101001
000000000010001000010000111
000000000010001000010001011
000000000010001000010001101
000000000010001000010010101
000000000010001000010101001
000000000010001000010110001
000000000010001000011000011
000000000010001000011001001
000000000010001000011010001
000000000010001000100001011
000000000010001000100001101
000000000010001000101001001
000000000010001000110000011
000000000010001000110000101
000000000010001000110001001
000000000010001001000000111
000000000010001001000001101
000000000010001001000010101
000000000010001001000011001
000000000010001001000101001
000000000010001001001000011
000000000010001001001000101
000000000010001001010000011
000000000010001001010001001
000000000010001001100000011
000000000010001001100000101
000000000010001001100001001
000000000010001010000001011
000000000010001010000001101
000000000010001010000011001
000000000010001010001000011
000000000010001010010000101
000000000010001010010001001
000000000010001010100001001
000000000010001011000000011
000000000010001011000000101
000000000010001011000001001
000000000010001100000001101
000000000010001100000011001
000000000010001100001001001
000000000010001100010000011
000000000010001100010001001
000000000010001100100000101
000000000010001101000000101
000000000010001110000000101
000000000010010000000010111
000000000010010000000111001
000000000010010000001010011
000000000010010000010000111
000000000010010000010001011
000000000010010000010010101
000000000010010000010100011
000000000010010000010101001
000000000010010000100010011
000000000010010000110000011
000000000010010000110000101
000000000010010001000000111
000000000010010001000001011
000000000010010001000010101
000000000010010001000011001
000000000010010001000100011
000000000010010001000101001
000000000010010001001000011
000000000010010001010000011
000000000010010001010000101
000000000010010001100000101
000000000010010010000000111
000000000010010010000010011
000000000010010010000100011
000000000010010010001000011
000000000010010010100000011
000000000010010011000000011
000000000010010100000000111
000000000010010100000011001
000000000010010100010000011
000000000010010100010000101
000000000010010100100000101
000000000010010101000000011
000000000010010110000000011
000000000010011000000001011
000000000010011000000001101
000000000010011000010000101
000000000010011001000000011
000000000010100000000100111
000000000010100000000110011
000000000010100000001100011
000000000010100000001100101
000000000010100000010010011
000000000010100000010100011
000000000010100000011000011
000000000010100000011000101
000000000010100000100100011
000000000010100000110000011
000000000010100000110000101
000000000010100001000010011
000000000010100001000100101
000000000010100001001000011
000000000010100001001000101
000000000010100001010000011
000000000010100010000100011
000000000010100010000100101
000000000010100010001000011
000000000010100010100000011
000000000010100011000000011
000000000010100100000100011
000000000010100100010000011
000000000010100101000000011
000000000010100110000000011
000000000010110000000100011
000000000010110001000000011
000000000010110010000000011
000000000011000000001010011
000000000011000000010001011
000000000011000000010100011
000000000011000001000100011
000000000100000000100010111
000000000100000000100011101
000000000100000000100100111
000000000100000000100101011
000000000100000000100110101
000000000100000000101000111
000000000100000000101001101
000000000100000000101010011
000000000100000000101100011
000000000100000000101110001
000000000100000000110001011
000000000100000000110001101
000000000100000000110010011
000000000100000000110010101
000000000100000000110100011
000000000100000000110100101
000000000100000000110101001
000000000100000000111000101
000000000100000000111001001
000000000100000000111010001
000000000100000001000010111
000000000100000001000011011
000000000100000001000011101
000000000100000001000100111
000000000100000001000101011
000000000100000001000101101
000000000100000001000110101
000000000100000001001000111
000000000100000001001001011
000000000100000001001010011
000000000100000001001100101
000000000100000001001101001
000000000100000001010001011
000000000100000001010001101
000000000100000001010010011
000000000100000001010100011
000000000100000001010100101
000000000100000001010101001
000000000100000001010110001
000000000100000001011000101
000000000100000001011010001
000000000100000001100001101
000000000100000001100010101
000000000100000001100011001
000000000100000001100100101
000000000100000001100101001
000000000100000001101000101
000000000100000001101010001
000000000100000001110001001
000000000100000001110100001
000000000100000001111000001
000000000100000010000010111
000000000100000010000100111
000000000100000010000101011
000000000100000010001000111
000000000100000010001001011
000000000100000010001010011
000000000100000010010100011
000000000100000010100000111
000000000100000010100010011
000000000100000010100011001
000000000100000010100100011
000000000100000010101000101
000000000100000010101001001
000000000100000010101100001
000000000100000010110010001
000000000100000011000001011
000000000100000011000010011
000000000100000011000010101
000000000100000011000101001
000000000100000011001000101
000000000100000011001001001
000000000100000011001010001
000000000100000011001100001
000000000100000011010000011
000000000100000011010001001
000000000100000011010010001
000000000100000011010100001
000000000100000011100100001
000000000100000011101000001
000000000100000100000010111
000000000100000100000011101
000000000100000100000100111
000000000100000100000101101
000000000100000100000110101
000000000100000100001001101
000000000100000100010010101
000000000100000100010100101
000000000100000100011000101
000000000100000100100000111
000000000100000100100001101
000000000100000100100010011
000000000100000100100010101
000000000100000100100011001
000000000100000100100110001
000000000100000100110000101
000000000100000100110001001
000000000100000100110100001
000000000100000100111000001
000000000100000101000000111
000000000100000101000001101
000000000100000101000010011
000000000100000101000011001
000000000100000101000100011
000000000100000101000100101
000000000100000101000110001
000000000100000101010001001
000000000100000101010010001
000000000100000101010100001
000000000100000101100000011
000000000100000101100000101
000000000100000101100010001
000000000100000101100100001
000000000100000110000010011
000000000100000110000010101
000000000100000110000100101
000000000100000110001000101
000000000100000110100000101
000000000100000110100010001
000000000100000110100100001
000000000100000111000000101
000000000100000111000100001
000000000100001000000011011
000000000100001000000011101
000000000100001000000101011
000000000100001000000101101
000000000100001000001001101
000000000100001000001011001
000000000100001000010001011
000000000100001000010001101
000000000100001000010101001
000000000100001000011001001
000000000100001000100001011
000000000100001000100001101
000000000100001000100010011
000000000100001000100011001
000000000100001000101000101
000000000100001000101001001
000000000100001000101100001
000000000100001000110000011
000000000100001001000001011
000000000100001001000010101
000000000100001001000011001
000000000100001001000100101
000000000100001001000101001
000000000100001001001010001
000000000100001001001100001
000000000100001001010000011
000000000100001001010000101
000000000100001001010001001
000000000100001001100000011
000000000100001001100000101
000000000100001001100001001
000000000100001010000011001
000000000100001010001000011
000000000100001010001001001
000000000100001010100010001
000000000100001011000000011
000000000100001011000010001
000000000100001100000010101
000000000100001100000011001
000000000100001100000101001
000000000100001100001000101
000000000100001100010001001
000000000100001100100001001
000000000100001100100010001
000000000100001101000000101
000000000100010000000010111
000000000100010000000011011
000000000100010000000110101
000000000100010000001010011
000000000100010000001110001
000000000100010000010010011
000000000100010000100000111
000000000100010000100001011
000000000100010000100001101
000000000100010000100110001
000000000100010000101000011
000000000100010000101001001
000000000100010000110000011
000000000100010000110000101
000000000100010001000001011
000000000100010001000001101
000000000100010001000100101
000000000100010001001000011
000000000100010001001001001
000000000100010001001010001
000000000100010001010000011
000000000100010001010000101
000000000100010001100000101
000000000100010001100001001
000000000100010010000000111
000000000100010010000010011
000000000100010010000010101
000000000100010010001000011
000000000100010010010000011
000000000100010010100000011
000000000100010010100000101
000000000100010011000000011
000000000100010011000000101
000000000100010011000001001
000000000100010100000001101
000000000100010100000010011
000000000100010100000010101
000000000100010100000011001
000000000100010100000100101
000000000100010100000110001
000000000100010100010000101
000000000100010100100001001
000000000100010101000000011
000000000100010101000000101
000000000100010101000001001
000000000100010110000000101
000000000100011000000001011
000000000100011000000010011
000000000100011000001001001
000000000100011000100000101
000000000100011000100001001
000000000100011001000000011
000000000100011001000000101
000000000100011001000001001
000000000100011010000000011
000000000100011010000001001
000000000100011100000000101
000000000100011100000001001
000000000100100000000100111
000000000100100000001100011
000000000100100000001101001
000000000100100000010100011
000000000100100000010100101
000000000100100000010101001
000000000100100000100000111
000000000100100000100001101
000000000100100000100100011
000000000100100000100100101
000000000100100000101000011
000000000100100000101001001
000000000100100000110000101
000000000100100000110001001
000000000100100001000000111
000000000100100001000001101
000000000100100001000010101
000000000100100001000100011
000000000100100001000101001
000000000100100001001000011
000000000100100001001000101
000000000100100001010000011
000000000100100001010001001
000000000100100001100000101
000000000100100010000000111
000000000100100010000100101
000000000100100010001000011
000000000100100010100000011
000000000100100010100000101
000000000100100100001000101
000000000100100100010000101
000000000100100100100000101
000000000100100101000000011
000000000100100101000000101
000000000100100110000000101
000000000100101000000001101
000000000100101000000100011
000000000100101001000000011
000000000100101001000000101
000000000100101010000000011
000000000100110000100000101
000000000100110001000000101
000000000100110100000000101
000000000101000000001000111
000000000101000000001001011
000000000101000000001100011
000000000101000000011000101
000000000101000000100001011
000000000101000000100010011
000000000101000000100100011
000000000101000000101000011
000000000101000001000000111
000000000101000001000010011
000000000101000001000100011
000000000101000001000100101
000000000101000001001000011
000000000101000010000001011
000000000101000010000010011
000000000101000010001000011
000000000101000010001000101
000000000101000011000000011
000000000101000100000000111
000000000101000100100000011
000000000101000101000000011
000000000101000110000000011
000000000101001000000001011
000000000101001000001000011
000000000101001000100000011
000000000101001001000000011
000000000101001010000000011
000000000101010000001000011
000000000101010001000000011
000000000101010010000000011
000000000101100000000100011
000000000101100000001000011
000000000101100000100000011
000000000101100001000000011
000000000101100010000000011
000000000110000000010001011
000000000110000000100001011
000000000110000001000001011
000000000110000001010000011
000000001000000001000001111
000000001000000001000011011
000000001000000001000011101
000000001000000001000101011
000000001000000001000101101
000000001000000001001000111
000000001000000001001010011
000000001000000001001010101
000000001000000001001100011
000000001000000001001100101
000000001000000001010001011
000000001000000001010001101
000000001000000001010010011
000000001000000001011000011
000000001000000001100001011
000000001000000010000001111
000000001000000010000101011
000000001000000010000101101
000000001000000010000110011
000000001000000010000110101
000000001000000010000111001
000000001000000010001001011
000000001000000010001001101
000000001000000010001010011
000000001000000010001100011
000000001000000010001101001
000000001000000010010000111
000000001000000010010001011
000000001000000010010001101
000000001000000010010010101
000000001000000010010011001
000000001000000010010100011
000000001000000010010110001
000000001000000010011000011
000000001000000010011000101
000000001000000010011010001
000000001000000010100001011
000000001000000010100011001
000000001000000010100101001
000000001000000010101001001
000000001000000010101010001
000000001000000010110000011
000000001000000010110001001
000000001000000010110010001
000000001000000011000001101
000000001000000011000010011
000000001000000011000011001
000000001000000011000101001
000000001000000011001000101
000000001000000011001010001
000000001000000011001100001
000000001000000011010000011
000000001000000011010001001
000000001000000011010010001
000000001000000011011000001
000000001000000011100001001
000000001000000100000110011
000000001000000100000110101
000000001000000100000111001
000000001000000100001001011
000000001000000100001001101
000000001000000100001010011
000000001000000100001010101
000000001000000100001011001
000000001000000100001100101
000000001000000100001101001
000000001000000100001110001
000000001000000100010100101
000000001000000100011000011
000000001000000100011000101
000000001000000100011001001
000000001000000100011100001
000000001000000100100001101
000000001000000100100010101
000000001000000100100011001
000000001000000100100110001
000000001000000100101000011
000000001000000100101100001
000000001000000100110100001
000000001000000100111000001
000000001000000101000001011
000000001000000101000011001
000000001000000101000100101
000000001000000101000101001
000000001000000101001000011
000000001000000101001010001
000000001000000101001100001
000000001000000101011000001
000000001000000101100000101
000000001000000101100001001
000000001000000101100100001
000000001000000101101000001
000000001000000110000001011
000000001000000110000001101
000000001000000110000010011
000000001000000110000100101
000000001000000110000101001
000000001000000110001000101
000000001000000110001001001
000000001000000110001010001
000000001000000110010000011
000000001000000110010100001
000000001000000110011000001
000000001000000110100010001
000000001000000110100100001
000000001000000111000001001
000000001000000111001000001
000000001000001000000011011
000000001000001000000011101
000000001000001000000100111
000000001000001000000101011
000000001000001000000110011
000000001000001000001000111
000000001000001000010000111
000000001000001000010001011
000000001000001000010001101
000000001000001000010010011
000000001000001000010010101
000000001000001000010101001
000000001000001000010110001
000000001000001000011000101
000000001000001000011001001
000000001000001000100010011
000000001000001000100010101
000000001000001000100100011
000000001000001000100100101
000000001000001000101000011
000000001000001000110000011
000000001000001000110000101
000000001000001001000000111
000000001000001001000010011
000000001000001001000010101
000000001000001001000100011
000000001000001001000100101
000000001000001001000110001
000000001000001001010000011
000000001000001001010010001
000000001000001001010100001
000000001000001001100000011
000000001000001001100000101
000000001000001001100010001
000000001000001001100100001
000000001000001010000001011
000000001000001010000001101
000000001000001010000010011
000000001000001010000100011
000000001000001010000100101
000000001000001010000101001
000000001000001010000110001
000000001000001010001000101
000000001000001010010000011
000000001000001010010010001
000000001000001010011000001
000000001000001010100001001
000000001000001010100010001
000000001000001010100100001
000000001000001011000000101
000000001000001011000010001
000000001000001011000100001
000000001000001100000001011
000000001000001100000001101
000000001000001100000010101
000000001000001100000011001
000000001000001100000101001
000000001000001100001000011
000000001000001100010000101
000000001000001100010001001
000000001000001100100000101
000000001000001100100001001
000000001000001100100010001
000000001000001100100100001
000000001000001101000000011
000000001000001101000010001
000000001000001101000100001
000000001000001110000000101
000000001000001110000001001
000000001000001110000100001
000000001000010000000100111
000000001000010000000101011
000000001000010000000101101
000000001000010000000110011
000000001000010000001000111
000000001000010000001001011
000000001000010000001001101
000000001000010000001011001
000000001000010000001100101
000000001000010000001101001
000000001000010000001110001
000000001000010000010000111
000000001000010000010001011
000000001000010000010001101
000000001000010000010010011
000000001000010000010011001
000000001000010000010100011
000000001000010000010101001
000000001000010000010110001
000000001000010000011001001
000000001000010000011010001
000000001000010000011100001
000000001000010000100000111
000000001000010000100001101
000000001000010000100010011
000000001000010000100011001
000000001000010000101001001
000000001000010000101010001
000000001000010000110000011
000000001000010000110010001
000000001000010000110100001
000000001000010001000001011
000000001000010001000001101
000000001000010001000010011
000000001000010001000101001
000000001000010001001000011
000000001000010001001000101
000000001000010001001100001
000000001000010001010000011
000000001000010001010001001
000000001000010001010010001
000000001000010001100001001
000000001000010010000000111
000000001000010010000010011
000000001000010010000011001
000000001000010010000101001
000000001000010010001000011
000000001000010010001000101
000000001000010010001010001
000000001000010010010000011
000000001000010011000000011
000000001000010011000001001
000000001000010011000010001
000000001000010100000001101
000000001000010100000010011
000000001000010100000011001
000000001000010100000100011
000000001000010100000100101
000000001000010100000101001
000000001000010100001000011
000000001000010100001000101
000000001000010100001001001
000000001000010100010000011
000000001000010100010010001
000000001000010100100000101
000000001000010100100001001
000000001000010101000001001
000000001000010110000010001
000000001000011000000001101
000000001000011000000010011
000000001000011000000011001
000000001000011000000100011
000000001000011000000100101
000000001000011000000110001
000000001000011000010000011
000000001000011000010000101
000000001000011000100000011
000000001000011000100000101
000000001000011000100010001
000000001000011001000000011
000000001000011001000000101
000000001000011010000000011
000000001000011010000001001
000000001000011010000010001
000000001000011100000010001
000000001000100000000100111
000000001000100000000101011
000000001000100000001001011
000000001000100000001011001
000000001000100000001100011
000000001000100000001101001
000000001000100000010000111
000000001000100000010100101
000000001000100000010101001
000000001000100000011000011
000000001000100000011000101
000000001000100000011001001
000000001000100000011010001
000000001000100000100001101
000000001000100000100100101
000000001000100000100101001
000000001000100000101000011
000000001000100000101001001
000000001000100000101010001
000000001000100000110000101
000000001000100000110001001
000000001000100001000001011
000000001000100001000001101
000000001000100001000011001
000000001000100001000100101
000000001000100001001000011
000000001000100001001000101
000000001000100001001010001
000000001000100001010001001
000000001000100001100000101
000000001000100001100001001
000000001000100010000001101
000000001000100010000101001
000000001000100010001001001
000000001000100010010000101
000000001000100010010010001
000000001000100010100001001
000000001000100011000001001
000000001000100100000001011
000000001000100100000011001
000000001000100100000100101
000000001000100100000101001
000000001000100100001000101
000000001000100100001010001
000000001000100100100000011
000000001000100100100000101
000000001000100100100001001
000000001000100101000000101
000000001000100101000001001
000000001000100110000000101
000000001000100110000001001
000000001000101000000001011
000000001000101000000010101
000000001000101000000100101
000000001000101000000101001
000000001000101000010001001
000000001000101000100000011
000000001000101000100000101
000000001000101001000000011
000000001000101001000000101
000000001000101010000001001
000000001000101100000000101
000000001000110000000011001
000000001000110000001001001
000000001000110000010001001
000000001000110000100000101
000000001000110001000001001
000000001000110010000000101
000000001000110010000001001
000000001000110100000001001
000000001000111000000001001
000000001001000000010000111
000000001001000000010001101
000000001001000000011000101
000000001001000000100000111
000000001001000000100010011
000000001001000000101000011
000000001001000000101000101
000000001001000000110000101
000000001001000001000000111
000000001001000001000010011
000000001001000001000010101
000000001001000001000100011
000000001001000001000100101
000000001001000001010000011
000000001001000001010000101
000000001001000001100000101
000000001001000010000000111
000000001001000010000010011
000000001001000010000010101
000000001001000010001000011
000000001001000010100000011
000000001001000011000000101
000000001001000100000010011
000000001001000100000011001
000000001001000100000100101
000000001001000100000101001
000000001001000100001000101
000000001001000100010000011
000000001001000100100000101
000000001001000101000000011
000000001001000110000000101
000000001001001000001000101
000000001001001000010000101
000000001001001000100000011
000000001001001000100000101
000000001001001010000000011
000000001001001100000000101
000000001001010000001000101
000000001001010000010000011
000000001001010001000000011
000000001001010001000000101
000000001001010010000000101
000000001001100000010000011
000000001001100000010000101
000000001001100000100000101
000000001001100001000000011
000000001001100001000000101
000000001010000000100001011
000000001010000000100001101
000000001010000000100010011
000000001010000000100100011
000000001010000000110000011
000000001010000001000001011
000000001010000001000010011
000000001010000001001000011
000000001010000001001000101
000000001010000001010000011
000000001010000010000001011
000000001010000010000010011
000000001010000010000100011
000000001010000010001000101
000000001010000010010000011
000000001010000011000000011
000000001010000100000001011
000000001010000100000100011
000000001010000100010000011
000000001010001000000010101
000000001010001000100000011
000000001010001001000000011
000000001010010000000100011
000000001010010000001000011
000000001010010000010000011
000000001010010000100000011
000000001010010001000000011
000000001010100000001000011
000000001010100000100000011
000000001011000000010000011
000000001011000001000000011
000000001100000001000001011
000000001100000010000010011
000000010000000100000010111
000000010000000100000100111
000000010000000100000101011
000000010000000100000101101
000000010000000100000110011
000000010000000100001001011
000000010000000100001010101
000000010000000100010000111
000000010000000100010001011
000000010000000100010010011
000000010000000100010010101
000000010000000100010100011
000000010000000100010100101
000000010000000100011000011
000000010000000100011000101
000000010000000100100000111
000000010000000100100100011
000000010000000100101000011
000000010000000100101000101
000000010000000101001000011
000000010000000110000010011
000000010000001000000100111
000000010000001000000101011
000000010000001000000101101
000000010000001000000110011
000000010000001000000111001
000000010000001000001000111
000000010000001000001001011
000000010000001000001001101
000000010000001000001010011
000000010000001000001101001
000000010000001000010000111
000000010000001000010001011
000000010000001000010001101
000000010000001000010011001
000000010000001000011000011
000000010000001000011001001
000000010000001000100010011
000000010000001000100101001
000000010000001000101000011
000000010000001000101001001
000000010000001000110001001
000000010000001001000000111
000000010000001001000001011
000000010000001001000100011
000000010000001001000110001
000000010000001001001000011
000000010000001001001000101
000000010000001001001010001
000000010000001001001100001
000000010000001001010000011
000000010000001001010000101
000000010000001001010010001
000000010000001001011000001
000000010000001001100000011
000000010000001001100100001
000000010000001001101000001
000000010000001001110000001
000000010000001010000001011
000000010000001010000001101
000000010000001010000010011
000000010000001010000011001
000000010000001010000110001
000000010000001010001000011
000000010000001010001000101
000000010000001010001001001
000000010000001010001010001
000000010000001010001100001
000000010000001010010000011
000000010000001010010000101
000000010000001010011000001
000000010000001010100100001
000000010000001010101000001
000000010000001010110000001
000000010000001011000000011
000000010000001011000001001
000000010000001011000100001
000000010000001011001000001
000000010000001100000001101
000000010000001100000100011
000000010000001100000100101
000000010000001100000101001
000000010000001100001000011
000000010000001100001000101
000000010000001100001001001
000000010000001100010001001
000000010000001101000000011
000000010000001101001000001
000000010000001110000100001
000000010000001110001000001
000000010000010000000100111
000000010000010000000101011
000000010000010000001000111
000000010000010000001001011
000000010000010000001010101
000000010000010000001011001
000000010000010000010000111
000000010000010000010001011
000000010000010000010010101
000000010000010000010011001
000000010000010000010110001
000000010000010000011010001
000000010000010000100000111
000000010000010000100001011
000000010000010000100010011
000000010000010000100011001
000000010000010000101000011
000000010000010000101010001
000000010000010000110000011
000000010000010000110010001
000000010000010001000000111
000000010000010001000001011
000000010000010001000010011
000000010000010001000010101
000000010000010001000011001
000000010000010001000100101
000000010000010001000110001
000000010000010001001000011
000000010000010001001000101
000000010000010001010000101
000000010000010001010001001
000000010000010001010010001
000000010000010001011000001
000000010000010001100000011
000000010000010001101000001
000000010000010010000000111
000000010000010010000001011
000000010000010010000010101
000000010000010010000011001
000000010000010010000100011
000000010000010010000110001
000000010000010010001000011
000000010000010010001000101
000000010000010010001001001
000000010000010010010000101
000000010000010010100000011
000000010000010010100000101
000000010000010010100010001
000000010000010010101000001
000000010000010011000010001
000000010000010011000100001
000000010000010100000010101
000000010000010100000100101
000000010000010100001000011
000000010000010100001010001
000000010000010100010000011
000000010000010100010000101
000000010000010100010010001
000000010000010100100000011
000000010000010100100010001
000000010000010101000010001
000000010000010110000000101
000000010000010110000010001
000000010000011000000011001
000000010000011000000100011
000000010000011000000101001
000000010000011000001000011
000000010000011000001010001
000000010000011000010001001
000000010000011000100000011
000000010000011000100001001
000000010000011001000010001
000000010000011001000100001
000000010000011010000001001
000000010000011010000100001
000000010000100000001001011
000000010000100000010000111
000000010000100000010010011
000000010000100000010110001
000000010000100000011000011
000000010000100000100000111
000000010000100000100001011
000000010000100000100100101
000000010000100000100101001
000000010000100000110100001
000000010000100001000001101
000000010000100001000011001
000000010000100001000100101
000000010000100001001001001
000000010000100001010010001
000000010000100010000001101
000000010000100010000010011
000000010000100010000011001
000000010000100010000100101
000000010000100010000110001
000000010000100010001001001
000000010000100010010000011
000000010000100010010000101
000000010000100010010010001
000000010000100010010100001
000000010000100011000001001
000000010000100100000010101
000000010000100100000100101
000000010000100100000101001
000000010000100100010000011
000000010000100100010000101
000000010000100100100000011
000000010000100100100000101
000000010000100101000010001
000000010000100110000010001
000000010000101000000010011
000000010000101000000011001
000000010000101000000100101
000000010000101000001001001
000000010000101000100000011
000000010000101000100001001
000000010000101001000000101
000000010000101001000001001
000000010000101001000010001
000000010000101010000001001
000000010000101010000010001
000000010000110000000110001
000000010000110000010010001
000000010000110001000000101
000000010000110001000001001
000000010000110001000010001
000000010000110010000000101
000000010000110010000001001
000000010000110010000010001
000000010000111000000010001
000000010001000000010100011
000000010001000000100000111
000000010001000000100001011
000000010001000000100100011
000000010001000000101000011
000000010001000000101000101
000000010001000000101001001
000000010001000001000001011
000000010001000001000001101
000000010001000001000010011
000000010001000001000010101
000000010001000001000100011
000000010001000001000101001
000000010001000001001000011
000000010001000001001000101
000000010001000001001010001
000000010001000001010000101
000000010001000001010010001
000000010001000001100000101
000000010001000001100001001
000000010001000010000001011
000000010001000010000001101
000000010001000010000010011
000000010001000010001000011
000000010001000010001000101
000000010001000010001001001
000000010001000010010000011
000000010001000010010001001
000000010001000010010010001
000000010001000010100000101
000000010001000010100001001
000000010001000010100010001
000000010001000011000000011
000000010001000011000000101
000000010001000011000001001
000000010001000100001000011
000000010001000100001000101
000000010001000100100000011
000000010001000100100000101
000000010001001000000010011
000000010001001000000100011
000000010001001000000101001
000000010001001000001000011
000000010001001000001000101
000000010001001000010000011
000000010001001000100000011
000000010001001000100001001
000000010001001001000000011
000000010001010000001001001
000000010001010000100000011
000000010001010001000000101
000000010001010010000000101
000000010001010010000001001
000000010001100000001001001
000000010001100000100000011
000000010001100001000001001
000000010001100010000001001
000000010010000001000000111
000000010010000001000001011
000000010010000001000001101
000000010010000001000010101
000000010010000001000011001
000000010010000001000100011
000000010010000001010000011
000000010010000001100001001
000000010010000010000001011
000000010010000010000001101
000000010010000010000010101
000000010010000010000011001
000000010010000010000100011
000000010010000010000100101
000000010010000010001000011
000000010010000010001001001
000000010010000010100000011
000000010010000100000100011
000000010010000100000100101
000000010010000100001000101
000000010010000100010000011
000000010010000100010000101
000000010010000110000000101
000000010010001000001000011
000000010010001000010000101
000000010010001000100000011
000000010010010000010000101
000000010010100000010000011
000000010010100000010000101
000000010010100000100000011
000000010010100001000000101
000000010011000001000000101
000000010100000010000010011
000000010100000010010000011
000000010100000100000010011
000000010100000100000100011
000000010100001000001000011
000000010100010000001000011
000000010100010000100000011
000000010100100000010000011
000000010100100000100000011
000000011000000100000010011
000000011000001000000100011
000000100000010000001000111
000000100000010000001010011
000000100000010000010000111
000000100000010000010010101
000000100000010000010011001
000000100000010000100001101
000000100000010000100010101
000000100000010000100011001
000000100000010000100110001
000000100000010000110000101
000000100000010000110010001
000000100000010001000101001
000000100000010001001000011
000000100000010001010000011
000000100000010001100001001
000000100000010010000010011
000000100000010010000010101
000000100000010010000100011
000000100000010010000100101
000000100000010010001000011
000000100000010010001000101
000000100000010010100000101
000000100000010100000010011
000000100000010100000100011
000000100000010100000100101
000000100000010100001000011
000000100000010100010000011
000000100000100000100000111
000000100000100000100001101
000000100000100000100010101
000000100000100000100100011
000000100000100000100100101
000000100000100000100101001
000000100000100000100110001
000000100000100000110100001
000000100000100001000001011
000000100000100001000010011
000000100000100001000010101
000000100000100001000100011
000000100000100001000100101
000000100000100001000101001
000000100000100001001000101
000000100000100001001010001
000000100000100001001100001
000000100000100001100000011
000000100000100001100001001
000000100000100001100010001
000000100000100001100100001
000000100000100001101000001
000000100000100010000001011
000000100000100010000001101
000000100000100010000100011
000000100000100010000100101
000000100000100010000101001
000000100000100010010000101
000000100000100010100000011
000000100000100010100000101
000000100000100010100100001
000000100000100011000000101
000000100000100011000001001
000000100000100011000100001
000000100000100100000010011
000000100000100100000010101
000000100000100100001000101
000000100000100100001001001
000000100000100100001010001
000000100000100100010000101
000000100000100100100000011
000000100000100100100001001
000000100000100100100010001
000000100000100101000100001
000000100000100110000001001
000000100000100110000010001
000000100000100110000100001
000000100000101000000100011
000000100000101000000101001
000000100000101000000110001
000000100000101000001000101
000000100000101000001100001
000000100000101000100001001
000000100000101001000000101
000000100000101001000001001
000000100000101001000010001
000000100000101001000100001
000000100000101010000001001
000000100000101010000100001
000000100000101100000010001
000000100000110000001000101
000000100000110000001100001
000000100000110000100000101
000000100000110000100010001
000000100000110001000001001
000000100000110001000100001
000000100000110010000100001
000000100000110100000010001
000000100000110100000100001
000000100001000000101000011
000000100001000001000001011
000000100001000001000001101
000000100001000001000010011
000000100001000001000010101
000000100001000001000011001
000000100001000001000100101
000000100001000001001000011
000000100001000001001000101
000000100001000001001100001
000000100001000001010000101
000000100001000001010001001
000000100001000001010100001
000000100001000010000010011
000000100001000010000010101
000000100001000010001000101
000000100001000010001010001
000000100001000010100000101
000000100001000011000000101
000000100001000100000010011
000000100001000100000100101
000000100001000100000110001
000000100001000100001000101
000000100001000100001001001
000000100001000100010000011
000000100001000100010001001
000000100001000100100000101
000000100001000101000000101
000000100001000101000001001
000000100001001000001000011
000000100001001000001000101
000000100001001000001010001
000000100001001001000000101
000000100001010000001010001
000000100001010000001100001
000000100001010001000000101
000000100001010001000001001
000000100001010010000010001
000000100001100001000001001
000000100010000001001000011
000000100010000001001000101
000000100010000010000010101
000000100010000010000100011
000000100010000010000100101
000000100010000010010000011
000000100010000010010000101
000000100010000010010001001
000000100010000100000100011
000000100010000100000100101
000000100010000100001001001
000000100010000100100000101
000000100010000100100001001
000000100010000110000001001
000000100010001000001001001
000000100010001000010000011
000000100010001000010010001
000000100010001000100001001
000000100010001001000001001
000000100010001010000001001
000000100010010000010000011
000000100010010000010001001
000000100010010000100000101
000000100010010001000001001
000000100011000001000001001
000000100100000100000100011
000000100100000100000101001
000000100100000100001000011
000000100100000100001000101
000000100100000100010000101
000000100100001000001000101
000000100100010000010000101
000000100100010000100000101
000000101000001000010000011
