000011110100110001110101010100101111111111111
000101110100101101010011000111001111111111111
000001101100110001110101011011001111111111111
000111000111111001000111001001001111111111111
000000111000111000110110110110110111111111111
000010010111000010111101010111010111111111111
000111000111011001001111001001010111111111111
000001011101100101011010100111100111111111111
000110011101010010011100101110100111111111111
000110101001000110110110110111000111111111111
000001100111101001011110101000111011111111111
000101111000110011011001101001011011111111111
000100111000101011011010110110011011111111111
000100111101001101100010101111001011111111111
000111101110100110101100101001010011111111111
000101011000110101001110011011011101111111111
000001110001101110101110010110101101111111111
000101101100101110010001110011110101111111111
000011110101111100100100011001110101111111111
000001001110011110110110011011010101111111111
000011101110010110011001101010111001111111111
000100111010111011011010010110011001111111111
000101100101001110100111011011101001111111111
000100110100101001110111101011101001111111111
000011110001101101100110101110101001111111111
000011001111001001101010110011011110111111111
000101111001110010010110010101011110111111111
000011001110101001110110011010011110111111111
000111101010101001011010011001101110111111111
000100111001011010011111010101001110111111111
000101010011001110010101100111110110111111111
000110010011011110010101000111110110111111111
000001011001111010011001101011110110111111111
000101100111010100011100101011110110111111111
000100101001111100011001110101110110111111111
000101100111010100101110011001110110111111111
000100101001111001011001111101010110111111111
000100101001111100011001111101010110111111111
000010111001010111010111100101100110111111111
000011011110110101011000101110100110111111111
000110101100101110010111011010100110111111111
000110101100101110100111011010100110111111111
000100111101011010010111010001111010111111111
000110011010001101110011110010111010111111111
000001110011101011001101101011011010111111111
000011101001100111001110101011011010111111111
000001110011101011001111100011011010111111111
000011110011010111001101100101011010111111111
000010011101110101011010011110011010111111111
000101101001011001011101110011101010111111111
000001110001001101011111011101101010111111111
000001110010110101110111100110101010111111111
000001111101110110101011100011010010111111111
000110101001111001011001111101010010111111111
000111110100110110110011100101010010111111111
000101010011110011101100010110111100111111111
000101000101100111001111110010111100111111111
000011110001000101110111101110101100111111111
000110010011011110001101010111110100111111111
000101100111110100101110011001110100111111111
000111010111100110010110110101010100111111111
000011110111010111011011000100111000111111111
000010101101100011101010110011011111011111111
000011101011011001100110100101011111011111111
000100101110010011101111001001011111011111111
000100110111001011010111010010011111011111111
000101101100111001001110101100011111011111111
000101011110110011010100110100011111011111111
000011001110110101101011101000101111011111111
000011101010011001101110101101001111011111111
000100110101011100011111010010110111011111111
000100010010100101111011110111010111011111111
000110010010100101011011110111010111011111111
000110010010100101111011010111010111011111111
000110010010100101111011110011010111011111111
000110110010100100111011110011010111011111111
000001110011011010110101110110010111011111111
000011011010101110011100110110010111011111111
000111011011101011010010100110010111011111111
000100100111100100111111000111100111011111111
000100110010100101111011110111000111011111111
000110110010100101101011110111000111011111111
000110110010100101111011010111000111011111111
000110110010100011110101111011000111011111111
000110110010100101111011110011000111011111111
000110110010100101111011110101000111011111111
000101101011011110010111011001000111011111111
000001100101010111001110101101111011011111111
000011000110110110101010111001111011011111111
000011001100110110101010111001111011011111111
000011001110110110001010111001111011011111111
000101011001111001011011100100111011011111111
000011001110110110101010111000111011011111111
000001110101101111011000011110011011011111111
000101000111101100111011000111101011011111111
000100110011111001011010110011101011011111111
000011110001001001101110111101101011011111111
000011110001001011001110111101101011011111111
000011011001001110011110110110101011011111111
000011110001001011101110111101001011011111111
000101101110110011111000111001001011011111111
000100110101111010010011010111110011011111111
000110010101110100111010010111110011011111111
000011010010010101011111101101110011011111111
000101001011011110001111101010110011011111111
000011111011101101010110010100110011011111111
000011010100011101001111101111010011011111111
000110010010100101111011110111010011011111111
000111010101110010110011101011010011011111111
000111101101011010111011001001010011011111111
000101001111001110010011010011111101011111111
000100110011000111100110111100111101011111111
000100110011010111100110011100111101011111111
000100110011010111100110110100111101011111111
000001110011011010101101101110011101011111111
000001110011011010110111010110011101011111111
000011011101011000111110010101101101011111111
000101111001100110100110011110101101011111111
000011010001001101110111101110101101011111111
000111011111110010010011010100101101011111111
000011011001011110011100101011110101011111111
000010100011011010111110111001110101011111111
000011110011011010110111100110010101011111111
000101101001011100111001111101100101011111111
000010110010110111001101010111111001011111111
000101110111110110001110100101011001011111111
000101001001100111011010110011111110011111111
000001001010110110111010111001111110011111111
000100110011010011101011101011011110011111111
000110101001001001101110111101011110011111111
000010101001110110110110011101011110011111111
000010110110111011101101011000011110011111111
000001001001100111111001111110101110011111111
000101101001100101011001111110101110011111111
000010010111001011101111110011001110011111111
000011001010110110111010111001110110011111111
000011101010011000101110111111010110011111111
000110010010100101111011110111010110011111111
000111001111010011011110100101010110011111111
000111011101011010011010101110010110011111111
000110111011011100111101010010010110011111111
000000110010111101110101110111100110011111111
000001010010111101110101110111100110011111111
000001100010111101110101110111100110011111111
000001110010110101110101110111100110011111111
000011001110110110101010111001111010011111111
000110111011001111000111101011001010011111111
000101101101111000110101011101110010011111111
000101001110101011001011010111111100011111111
000101000111011010110011011011111100011111111
000100110011010111100110111100111100011111111
000101111011001101101011101010011100011111111
000101111011101011101100101010011100011111111
000110100101110101110101011011101100011111111
000101101001100101011011111110101100011111111
000101011101011010001100011011011111101111111
000001011001100011110101110011011111101111111
000001110110100101110010101011101111101111111
000110011111001100101001011001101111101111111
000100111010111000101101101001101111101111111
000011110101110101100011010001101111101111111
000000011011001100111101011110101111101111111
000101011100101001011110011011001111101111111
000101011101001010011110011011001111101111111
000101011101101011010110010011001111101111111
000110101111010110011100110010001111101111111
000100011110010110111001010101110111101111111
000010101011110010111001011001110111101111111
000010111011110010111000011001110111101111111
000100100110011111010100011110110111101111111
000101011100101100011111010100110111101111111
000110011011111100101010100100110111101111111
000011001011110111010001011011010111101111111
000010011101100101010101101111100111101111111
000111001010110111001001101110100111101111111
000011101101011001101101010111000111101111111
000110001111001110101001011001111011101111111
000001110010110011010111101001111011101111111
000100101111001011101010111001011011101111111
000010010101100011110111110110011011101111111
000101101001111000111101110011001011101111111
000111101001001100101111010101110011101111111
000110011111001110101001011001110011101111111
000011110001000110101111110110110011101111111
000101111101110011100101100101010011101111111
000011001110010111000101011011111101101111111
000011000111111010101100011001111101101111111
000001100111011011010101011100111101101111111
000011101000100011011110111101011101101111111
000001010011100101101111110101011101101111111
000101001101010110011110101011110101101111111
000101001101100110011110101011110101101111111
000101001101110110011110101010110101101111111
000011101111010110110001011101011001101111111
000010001101101111100011001101111110101111111
000110001101101110110010100101111110101111111
000010100111100101100110111001111110101111111
000100100110101111001001101111011110101111111
000100100101110011010111110101011110101111111
000010110100110001011111101110011110101111111
000101101100101000111101101110011110101111111
000011101111111001001001101010011110101111111
000111100101110111001001010011101110101111111
000010011110100111010011101110101110101111111
000011101010110111001100111100110110101111111
000011001011010101101111011101100110101111111
000101011110111010011110011011000110101111111
000111001011011011101100100101111010101111111
000010011001111010110111100110111010101111111
000111001001011011101100110111011010101111111
000011011001100011110101111110011010101111111
000111001001011011101101110110011010101111111
000100110011011100111101111001101010101111111
000111110100111001111011011001001010101111111
000110010100100011100111111111011100101111111
000110111110111100100110001111010100101111111
000110110011110011011110110101010100101111111
000101011001001011011110101110011111001111111
000100010011001101011110101111101111001111111
000101100011110100111011101001101111001111111
000011100110110110010101011011110111001111111
000001101011010011011101111101010111001111111
000101010010110011110011101101111011001111111
000110011111001110101001011001111011001111111
000100110101001011101111011111001011001111111
000011100111101111101100101011010011001111111
000011100111111111101000101011010011001111111
000011101110111110101110001011010011001111111
000111011111101011110011001010010011001111111
000001100011001111110101110110111101001111111
000101010110111001101111011011001101001111111
000111000111111111111001001000111001001111111
000100100011010110110111110101111110001111111
000011011010011101111111011100101010001111111
000010010101110101100110110110011111110111111
000110101100101000110111010110011111110111111
000100100010011110111000101111101111110111111
000010001110111100001101101101101111110111111
000001011101011100001110110101101111110111111
000010011010110001110101110110101111110111111
000000011011110001101011111010101111110111111
000011110111100011001010011010101111110111111
000010111001100101101111001011001111110111111
000101011110101100011011010011001111110111111
000101011110111100011001010011001111110111111
000101011110111100011010010011001111110111111
000110101010010010111101011001110111110111111
000011101010011010111001011001110111110111111
000111101010011010101001011001110111110111111
000100011110110010011101011011010111110111111
000111101010011011101001011001010111110111111
000001110111001110100100101111100111110111111
000101001101011101100010111101100111110111111
000100010110111101001100111101100111110111111
000110001100101100101111111010100111110111111
000101100111101001011110101000111011110111111
000111001111011001001100101011011011110111111
000011011010011001111001110101011011110111111
000101011110110001101000101111101011110111111
000110010110110100011110110011101011110111111
000100011110011101010110110110101011110111111
000101100101000111001110111111001011110111111
000101100111011110110100111010100011110111111
000001000111101100010110110111111101110111111
000000011011110011101001111010111101110111111
000110011101101001100101001111011101110111111
000011011111100011000101001111011101110111111
000110110101010010110010111101011101110111111
000110111101010010110010110101011101110111111
000100111110110011010010110101011101110111111
000110111101010010110010111001011101110111111
000010111111101011010011011000011101110111111
000101000111101100010110110111101101110111111
000001101010111001110111100101101101110111111
000001100111101101101011001110101101110111111
000001110001101110101110110110101101110111111
000101011110111100011011010011001101110111111
000001110010110101101110101101110101110111111
000001110010110101101111001101110101110111111
000011001010100110110111011110110101110111111
000011001010100110111111010110110101110111111
000110011110110010011111001011010101110111111
000101011111110011001101001011010101110111111
000110011111011011110100100110010101110111111
000010010011100111101110011111100101110111111
000110011101101001100101011111011001110111111
000011010011010101111110111100011001110111111
000110100111111101001110101100101001110111111
000011110101001111011011011101001001110111111
000010010101110101101110110111110001110111111
000100111111011101101101001001110001110111111
000110010101100110100101011111011110110111111
000110010101101110100101001111011110110111111
000100011110111100010011010111011110110111111
000101100101001001111111100110101110110111111
000101100111001101011110100110101110110111111
000101011110111100011011010011001110110111111
000100010001111010110111100111110110110111111
000101010001110011110110101101110110110111111
000100100110110111111100011011010110110111111
000101010110001101111011101110100110110111111
000100111011110111110001010110100110110111111
000100111101111110100101010111000110110111111
000100101010001011100111111110111010110111111
000010011101001111010111010110111010110111111
000001110011001011101011101111011010110111111
000101001010011110111011101110110010110111111
000010011101001111010111010110111100110111111
000110011101101001100101011111011100110111111
000110011111101001100101001111011100110111111
000001010011110110101111100111101100110111111
000111110101100110100101011111010100110111111
000101011100111101101110011110100100110111111
000010100011101101111110011110111000110111111
000100011110101111101111101101001000110111111
000100011011110011010011100101111111010111111
000100010110110101110011011001111111010111111
000011001101010011110010110111011111010111111
000110100100011011111110010101011111010111111
000011101110101011011011010011001111010111111
000001110011011011010100111101110111010111111
000100110110100011110101111011010111010111111
000100111100100100111010111111100111010111111
000011001110110110101010111001111011010111111
000011110001001011101110111101101011010111111
000011110010001011101110111101101011010111111
000011110011001010101110111101101011010111111
000011110011001011101010111101101011010111111
000011110011001011101110111100101011010111111
000100100110101111110010111101110011010111111
000011001110010111101010111110110011010111111
000111010111010010010100111011111101010111111
000111011001111001101001010011111101010111111
000100100110111001111010111001111101010111111
000101101110111110101101000111001101010111111
000111100111011111010100100110110101010111111
000101000110011110110111011111100101010111111
000001100101101111011100111110111001010111111
000101100100101111011100111110111001010111111
000101100101101111010100111110111001010111111
000011100101101111111010011110011001010111111
000110101111111001111010110010011001010111111
000011110011001011101110111101101001010111111
000011100101100111011111110110110001010111111
000011100101100111011111111100110001010111111
000111001110111011001010100110111110010111111
000101100111001101111111100110101010010111111
000100011101111101011111101100101010010111111
000111001010011110111011101110110010010111111
000001001101110011110101110011011111100111111
000100110011110001101011111010011111100111111
000111001001001101011111010101101111100111111
000100010101111001101011110110101111100111111
000101111111110101001011001010001111100111111
000101000101001111101101011110110111100111111
000100101110110110011101111001010111100111111
000010111111011011101011000110010111100111111
000010110101000110111011101111100111100111111
000100010111001111101100101101111011100111111
000011101111101011111010010100011011100111111
000110110111010100101100111011110011100111111
000100010011110011101111110110101101100111111
000110101001011001101101110111110101100111111
000100101100111111011101010011110101100111111
000011001010101110110111011110110101100111111
000110101101011110011110111010100101100111111
000100111111001110111110011010100101100111111
000100111111101110101110011010100101100111111
000011010010101011101111101111011001100111111
000101101001101111100110101111011001100111111
000010011101010011110111011111001110100111111
000111001001001011101101111111011010100111111
000100011111011111110111100100101010100111111
000101110111011110101110010110110010100111111
000110001101111100111111010111010010100111111
000100111010111110110111101011100010100111111
000100111110111110110111101001100010100111111
000000111001110101111111111110100100100111111
000111011101100100101001110101111111000111111
000011101101100101001101110111101111000111111
000000111011011010111111110111000111000111111
000011011111110111111010101001001011000111111
000011100111111111101110001011010011000111111
000011110111111111100110001011010011000111111
000100110111010110111110111101010011000111111
000000001101111000110101111101011111111011111
000010001101111000010101111101011111111011111
000010001101111000110101111001011111111011111
000011001101101000110101111001011111111011111
000001011100011010011111100110011111111011111
000110100101110011001111001010011111111011111
000100100101011010111011110010011111111011111
000110101010011101001011001101101111111011111
000010011001110101101111010001101111111011111
000000110011100110101111010110101111111011111
000100110011100110001111010110101111111011111
000100110011100110101101010110101111111011111
000100110111100100101101010110101111111011111
000100110010101100111101110010101111111011111
000100110110111100010101110010101111111011111
000010010111011101001010110111001111111011111
000010010111001011101101100111001111111011111
000010110111101001101001100111001111111011111
000101101010101001011011110011001111111011111
000011011110011001101101010101001111111011111
000101110011001110010011010110110111111011111
000101101111000110011010100110110111111011111
000100110101100110111101010100110111111011111
000001000110111110001101111011010111111011111
000010011010001110111101101011010111111011111
000111011010001110111010100110010111111011111
000101001111011001101110101010010111111011111
000100110111100110101101010110100111111011111
000001100101100100111101111101101011111011111
000100111001001101011110101111001011111011111
000100110101000110111101110101110011111011111
000011110011000111011101101101010011111011111
000100101110100111001010111001111101111011111
000011010001001111101101010111011101111011111
000100100111100110101111010110101101111011111
000100110111100110001111010110101101111011111
000100110111100110101101010110101101111011111
000100110111100110101111000110101101111011111
000111001000111100110101101101110101111011111
000011110011000101110111010110110101111011111
000101101001100111010111011111000101111011111
000101111101110101001110100100111001111011111
000010011101001101110111101110101001111011111
000010110101000111011111011111001001111011111
000101101111110011101010011101001001111011111
000101111111110001101010011101001001111011111
000100110010110101110111011101110001111011111
000010011101011001110100111010111110111011111
000011001111001001101010110111011110111011111
000011101111001001100010110111011110111011111
000110101001011111001001001111101110111011111
000000101101001010111111011111001110111011111
000100111100111010100100111111100110111011111
000101101001101011010111111011000110111011111
000000001101110111010110111101111010111011111
000110011001111101010010110110111010111011111
000001110001101101011111011101101010111011111
000010111100111110110101101110010010111011111
000101011111001011110111001110010010111011111
000011001101010110111101011111100010111011111
000001101010010010111110111111011100111011111
000101001011010101011111100111101100111011111
000110010101111010110110100111110100111011111
000100011101101011101111111000110100111011111
000101101111110111100100011101010100111011111
000101110111110111100100101101010100111011111
000011011011010101011001111110111000111011111
000000101011011101110111110110111000111011111
000101011111110011111010011101001000111011111
000001001110101011110010101101111111011011111
000011001100101011110010101101111111011011111
000011001110101011110010101001111111011011111
000011001110101011110010101100111111011011111
000010001101111000110101111101011111011011111
000011001110101011110010101101011111011011111
000100011101101101000110101111101111011011111
000000101011101110101111001110101111011011111
000100110011100110101111010110101111011011111
000010001010110111110011011111100111011011111
000010011101011111001010100111111011011011111
000100011101001111101001110011111011011011111
000100011101001111101001110101111011011011111
000011001110110110101010111001111011011011111
000011100101010110010111101111110011011011111
000000011101011110111101101111010011011011111
000001111011101010100100111011111101011011111
000010010101000111110011111111011101011011111
000010010101100111110011011111011101011011111
000100110111100110101111010110101101011011111
000001111011100001101110111111001101011011111
000101111111101011001100101010011110011011111
000011110111111001000101101111001110011011111
000111010110010100101110101111110110011011111
000111001001011011111101010101110110011011111
000110100101011000110111011111111010011011111
000011000101001111011101110111111010011011111
000100101001111110011111001110111010011011111
000101100011011111110011010110111010011011111
000110101010110011111110111001011010011011111
000101011111101111110001101100011010011011111
000100100111101111110111101001011100011011111
000011010101111011110011011101101100011011111
000100111111100111110101110100101100011011111
000101011011011111001111100111010100011011111
000010101111010011100110110110011111101011111
000101101110100110010100101111101111101011111
000100100111100110101101011110101111101011111
000100110011100110101111010110101111101011111
000001101111100110010101101111001111101011111
000100110111110010011011110011010111101011111
000101111111010011011000110011010111101011111
000110110110010001110011111101010111101011111
000110010110100011011111111100011011101011111
000010111010001110010110111111110011101011111
000110101010001110010110111111110011101011111
000000110110111110011111101001110011101011111
000010011101101001111101101111100011101011111
000100111000111110001110110110111101101011111
000100111010111110001110010110111101101011111
000100111010111110001110110100111101101011111
000010011001110101111111110001101101101011111
000110101011111100111001111001001101101011111
000001111001100101110111011110110101101011111
000100110100111111101011010101111001101011111
000001111000110011011011111110111001101011111
000100111010011011011110011110111001101011111
000100111010111011011010011110111001101011111
000101111010010011011111111100011001101011111
000100110100111111101011110101101001101011111
000100111011010011110111111101010001101011111
000010011110011101000110110111111110101011111
000011011010111111001011000111101110101011111
000000111001101101111011101111001110101011111
000011011011001010011001111111110110101011111
000011101100111000110010111111110110101011111
000001110101101100111001111101110110101011111
000010110011100111011110111011011010101011111
000110110111101111110100011100110010101011111
000001011111111011111101110010010010101011111
000011001010111101111101101011101100101011111
000100110001111011110101110111110100101011111
000010011001111111110110101011111000101011111
000011001110101011110010101101111111001011111
000101001011110110010111001101111111001011111
000010001001111101101111001110111111001011111
000110100011100111011111001010111111001011111
000001101011100110111111011100101111001011111
000101100110100101111011111011100111001011111
000010110011111011101111011001110101001011111
000010101111011111011101101100111001001011111
000011011011111101011110110011100110001011111
000011011010111101111111011100101010001011111
000101010010011111101001011101111011110011111
000011001010011111011101010011111101110011111
000011010010011111101101010111011101110011111
000010011011101011010110011111101101110011111
000100011110110011011111011011010101110011111
000000101111101110111111011110000101110011111
000101001001100111101101011101111110110011111
000100010001111011011110111100111110110011111
000110111111010100100101101100111110110011111
000100101111100101110101101111001110110011111
000011001111111110011011101010010110110011111
000110101001011001110011101111111010110011111
000001001101011111011101110101111010110011111
000110111111010100100101101110111010110011111
000001110111001111011110110110101010110011111
000111011111001101111101100101001010110011111
000000111010101111110111101101110010110011111
000011110101100101101010111111101100110011111
000100101101011001111101111110101100110011111
000101111111110111100100011101010100110011111
000101011110111111101111001001101000110011111
000110010010111110101011001110111111010011111
000110011011011100101011010111110111010011111
000100011101011110111110110110100111010011111
000000101011111101011111011100111011010011111
000000111011111101110110011101011011010011111
000101011110010001101101111111101011010011111
000101111101110100011001111011101011010011111
000100111010100110101111111110110011010011111
000100100111110101101111110110011101010011111
000111101110111011011111010010010101010011111
000110011010111110111011011011100101010011111
000110110101011001111011110111011001010011111
000101110011101111011110101011011001010011111
000111101110110011011110110101011001010011111
000110010110011101111011111110101001010011111
000100110101111110111110101100011110010011111
000101100011011111110111010110111010010011111
000110011101101011111011111100101010010011111
000100100100111111110101100111111011100011111
000010010110011111011101101110111011100011111
000011010001101111101110101101111101100011111
000011001110100101011101111111111001100011111
000010110111101101110110111100111010100011111
000101011001111011110110110111011010100011111
000100110110011101000111101101001111111101111
000010110110010010111001011101110111111101111
000010110011011110101000111100110111111101111
000001011011000011111101100111010111111101111
000010011011110011010110101011010111111101111
000101110110101110010010101110100111111101111
000100111100101011001011001101111011111101111
000100011001011111010010101110111011111101111
000010111110111010010011010100111011111101111
000110110010110001111110100011011011111101111
000010111110100011001101001111101011111101111
000110110010100101111110100011101011111101111
000110110010110001111110100011101011111101111
000011110001001011101110101101101011111101111
000100110111001101011101010101101011111101111
000110011001011101010010111110101011111101111
000111011001001101010010111110101011111101111
000101100111011011010011101110001011111101111
000011110110100010011111011001110011111101111
000001010100111011011011111011100011111101111
000001010011010011101100011111111101111101111
000001101010011111100010011101111101111101111
000001011100110011010111101001111101111101111
000100111110101011001001101010111101111101111
000001111011010111001100101011011101111101111
000110101011101011100100111101001101111101111
000110100111111100110010110101001101111101111
000101000101101111000101111111010101111101111
000011100110010100111011011111100101111101111
000100101101011101100110101111011001111101111
000010011010011101111011101110101001111101111
000101100101110010011111100101011110111101111
000011011111100101100100010111101110111101111
000000111101011101011011101001101110111101111
000001011000101101111110111010101110111101111
000100101011100011110110110111001110111101111
000000111101101101101110101011001110111101111
000110011001011101010010111110111010111101111
000110011001111101010010011110111010111101111
000110011001111101010010110110111010111101111
000000100110101111100111110111011010111101111
000100110100110011111101111110001010111101111
000100110100110101111101111110001010111101111
000100110100110111110101111110001010111101111
000100110100110111111101101110001010111101111
000000101101110101101110111011011100111101111
000101110101001001010111101111101100111101111
000010100110110001111111101110101100111101111
000110101001010111010111111101100100111101111
000100011101101111111011001011011000111101111
000001100011011010110111110110011111011101111
000010111011011000011010111101101111011101111
000001001110101111001011110011110111011101111
000010010111010010111011101111010111011101111
000110010010100101111011110111010111011101111
000010011101111010111010111010010111011101111
000101100101001110111001011111100111011101111
000110110010100101111011110111000111011101111
000101010100010111110011101101111011011101111
000011001110110110101010111001111011011101111
000001011101011110011110110111001011011101111
000110010010100111011011111111010011011101111
000010010111010110111111100111010011011101111
000110100101101100111111111010100011011101111
000101101110011001101110100101111101011101111
000001100110111011010111101101011101011101111
000101000111010101111110110111100101011101111
000101100111010100111110110111100101011101111
000101011101111111001001010110111001011101111
000101111101110111001001010110111001011101111
000010101011101111011110110010111001011101111
000010110010110111011111011100111001011101111
000011101111110111011110010001101001011101111
000100101111001011100010111101111110011101111
000100011001011011001111111101011110011101111
000010111010111101111110011011001010011101111
000101001111111011011110101011010010011101111
000001100111010101111001010110111111101101111
000100111001111000101011011011011111101101111
000100110100111000101111011101011111101101111
000011100110111010101101011011001111101101111
000011101110111000101101011011001111101101111
000110101011101010010011111101001111101101111
000000010011111100110111110011110111101101111
000100010011111100010111110011110111101101111
000100010011111100100111110011110111101101111
000100010011111100110111100011110111101101111
000000001101101110111010111101110111101101111
000100010011111100110111110010110111101101111
000101101110011001110100110101111011101101111
000110101011101010010011111111001011101101111
000010001110100111110100111011111101101101111
000001010111001011101111011110011101101101111
000100010101111011011101111100011101101101111
000011010110101011111011101100011101101101111
000111010110101011111011100100011101101101111
000110101011101010010011111111001101101101111
000101001101110110011110101011110101101101111
000100010011111100110111110011110101101101111
000001101010001110111111111011010101101101111
000001101100001110111111111011010101101101111
000001101110001110110111111011010101101101111
000001101110001110111110111011010101101101111
000100110101111001100111101011111001101101111
000010111000110101011111111101011001101101111
000110010111111001111111010101001001101101111
000001101110001110111111111011010001101101111
000111001011101010111100100101111110101101111
000011001000101111111100111010111110101101111
000101000111000110111011101111110110101101111
000100010011111100110111110011110110101101111
000010111011011001111111011100010110101101111
000100111100111111011010100110111010101101111
000011010011001110011111110111110010101101111
000011010011001111011111110110110010101101111
000100110001111101110111111110100010101101111
000100111001111100110111111110100010101101111
000100111001111101111001111110100010101101111
000010001010111111110100111011111100101101111
000110101011101111010010111111001100101101111
000100110101101011111001101010111111001101111
000001001101011110101111110101110111001101111
000000101011101110111110110110110111001101111
000110011101001011111111101100101011001101111
000011100111111111101100101011010011001101111
000110101110010111111101101101010011001101111
000010101100111011010111001111111101001101111
000001110110111110111100111010110101001101111
000111101011001100101011111111100101001101111
000110101011100110111100110111111001001101111
000101111111011111000110101001111001001101111
000110101001111111011101011110011001001101111
000010011011101011111001111101011110001101111
000001010111101111111011101101100110001101111
000010101110110111111001111110101100001101111
000001110100101101011110011001111111110101111
000101100100101101011110011001111111110101111
000110010101101110100101001111011111110101111
000111001011001010111101010011011111110101111
000001101010111001110111100101101111110101111
000100110111110011010010110110101111110101111
000000011011111001101011111010101111110101111
000110011001010111110100100111110111110101111
000001101010011010111111011001110111110101111
000101101010011010111011011001110111110101111
000101011000110101111111100100110111110101111
000101001101001001110111111101100111110101111
000011011000011011111101110101011011110101111
000110111110110011111101010010010011110101111
000001110111101110010110110001111101110101111
000110111101010010110010111101011101110101111
000100101101111100111111110010010101110101111
000001101111101110011010100111111001110101111
000101101111111110100111011000110001110101111
000110011010010011111110111111010001110101111
000010011101011111000111001011111110110101111
000010110000110111111101001101111110110101111
000010011101011111000111011011011110110101111
000101111001010001110111111001101110110101111
000100101110111011001111101011001110110101111
000100110101110011110010011111110110110101111
000001101111101110101110011011100110110101111
000100111111111010111100010111010010110101111
000010111100011001101101111111011100110101111
000010111101001001101101111111011100110101111
000010011101011001101111011111011100110101111
000010011101011101101111001111011100110101111
000110011111111101000111001011011100110101111
000010111101001001101111111110011100110101111
000100110010111111111000111110101100110101111
000100101110111111001111101011001100110101111
000000101111011010011011101111011111010101111
000010010011111011101111110011001111010101111
000010110111111101101111100001100111010101111
000011110011001011101110111101101011010101111
000100110101011110110111110011110011010101111
000111001010011110101011111110110011010101111
000101001101011111111101001110110011010101111
000110011010010011111110111111011001010101111
000100110010111111111010011010111110010101111
000100111100101100111111011101110110010101111
000100101101001110110011111111111100010101111
000110010010101101111101110101101111100101111
000101101010011010111111011001110111100101111
000110011101110100111111101101000111100101111
000010101110111111011110010010111011100101111
000101101010100111011001011111111101100101111
000010110111011100101110111101110101100101111
000001101110001110111111111011010101100101111
000011101110111110100101011101111001100101111
000101111110111110100110101001111001100101111
000010011011111111011111010100111001100101111
000100010111101111101110110110011110100101111
000101100111111110110111000111010110100101111
000111011001001111101111001110111010100101111
000001010111111101101110111100111010100101111
000101010011101111101110110110111100100101111
000101010111001100111011111111101100100101111
000101111001110111001011101111110100100101111
000010110111111111110110011000111101000101111
000011010010001101110111010110111111111001111
000011010011000101110111010110111111111001111
000101101001100111011001010110111111111001111
000001001111001101110111010110101111111001111
000101011111001000110101101101110111111001111
000110011011101010010110111110010111111001111
000110111011101010010110011110010111111001111
000110011001011111010010101011111011111001111
000100110111100110101111010110101101111001111
000100110110101010111101101111001101111001111
000001101110001011111111101110010101111001111
000011011101001111111101100110010101111001111
000100100110011110101011111111100101111001111
000001110110110010110100111111011110111001111
000001110110111010010100111111011110111001111
000001110110111010110100101111011110111001111
000110011111100101010100110111101110111001111
000000011101110111101101101101110110111001111
000010011110011101010111101110110110111001111
000001110110111010110100111111010110111001111
000011011110110101010010011111111010111001111
000010101100111111101001100111111010111001111
000100101011001111110111010110111010111001111
000110101111111011001111001101001010111001111
000110101111111011101111001001001010111001111
000100111011111110111001010110110010111001111
000101011111111011101110011010010010111001111
000101011001011111111001101111010100111001111
000100111011111101111100110110101000111001111
000110101111111011101111001101001000111001111
000011010101101111101001100011111111011001111
000011001110101011110010101101111111011001111
000011100100101001111111101010111111011001111
000011010111101101010111111011000111011001111
000111010100111011111111001000111011011001111
000100111111110101010111001101101011011001111
000010110111001110101010111111110011011001111
000010111101010001110111101111110011011001111
000010110111010110011111110101110011011001111
000110111001101111111101010010011101011001111
000100110111101110101111100110101101011001111
000100111111101110101111100110101001011001111
000101111010111011111110011010010110011001111
000101111011101011111110011010010110011001111
000010111110011010110111101110111010011001111
000010111111010010110111101110111010011001111
000010111111011010100111101110111010011001111
000010111111011010110110101110111010011001111
000101100011011111110111010110111010011001111
000010111111011010110111101010111010011001111
000010111111110011011010111110101010011001111
000110101111111011101111001101001010011001111
000010010001011111101111001110111111101001111
000100010010111111011011001110111111101001111
000100011010111101011011001110111111101001111
000100011010111111011001001110111111101001111
000100011010111111011011001110101111101001111
000110010101101110111111101001001111101001111
000010100111111110101111110100110011101001111
000010010101011111111111001100111101101001111
000101110011101011111111110010001101101001111
000001101110001110111111111011010101101001111
000101111111111001011001110011010101101001111
000011101100110100100111101111111110101001111
000001001001111111110101001111111110101001111
000001010001111111110101001111111110101001111
000110101001111111001001001111111110101001111
000101010011101111111111010010011110101001111
000001110111111110111010111000110110101001111
000111001001101110101111110111100110101001111
000011011111111101101110110001101010101001111
000010101111011001101111111110101100101001111
000100011010111111011011001110111111001001111
000110101011011111011001011101110111001001111
000110101001111111110101001111111001001001111
000010111111011010110111101110111010001001111
000110111010110011101001010011111111110001111
000100010011010111111110011010111111110001111
000000110001111011111110110011011111110001111
000101001101011111111101100110011011110001111
000010101110110001110111111101101101110001111
000010101110110001111111110101101101110001111
000100101101111111001011101011101110110001111
000100111101111011001011101011101110110001111
000100111111111011001011101011001110110001111
000010111101111010101010110111110110110001111
000010111101111011101010100111110110110001111
000011101010011111111101011011100110110001111
000010101110101101011111111101100110110001111
000110101001011001111011101111111010110001111
000101011110100100101111111111101100110001111
000101111101100110111111111010100100110001111
000001100110101111111100110101111111010001111
000100101011001111111111010110011111010001111
000100010111011111111011010110011111010001111
000101001101110111111101001011110111010001111
000101011111110110011001111011101011010001111
000010111111001100111111111011010011010001111
000010011011111111101101011001111101010001111
000100111110011011001111011111101101010001111
000010111110110110111001111011110101010001111
000010111111011010110111101110111010010001111
000010110011110111001110101111111110100001111
000101010110100101111001100100111111111110111
000101011010100101111001100100111111111110111
000101011110100100111001100100111111111110111
000101011110100101110001100100111111111110111
000011011001001101011011010101101111111110111
000111001001001101011011010101101111111110111
000111011001001101001011010101101111111110111
000111011001001101010011010101101111111110111
000001110101000110101101101101110111111110111
000001101100110101101011110001110111111110111
000001100111100010111110011010110111111110111
000110101110110010011101010011010111111110111
000011101010011010110101110110010111111110111
000010010110100101110111001111100111111110111
000010011111100101010110010111100111111110111
000101111011100110110010100011100111111110111
000011101010110110010010111100111011111110111
000011011001011110010101111000111011111110111
000111010111001001100101001111011011111110111
000110111111010101001100100101101011111110111
000110011010010101110011111001101011111110111
000111011111001001100101001111001011111110111
000101111000110011011011101011010011111110111
000101001110110010111010110111100011111110111
000011010110110110011101010111100011111110111
000001010110111000111111010010111101111110111
000101011110100101111001100100111101111110111
000101111100110100100101011110011101111110111
000001001111101001111010101110011101111110111
000111011001001101011011010101101101111110111
000101011001001111101011010101101101111110111
000010110111101101110100011101100101111110111
000011010100011101110110111110100101111110111
000101000101111011001011011111101001111110111
000010101100100111111011100111101001111110111
000010111111110101110110000110101001111110111
000011011000101011011111010010111110111110111
000101011010100111110101100100111110111110111
000101011110100101111001100100111110111110111
000001110001011010111111100110011110111110111
000101011011001011110100111010011110111110111
000100101111100111010010110011101110111110111
000110010011111001010110110110101110111110111
000010111001110010010101101111110110111110111
000001011001111110010010111111010110111110111
000001110001101101101111011101101010111110111
000100101111110011111100101110010010111110111
000100110011010110101111100101111100111110111
000011010101111110011000110111110100111110111
000110111111110100110101001001110100111110111
000011011011111110110100101011100100111110111
000101011011111110110100101011100100111110111
000110011011111110110100101011100100111110111
000111011001111110110100101011100100111110111
000111011011111110010100101011100100111110111
000111011011111110100100101011100100111110111
000111011011111110110100101001100100111110111
000101011010011001011101110111111000111110111
000101011010100101111001101100111111011110111
000101011110100100111001101100111111011110111
000101011110100101111000101100111111011110111
000010101100101011101110010111011111011110111
000011001100100011111101111001011111011110111
000010101100101011111110011010011111011110111
000100100110100111101010110111101111011110111
000000110101101101110110101011101111011110111
000001110001101101110110101011101111011110111
000001110101101100110110101011101111011110111
000001110101101101110110001011101111011110111
000111010101110010011011010101101111011110111
000111011001001111001011010101101111011110111
000110011111111000110110010100101111011110111
000101010001101101101101111110001111011110111
000010010110101111100011101110110111011110111
000110110010100101111011110011010111011110111
000001101011001011111101111010010111011110111
000001110101101101110110101011100111011110111
000101111100111110010010011110100111011110111
000110110010010101111111100011101011011110111
000010110011011011111100101111001011011110111
000100101110010110011111010111110011011110111
000110010011010101111011101111100011011110111
000100111010011010111011110010111101011110111
000101011110100101111001101100111101011110111
000011001100111110101001011111011101011110111
000001010011111101001101101111011101011110111
000101110100101101111101010110011101011110111
000010011010011011111110111111000101011110111
000001000110111110111011101011111001011110111
000011010001110011011111101111101001011110111
000100011011011010111111101011110001011110111
000001010011111101010111011011101110011110111
000001110101101101110110101011101110011110111
000011000100111111101111010111110010011110111
000010001011111100111110110111101100011110111
000010101011111100110110110111101100011110111
000010101011111100111110110110101100011110111
000011011101111110011010010111110100011110111
000101011100101110011110010010111111101110111
000000111010110010110110101111011111101110111
000101101011010011010001101111101111101110111
000010110100110011110111010101101111101110111
000111011001001101011011010101101111101110111
000011000011010101101111111001101111101110111
000010110011000101111110111100101111101110111
000001011110111001111001011100101111101110111
000001001111100101111001110111001111101110111
000010010111110010110111001101110111101110111
000010111011110010111001011001110111101110111
000001011111011010110110011110010111101110111
000010101011011110100111101101100111101110111
000101000110001111110110010111111011101110111
000101011011001011111100111010011101101110111
000001110110101110101001011111101101101110111
000000110110101110101011110111101101101110111
000001110110101110101011110111100101101110111
000011101101111001111101011011000101101110111
000010010010101111011111111010111001101110111
000101111101111010001101101100011110101110111
000001011100001110111111011110110110101110111
000011101010110010111111110011010110101110111
000010111101101110111111001100100110101110111
000101111011111011011101100011010010101110111
000010011011111011011110111010011100101110111
000001110101101101110110101011101111001110111
000001011111001111001011100111110111001110111
000101100111111011110101101010011011001110111
000101101011010011111011111011010011001110111
000101100111111011101110101011010011001110111
000010100111110101111111011001101101001110111
000010110110101111011111110010111001001110111
000001010111111011101101101101011110001110111
000100111110111111010110101110011010001110111
000011011010111101111111011100101010001110111
000010101011111100111110110111101100001110111
000101011110100101111001100100111111110110111
000011011111001001110101001011011111110110111
000111001111001001110101001011011111110110111
000101011110101100011011010011011111110110111
000101011110110100011011010011011111110110111
000101011110111100011001010011011111110110111
000101011110111100011010010011011111110110111
000110110110011001111010010101011111110110111
000011010001101011001111111010011111110110111
000101011110111100011011010010011111110110111
000010111001100101101111100011101111110110111
000111011001001101011011010101101111110110111
000101011110100101111001101100101111110110111
000010010111001001111111010111010111110110111
000111010101101100100100111011111011110110111
000000101110011110010111011011111011110110111
000011101100110101011011010111110011110110111
000000110010111101111011010111011101110110111
000000111010111101011011010111011101110110111
000011010110110101110111111010001101110110111
000001101110111100101011110101110101110110111
000000101110101111101111001110110101110110111
000010001101101111000111010111111110110110111
000010011001101111000111010111111110110110111
000010011100101111000111010111111110110110111
000010011101001111000111010111111110110110111
000010011101101111000011010111111110110110111
000111010101101100100100111111011110110110111
000110010101101110100101011111011110110110111
000001010011111111011110101010111100110110111
000000111010111101111011010111011100110110111
000001101110111101101011110101110100110110111
000001101101111111100011101111011000110110111
000010001011111110110010111100111111010110111
000101011110100101111001101100111111010110111
000101011111001011111111110010001011010110111
000101011111001101111111110010001011010110111
000101111001101001100111010111111101010110111
000001001101111111001101111001111101010110111
000100011101011111001101101111011101010110111
000010111001001011111110111110011101010110111
000010110011011011111110111100011101010110111
000010011011011011111110111110001101010110111
000011010110010011111111111101010101010110111
000010011101101111000111010111111110010110111
000101011111111011101000110110101110010110111
000101010111111100111101001110110110010110111
000011001111111101101010111001111010010110111
000101100111110111011110110011101010010110111
000011001011010111111001010111011111100110111
000011010110011111111110001010101111100110111
000001101111101110101110101011010111100110111
000010110010101111111101110011101011100110111
000100101110111101011111101001101011100110111
000001011011010111011111110111001011100110111
000000110111101111101110101111010011100110111
000010001111010111110101101101111101100110111
000001101111111101101011010101110101100110111
000010011101101111000111010111111110100110111
000100111110111101011010011110101110100110111
000010110101111111110010011110101110100110111
000111001001001111101101111111011010100110111
000010110110101111100011101111111100100110111
000101011111111101101010110100111100100110111
000111010111111101101010110100111100100110111
000111001111111111110100100101011100100110111
000101100111110110100101011011111111000110111
000101110101111001110011011111101101000110111
000001011101110010111101101001011111111010111
000101011011001001111101110010011111111010111
000100110011100110101111010110101111111010111
000101101001100111111101001100101111111010111
000110011001011110010100110111110111111010111
000100100101101110111000111110110111111010111
000001101011110111001011011110011011111010111
000000011011011101110111010110111101111010111
000000110011011101110111010110111101111010111
000010011011011100110111010110111101111010111
000001011110110100111100110111011101111010111
000111010100100111110110110101011101111010111
000101011110100011001101101111101101111010111
000000110011011101110111110110101101111010111
000100110111100110101111010110101101111010111
000100110011111110011011111000110101111010111
000101001110111011101100101111100101111010111
000101001111111111001001101111000101111010111
000010110110011101111011110110101001111010111
000101111110111111001010101101001001111010111
000011011011111111010111100110001001111010111
000010001011111110010111101011110110111010111
000000101101011110110011011111111010111010111
000001101101110111011110111001011010111010111
000010111010111111010010110111101100111010111
000100101001111111001111111001101100111010111
000010101001111111101111011001101100111010111
000001011110110111101110101110110100111010111
000110111101111010101110110010110100111010111
000011011001101111111011011110010100111010111
000011011001111111111010011110010100111010111
000010111110011001001111011011101111011010111
000001011111101101100111110001101111011010111
000001101111101101100111110001101111011010111
000011011011010001110111011110101111011010111
000000101101111101111111011000101111011010111
000100101001111101111111011000101111011010111
000111010101101101001001101111110111011010111
000001101111001110010111011011110111011010111
000101010011011110110011011111100111011010111
000001011101101101111010111011100111011010111
000101010011011110110011111101100111011010111
000011011111110011111011100101000111011010111
000001101111011101001101110101111011011010111
000000110111101111011101010110111011011010111
000001110011101111011101010110111011011010111
000000100111101111011111110010111011011010111
000000110110101111011111110010111011011010111
000100111111010110101011111001110011011010111
000011011111011111010110101110100011011010111
000101111101001101101111110011001101011010111
000111001101101111001001110111110101011010111
000111001101111011001001110111110101011010111
000111001101111111001001010111110101011010111
000111001101111111001001100111110101011010111
000100111101111111001001110111110001011010111
000101101001110111111110011001011110011010111
000011011001111111011001010111101110011010111
000010110111111101110110110110001110011010111
000101011011111100111010011011110110011010111
000100110101111110110110101111010110011010111
000011010111110111111000101111100110011010111
000100111110111001110010111111110010011010111
000100111101111110111111010100110100011010111
000001011101110010111101111001011111101010111
000110100111001011111011110010011111101010111
000011011001011010111111101100011111101010111
000010011101101101000111101111101111101010111
000110101110011010111111110110010011101010111
000010110100111011111111100100111101101010111
000000111001110101111101110111101101101010111
000010110110111011111111100100101101101010111
000100110111111111001111101000110101101010111
000100101101111100101111110011111001101010111
000110111100111010111111110010011001101010111
000110111100101111101110110111001001101010111
000100111101111111110100010111011100101010111
000011001110110111110010110101111111001010111
000110101111100101100111111110100111001010111
000111001101100111111100111111100101001010111
000101111111110010011100011010011111110010111
000101011110011010001101111011110111110010111
000101011110111001001111110010110111110010111
000010011101110110111101111001010111110010111
000100111111110001111101110010100111110010111
000001011101100101011101111011111011110010111
000001011111100101011101111011101011110010111
000010011011010111110100011111111101110010111
000101011010111011111100100110111101110010111
000101011110111111001111101001001101110010111
000101111110110010100111111010111001110010111
000010011101101111000111010111111110110010111
000001110011101110111111010010111110110010111
000101001111111011010101111010011110110010111
000101011010100111111111001110110110110010111
000001011111101101011101111011101010110010111
000010111101101110111001111011110010110010111
000010111111101100111011110011110010110010111
000101111101011100101001111111110100110010111
000101010010111101111011001011111111010010111
000010001101101111111010111010111111010010111
000010011011111100011101111011101111010010111
000110110110101011111110110011001111010010111
000011001111101110111001101111011101010010111
000100111110011011001111011111101101010010111
000110110110111011001111010111101101010010111
000110111110011011001111010111101101010010111
000110011110011111001101110111111001010010111
000100110111111011111010011110111001010010111
000110111111111011101010010111011001010010111
000110111110111011001111010111101001010010111
000010111111010111010111110111101100010010111
000001011111101111001101011111101011100010111
000011010111110011101100011111111101100010111
000011001111101101011001111111011101100010111
000011011111110011010111101101011101100010111
000010111111111010110110111100011101100010111
000010010111111111111010111010111101000010111
000011011100100111100100101011111111111100111
000110111001010011010111100100111111111100111
000011010001011100101111111001101111111100111
000011010101111100100111101100101111111100111
000110111001010111010111100100101111111100111
000101010110110110110011011110100111111100111
000100110111001101011101010111101011111100111
000101110111101011100100101111001011111100111
000110010101100110111101001011111101111100111
000001001111001110110101101111110101111100111
000100101100111001110111111101011001111100111
000101111101001001100110110111101110111100111
000100110010111111000101111111011010111100111
000001001111111101110110110110101010111100111
000110101011111100100110111011110010111100111
000101111010111011111110100100110010111100111
000010111101110111101101100101011100111100111
000010110111000101100101111111111110011100111
000010111101011101010111011110110110011100111
000011010101110111100111001001111111101100111
000110010110101011111011100100111111101100111
000000110011101011111111011010011111101100111
000101100011011010100101111111101111101100111
000001101111011000111101011111001111101100111
000010111100101011100111101110111101101100111
000010111110101011100111100110111101101100111
000001011111011000111101011111011101101100111
000010111110001011100111101111011101101100111
000010111110100011100111101111011101101100111
000010111110101010100111101111011101101100111
000010111110101011000111101111011101101100111
000010111110101011100011101111011101101100111
000010111110101011100111101011011101101100111
000010111110101011100111101110011101101100111
000101111101101011111101010010011101101100111
000010111110101011100111101111001101101100111
000001101110001110111111111011010101101100111
000110101011101110010011111111100101101100111
000100110101111110101111111010011001101100111
000101011110100110111101111011110001101100111
000101110110111110100101111011110001101100111
000101111110111110100101110011110001101100111
000010101101111011101101001111111010101100111
000010011111110110110111001111101010101100111
000010110110101011100111101111111100101100111
000010111110001011100111101111111100101100111
000010111110101010100111101111111100101100111
000010111110101011100011101111111100101100111
000010111110101011100111101110111100101100111
000010111110101011100111101111101100101100111
000101110111001001111101111111010100101100111
000110111111101011001111100111010100101100111
000101110100111111101101010110110111001100111
000010110110101111011111110010111011001100111
000010110110101111111111010010111011001100111
000101111001010011111011111111010011001100111
000011011100011111111011010101111101001100111
000010111111110110111000011111110101001100111
000010111111110110110011010111110101001100111
000010111111110110111010010111110101001100111
000010111111010110110101111111011100001100111
000001101001011011111011101100111111110100111
000110010101110110100111001111011111110100111
000100110011111010010101111111010111110100111
000100110011111011010101101111010111110100111
000001101111010011010111011101111011110100111
000110010101111110100111001111011011110100111
000101001111010101111111011001101011110100111
000001010111111110100110111110101011110100111
000100110011111011010101111111010011110100111
000110010101111110100111011111010011110100111
000010011111101001111101011011011101110100111
000000101111101111101111001110110101110100111
000001011111110110111101100111100101110100111
000010111101010011001111101011111110110100111
000011011101010011001111101011111110110100111
000111001010110011011111111001011110110100111
000010111111110101100101111001101110110100111
000101101111110011001111101011001110110100111
000110011001010111111010101111110110110100111
000101110111111101001001111110101010110100111
000101110111111101101001011110101100110100111
000011000110111110110111000111111111010100111
000101101110111110101111110010110011010100111
000010100110011111111111100101111101010100111
000100110101111111110111001001111101010100111
000101111110010110011111110111001101010100111
000110011110100110111111011111100101010100111
000101011011010111011001111110111110010100111
000101111010110011011111110101011110010100111
000110111111011110101011101001110110010100111
000101001111111011011101011001011111100100111
000100101100111111011010101111110111100100111
000110100111011111101010111010110111100100111
000101100111111011011100011101111110100100111
000101111111010110011011101101110110100100111
000110111111111010101101110110010110100100111
000101110111111110111010011001111010100100111
000010111110101011100111101111111100100100111
000101111001110111101011101111110100100100111
000100110110110101011101110001111111111000111
000010011101100101011101101111101111111000111
000010011101101101011101101011101111111000111
000101101110110010100111111110101101111000111
000000110111011101110111110110101101111000111
000110110101001111111101100101101110111000111
000001011110110110111000111111110110111000111
000100010111101111010011111010111111011000111
000011011010101101110101011111111011011000111
000011011110101101110101010111111011011000111
000011011110111101110101010011111011011000111
000001101111110111011101011011101011011000111
000010111111011010110111101110111010011000111
000101101110110011110100101101111111101000111
000101001110110111110100111001111111101000111
000010011001011111101111001110111111101000111
000001011010101111111101100111101111101000111
000101001111101010100111111110111101101000111
000100111111101011001011111011011101101000111
000101011111001101101110111111100101101000111
000010111101110101011111111011011010101000111
000001011111111101011101111001101110110000111
000001011111100001110010110011101111111111011
000100011010011010111011111000101111111111011
000010110100110011111110000111001111111111011
000001001110100011111011110110001111111111011
000010100110100100111111100111010111111111011
000110101001101001011001111101010111111111011
000010111011001110011010101111000111111111011
000001100101010111100111111001101011111111011
000010001101110110101001111011110011111111011
000110010100101110100111101110110011111111011
000101010010010111011101101001111101111111011
000101011010010111001101101001111101111111011
000101111110100111000110010100111101111111011
000001101101011101100011111001110101111111011
000101110101111110100101110001100101111111011
000100101111001011001101010111111001111111011
000010101111001101001110100111111001111111011
000011010100110101110110111110001110111111011
000110101001111001011001111101010110111111011
000010111001011100101100111011111010111111011
000010111000011111001111101110011010111111011
000001101001001111011110111011101010111111011
000010110001111101101011101101101010111111011
000101101111011101010111001001110010111111011
000101010100010111100111110110111100111111011
000101011001001011100111111011011100111111011
000101010010101101101111101110111000111111011
000001100101101011011000111111011111011111011
000001011101001011110011101101110111011111011
000011010010101101111010111100110111011111011
000110010010100101111011110111010111011111011
000100111111001011100111001011011101011111011
000100111111101011100110001011011101011111011
000001100011011010111101111111100101011111011
000100100111100111101111010101111001011111011
000010101110011101000110110111111110011111011
000110100101100111100101010111111110011111011
000100100101101111110001101110111110011111011
000101011101101110111011101001011010011111011
000110111011111101100101011010011010011111011
000010100011010011111101010101111111101111011
000110100011010010111101010101111111101111011
000110100011010011111001010101111111101111011
000010101011110010111001011101110111101111011
000010111011110010111001011001110111101111011
000101100111010011111010011101010111101111011
000010110001010110111011111011100111101111011
000001101100111001111101011111000111101111011
000010101101101110101111011101000111101111011
000001011111001011000110101111111011101111011
000110011111001110101001011001111011101111011
000010101110010111001011101111101011101111011
000010111110001110100111011011101011101111011
000101011001001101111110111010101011101111011
000101010011011110100111110011110011101111011
000011010101101111011011101101100011101111011
000101001111100111010100010111111101101111011
000010101110100111000101111011111101101111011
000101100111010110101001111101011101101111011
000100101110001101111101110110011110101111011
000100111101011111000111001101101110101111011
000010011011101011111110011101001110101111011
000010011011111100111100010111110110101111011
000001001101111111101110111000111100101111011
000010101110111110011111001010111011001111011
000001001111011111100110101011111101001111011
000101001111011111100010101011111101001111011
000001100011011011111101111111100101001111011
000110101011110011111111100101011001001111011
000010100101110111100101110111111110001111011
000110100101110111100101010111111110001111011
000011011011101010111110111001011110001111011
000100110101110111100101111110101110001111011
000010101010010011111101011001111111110111011
000110101010010010111101011001111111110111011
000110101010010011111001011001111111110111011
000101001001110011110111110001011111110111011
000101011111000111101001011001101111110111011
000010001111100101110111110100101111110111011
000101011110111100011011010011001111110111011
000101001011010011111111000111010111110111011
000010100101110110101111111011000111110111011
000100101010111011110001011111011011110111011
000100101010111011110001111011011011110111011
000101001111010011111111000111010011110111011
000101011010010101111001111001111101110111011
000101011010010111110001111001111101110111011
000101011010010111111001101001111101110111011
000110011101101001100101011111011101110111011
000101011010010111111001111001101101110111011
000101011010010111111001111001111001110111011
000010101101111011111111010110000110110111011
000101011010010111111001111001111100110111011
000010110001111111011110101110110100110111011
000101011101111101101011010011111000110111011
000100111101111001111111101100101000110111011
000011001111100011001010111101111111010111011
000100101111000111111101101011001111010111011
000001011011101100111111110101001111010111011
000010011011111101101111100011101011010111011
000011010010101111001111101111110011010111011
000010101110110110011111001111110011010111011
000101011010010111111001111001111101010111011
000100110111110011111101011110001101010111011
000110111000111110111101111100100101010111011
000110100101111111111100110100111001010111011
000101101000110011111111111011010110010111011
000110101011110001110111101111011010010111011
000101100101110100111101110001111111100111011
000011010101001111110110010110111111100111011
000110101010111110010011011111100111100111011
000101011010010111111011101011100111100111011
000010111111101110101101001101100111100111011
000101101110001101111110101110100111100111011
000101101011001110111110101110100111100111011
000101101110001110111110101110100111100111011
000101101111001110011110101110100111100111011
000101101111001110110110101110100111100111011
000101101110001111111100101110100111100111011
000101101111001110111110100110100111100111011
000101101011001111111110101010100111100111011
000101101110001111111110101010100111100111011
000101101111001011111110101010100111100111011
000101101111001111011110101010100111100111011
000010110110010111001011101111111011100111011
000001101101111011111010111011001011100111011
000101101111001011101001111110110011100111011
000101101111001111101010100101111101100111011
000010011111101101001110101111101101100111011
000110101010100111100101101111111110100111011
000101111001100101101111011110101110100111011
000101011111111101001011001110101110100111011
000010111101111110110111000110101110100111011
000100111111111101101101001110001110100111011
000101101111001110111110101110100110100111011
000101111111101110010110101110100110100111011
000011001111111111001001111010111010100111011
000101001011101011101001110111111111000111011
000101110110101111111110101000101111000111011
000010011111111011101110110110001111000111011
000101101011101011101001110111110111000111011
000100110110111010111000111111111011000111011
000010101111101111010111010111011011000111011
000101100101010100111110101001111111111011011
000010101111010010111100110110011111111011011
000101010011110010110011111110001111111011011
000101011110001101001101110011110111111011011
000101111110001101001101010011110111111011011
000000110011100110111111010101110111111011011
000101111110001101001101110001110111111011011
000101010011111000110011110110110111111011011
000110101100100110101010111111100111111011011
000010100100110111011000111111111011111011011
000011001110111010010101101011111011111011011
000010101100110111011000111111110011111011011
000101111110001101001101110011110011111011011
000001011110010111101110111001110011111011011
000010011110100111011110101110110011111011011
000010011110101111011100101110110011111011011
000100010110111001111001011111011101111011011
000101101110101001111000111011011101111011011
000101010110111001101001111111001101111011011
000101010110111001111001111101001101111011011
000001010101111111001101111100111001111011011
000110010100101111110111100100111110111011011
000010011110111001011110001111101110111011011
000011010111101101101000111111001110111011011
000000101111001111011010111011110110111011011
000010101111101001101111001111010110111011011
000100111000111111110001011110111010111011011
000011001010111111100111001011111100111011011
000001001110110111100011101011111111011011011
000011001101111010111111101001010111011011011
000010011110101111011110101110110011011011011
000010101001110111111111000101111101011011011
000011001001110111111111000101111101011011011
000011001111110101111010011101110101011011011
000101111110011110010011101111010101011011011
000001010111101111011000111111101110011011011
000011000101111111101010111101101110011011011
000001010111101111111000111111001110011011011
000101001110011010011011111110011111101011011
000010111110001010100111011111110111101011011
000010011111011100010111101110110111101011011
000000101101110111111000111101111011101011011
000001011110011101011011110110111011101011011
000001011110001111011111110100111011101011011
000101110101101001110011111111001011101011011
000100111110101011111111000111001011101011011
000101100101111111101001111011010011101011011
000101110101011111101001111011010011101011011
000101110101111011101001111011010011101011011
000101100111111101101001111011010011101011011
000101110101111110101001111011010011101011011
000101110111111100101001111011010011101011011
000101100111111111101001011011010011101011011
000101110111111110101001011011010011101011011
000101100111111111101001101011010011101011011
000101100111111111101001110011010011101011011
000101110111111110101001110011010011101011011
000101100111111111101001111001010011101011011
000100100111111101111111001101100101101011011
000101001111111111001101110100111001101011011
000101101111111111000101110100111001101011011
000101101111111110111000111011001001101011011
000101110101111111101001111011010001101011011
000010011110101011100110110111111110101011011
000101111111111010010111011100011100101011011
000010111011101110010111100111110111001011011
000010011111101110111101011111010011001011011
000110011111001111011101111001110101001011011
000110101010110011111001010011111111110011011
000100100110110111111110010110101111110011011
000011000110111111001110111101010111110011011
000011010100111011101000111111111011110011011
000101011110010100110111101011111011110011011
000101111101110110100101110101111001110011011
000100101101111111100011101111101010110011011
000100111101111011100011101111101010110011011
000110010011111011111110101010111100110011011
000010111101110100111000111111110111010011011
000101111101110001111101111110101001010011011
000101100101110101101001110111111111100011011
000011010100111111111000111110111011100011011
000101011101011110010011111111110011100011011
000101111111110110100111110101110001100011011
000011010101111001000101111110011111111101011
000101110100110101101001110011101111111101011
000101001111010011110111011001001111111101011
000110100111010100101100111101110111111101011
000010101110010111101110110010110111111101011
000100010011111100111101110100110111111101011
000010001101110101101111101101100111111101011
000100010110010111111101110011011011111101011
000100011010010111111101110011011011111101011
000100101100010111110111100110111101111101011
000101101100111011110110011101001101111101011
000101111000111011110110011101001101111101011
000101111100111001110110011101001101111101011
000110010110010111111101010011111001111101011
000110011111100101010100110111101110111101011
000010101110110101110110001111110110111101011
000010101011011101001111111001110110111101011
000010011110111000110110111011111010111101011
000010111000011111101111101110011010111101011
000011001101101011111011111110001010111101011
000100101110101111110011011110110010111101011
000010101110111110110011011110110010111101011
000110011111100101010100110111111100111101011
000100101111010101110111100110111100111101011
000101111100111011110110011101001100111101011
000100101111001011001111110011011111011101011
000101100100111011111100111101001111011101011
000010100110111111001111111000111011011101011
000101101101001111010011101111110011011101011
000100110101001111010011011111111110011101011
000101111101110010011110100110111110011101011
000101100101101100111111111101001110011101011
000101111101001110010011011111110110011101011
000101101101001111010011101111110110011101011
000101111101001101010011101111110110011101011
000101111101001111010011001111110110011101011
000101111111001110010011010111110110011101011
000101111111101100111101001101010110011101011
000100111001011111010011011111111010011101011
000001011111011111111001101101110010011101011
000100110111101100101101110111111100011101011
000101111111101101001101110011011100011101011
000001011101101100110111101110101111101101011
000100101110111110001101110110101111101101011
000110101011101010010011111111001111101101011
000101001110010111111101111000111011101101011
000101110101111111101001101011010011101101011
000010011110011111001011101111111010101101011
000100111111110011001110101111101100101101011
000100111110111110011111010100110111001101011
000010111111110100111110101110010111001101011
000101001101111110011100101111111011001101011
000000101110111111011101011101111011001101011
000010101111111110011111001101101011001101011
000101010111011011000111101111111101001101011
000101011110100111011001111101111101001101011
000010100111110111101101110101111110001101011
000011000111001101111111001001111111110101011
000110010101110110100110011111011111110101011
000110010101110110100111001111011111110101011
000100110101111010110011010111110111110101011
000011000111111110100111011100110111110101011
000101110110010110100111011111100111110101011
000010011010011111111101101001111011110101011
000010111010001111111101101001111011110101011
000010111010011101111101101001111011110101011
000010111010011111011101101001111011110101011
000010111010011111111101101000111011110101011
000010111010011111111101101001101011110101011
000100100110101111111010011111110011110101011
000101001111110011111111000111010011110101011
000101101011011010011001111011111101110101011
000101101010011110111111101001110101110101011
000101101010011111011111101001110101110101011
000101101010011111111101101001110101110101011
000101111010011110111101101001110101110101011
000010111010011111111101101001111001110101011
000001010110110111011100011111111110110101011
000100101111001111011111110010011111010101011
000101101010011111111111101001110101010101011
000010011110111111111010001111101110010101011
000110010110111110101110100111011111100101011
000101101011101111111001001011110111100101011
000010010111110010111011111101110111100101011
000010110011110010111011111101110111100101011
000010110110110010111011111101110111100101011
000010110111110010011011111101110111100101011
000010110111110010101011111101110111100101011
000010110111110010111010111101110111100101011
000101111111011010101111100110100111100101011
000010110111110010111011111101110011100101011
000101111001001101111111111011100011100101011
000011001111111000011100111111111101100101011
000010110111110010111011111101110101100101011
000010111111100110100111110111101110100101011
000101111101110111100011010111111100100101011
000010110111110010111011111101110111000101011
000010011010100111101110010111111111111001011
000010110111010011110111011100011111111001011
000100101110110101001011111011101111111001011
000011000101111011101111101100101111111001011
000010111101110010011100111110111011111001011
000010111100010111111011100111011011111001011
000010101001110111111110000111111101111001011
000010101111011111011100111011100101111001011
000101111110110011101010011111101001111001011
000011001010111011110111001011111110111001011
000001011110100101111100111111101110111001011
000100101101111101001011111011101110111001011
000100111111001011101011111011011100111001011
000100111111110111001011111001011101011001011
000100111111110101111100110110101101011001011
000100111111111010111101001111001101011001011
000010111110111110011011111011101001011001011
000101011101001111001110110011111111101001011
000101011101001111010110110011111111101001011
000101000101111111010111100110111111101001011
000101011100111010011011111110011111101001011
000101011101001111011110110011111011101001011
000100111101010111111011101001111011101001011
000101110111111110101001111011010011101001011
000001011111011101100111101011111110101001011
000010110011111111010011101111101110101001011
000110011101111111010110011111001110101001011
000010111001111011110111010011111111001001011
000101011111011110011011011111100111001001011
000100110011010111111110011010111111110001011
000010111011111110111101010001111110110001011
000101011111110110111001111011101011010001011
000101001111101101011011111110111110010001011
000101111010011110001100110110101111111110011
000101111101010110110010011001111011111110011
000100100110101111101010110111110011111110011
000010111010011101111011011111001001111110011
000101101001001111011111110011101010111110011
000101111101110111100110100101011100111110011
000010111110100101011100111111101100111110011
000010101111011101111111011001110000111110011
000101011110100101111001101100111111011110011
000100101110100111111001110100111111011110011
000101100011111010011111101010011111011110011
000010101110011110001101011111110111011110011
000010010110111011101011011111100111011110011
000100111110010111110101111010011011011110011
000101101011101001111110101111001011011110011
000010011001101111110010111110111101011110011
000010011011101111110010111110110101011110011
000100111111011110111100110010111001011110011
000001011111101111100110101111101001011110011
000101101101111111001011111010101001011110011
000100101111100101111010111110101110011110011
000101101001001111111011111010101110011110011
000100110110111110010111111101001110011110011
000101101011111101111101001101101010011110011
000101111011110101111101001101101010011110011
000101111011111101011101001101101010011110011
000010100111110010111111011010110111101110011
000010111011111011110010111101001011101110011
000010110111010111001001111111111010101110011
000100101110100111111101110100111111001110011
000010101110011111001101011111110111001110011
000101011110111100011011010011011111110110011
000010001011111110110101011111100111110110011
000010110111101110101111110101000111110110011
000010110011111010111111110101100011110110011
000101100010111111010011010111111101110110011
000010111010111101111011011101001101110110011
000010110111101110001110111101110101110110011
000000101111101111101111001110110101110110011
000101110111010100111010100111111110110110011
000100101111010101110111000111111110110110011
000010011111010111100101111011101110110110011
000101110010111011111011110101001110110110011
000010110110101111100011101111111100110110011
000010101111111010111011101100011111010110011
000010011111111010101100111111001111010110011
000101100111111101011110110100111011010110011
000001011111010101110011110111111110010110011
000101010111110111101001110011111110010110011
000001011111011010111101011110011111100110011
000101101110011111111110100110100111100110011
000101101111001111111110101010100111100110011
000101010111111011111011001011011110100110011
000101111111101010110110111010011111000110011
000001011110101001110111110011101111111010011
000101101001110011001111111110011011111010011
000101101011101011101101111100011011111010011
000010011001111101101010111111101011111010011
000100111111000110111110101101110011111010011
000101010011111110110101111100110011111010011
000001010101111111001101111100111101111010011
000100100111111010011011111011110101111010011
000100110111111110011011111000110101111010011
000100111010111011011111011110010101111010011
000101010111111011001111010110111001111010011
000101011101011010110011111111110001111010011
000100111100101111101110100101111110111010011
000101111111001011111001101001011110111010011
000010101001111111111011001110111010111010011
000101110110001110111101111111010010111010011
000101100011111010111111101010011111011010011
000010111100110111011111100110101111011010011
000100101111110001111111011101001111011010011
000010101111111011101100111110010111011010011
000100101011111111011011011111000111011010011
000100111110111000111010111111110011011010011
000100111110111001111010110111110011011010011
000101110110111001111010110111110011011010011
000101111110011001111010110111110011011010011
000101111110101001111010110111110011011010011
000101111110110001111010110111110011011010011
000101111110111001111000110111110011011010011
000101001111111110011111101010110011011010011
000100111110111001111010111111010011011010011
000100111110111001111010111111100011011010011
000101110110111001111010111111100011011010011
000101111110011001111010111111100011011010011
000101111110101001111010111111100011011010011
000101111110111001110010111111100011011010011
000101111110111001111000111111100011011010011
000010011011101111110010111110111101011010011
000010101111111011101100111110011110011010011
000101111011110101111110001101101110011010011
000101111110111001111010110111110010011010011
000101111111110101011100101111101100011010011
000101111100101001101101110110111111101010011
000010110110111011111011101100011111101010011
000011000111111010001111101111110111101010011
000101011110110010011111110111110011101010011
000101110111111110101001111011010011101010011
000101101011101010011111011011111101101010011
000101101111110101011101101111111001001010011
000010111111011110101111101000111011110010011
000100110101111011111010111110011011110010011
000100111111100110111110101101110011110010011
000101111111101011101111001110100101110010011
000101111100111111111000110101111010110010011
000101111101100011110101111011011111010010011
000101111111011001111101010110011111010010011
000100111111111001111010111110011011010010011
000100101111111011110011101011011111100010011
000100111100101100111110101011011111111100011
000101010111110110110111011010100111111100011
000101001101011101110111111010011011111100011
000101001111011001110111111010011011111100011
000101001111011101100111111010011011111100011
000101001111011101110111101010011011111100011
000100110110110101111110011110101011111100011
000101001111011101110111111010011001111100011
000010111100011111110110010011111110111100011
000101110101001001111111100111110110111100011
000010111011110011011101101111101010111100011
000100111111010111100110110110111101011100011
000010111001011111111101101100111101011100011
000101101100111110011111010100111111101100011
000100101111001010011111111011111101101100011
000101101011001010011111111011111101101100011
000101101101001010011111111011111101101100011
000101101111001010011011111011111101101100011
000101101011101010011101111011111101101100011
000101101111001010011110111011111101101100011
000010111011011111101011010011111101101100011
000101101011101010011111111011011101101100011
000100101111101010011111111011110101101100011
000101100111101010011111111011110101101100011
000101101011101010011111111011110101101100011
000101101101101010011111111011110101101100011
000101101111101010011110111011110101101100011
000101101111101010011111011011110101101100011
000101101111101010011111110011110101101100011
000101101011101011111100100111111110101100011
000101110110100101111111010111111010101100011
000101110111110100111111101111001100101100011
000101101111001010011111111011111101001100011
000101111111110101110110011111101001001100011
000101011111000110010111111011011111110100011
000101001111011101110111111010011011110100011
000010110111111011111111001010011110110100011
000010011111011111001111110010101111111000011
000010111101101011101110111011011101111000011
000010111111011111110100110101111110011000011
000101111000111001100100101011011111111111101
000010111001011001011100111100101111111111101
000101111000111001100110101011001111111111101
000100111100011100110011010110110111111111101
000010010111010010111111000111010111111111101
000101010111001011011100011101100111111111101
000101010110001010111011011110100111111111101
000101111001001110101010110001111011111111101
000101110010101100111100111001011011111111101
000010111100111101101100110010101011111111101
000101001011011100110101111100110011111111101
000101110111100011001001010111101101111111101
000101010010011101101111101110001101111111101
000101110010110101100011100111111001111111101
000101101011110110100111010101110001111111101
000101111000111001100110101011011110111111101
000101100011010011111011100011011110111111101
000100110101100110111101011100011110111111101
000000101100011111100111111110001110111111101
000010011010111010001110101111110110111111101
000100100110110111100111001011111010111111101
000101101111110010111011100011010010111111101
000100101100111101010110011101111100111111101
000101111001011000111100110011011111011111101
000001011011110100110011110110011111011111101
000101100011110100111011101001101111011111101
000010111010110110001110010111110111011111101
000001010110011001111111001111100111011111101
000100010110110001111111010111100111011111101
000010010110110011111011010111100111011111101
000101011100100111111001011001111011011111101
000101110101101111011000111100011011011111101
000001010110011110110011011110111110011111101
000101100011011001011010111111101110011111101
000001010110011110111011011110111010011111101
000101010011111101110011001111011010011111101
000101011011101111110011100011011010011111101
000101100111111011110101101101001100011111101
000000101011110100111001111001111111101111101
000100110110001010011110111100111111101111101
000010011101001100111101110100111111101111101
000010011101001110101101110100111111101111101
000100111011010100111100111001101111101111101
000010010111101011100111011001101111101111101
000100010011110100111111010111100111101111101
000010001111100111010110110110111011101111101
000010011101001110101111110100111011101111101
000010110001111101110111101110001101101111101
000101100110010110111111110001110110101111101
000100111111111001111011001100010110101111101
000100101110011011111101110010111100101111101
000010011101110101001111100111101111001111101
000101010110111001101111011011001111001111101
000101011010100111110111110101001111001111101
000101101100111001010100111111110111001111101
000101110011001010011111011011110111001111101
000101111011011100101001101111100111001111101
000101001110111010011100101111111101001111101
000101101111011101111110010110001101001111101
000001010110011110111011011110111110001111101
000101111011111011010110110011001110001111101
000101111011111011011010110011001110001111101
000010100011110111000110111101101111110111101
000100111110110100111001010111001111110111101
000101011110111100011011010011001111110111101
000010011011000111111110111000111011110111101
000010111100111101101100111010101011110111101
000100111100110101110101011111001011110111101
000100111100110101111101010111001011110111101
000010011111000110111110111010110011110111101
000100110100111111001100011110111101110111101
000010001111101110010111110100111101110111101
000101101111101111011110100100110001110111101
000100110011110011010111110001111110110111101
000100111010110011010111110001111110110111101
000100010100111101111001111111001110110111101
000100010110110101111001111111001110110111101
000100010110111100111001111111001110110111101
000100010110111101111001111101001110110111101
000100110100111101111001111111000110110111101
000010111010110010110011111011111100110111101
000100101011111011110011100101111100110111101
000101001101110001111110101111011100110111101
000101001111011110111101001111100100110111101
000101011011011111101101110100111000110111101
000101110110111110011100101111011000110111101
000101100101101111011100111110111001010111101
000000101110111111110111011100011110010111101
000101001111101110111011011001111010010111101
000100110101011111011110011110111100010111101
000100110101111101011110011110111100010111101
000100110101111111010110011110111100010111101
000100110101111111011100011110111100010111101
000100110101111111011110001110111100010111101
000010101011101111110110110110111100010111101
000101010111111111101100010110111100010111101
000100110101111111011110011010111100010111101
000100110101111111011110011110101100010111101
000101110010100111111101110101101011100111101
000100100111111101011111101001101011100111101
000101101011111101101101010110110011100111101
000100110111001111101111001010111101100111101
000010100111101110110011010111111110100111101
000010010111011111111100110110011110100111101
000100010110111101111001111111001110100111101
000001011011101111100111101101111100100111101
000101100111111011100101011011110111000111101
000101110111111110110101011001100111000111101
000010001101111000110101111101011111111011101
000001011101110010110101101101011111111011101
000010110101110010110111100101011111111011101
000100110011100110101111010110101111111011101
000010011011101111011100111110100011111011101
000100110111100110101111010110101101111011101
000100110100111111101011110101101001111011101
000001001110111101011101110111101010111011101
000010010111011110111101100111110100111011101
000010011110111111110011110011100101011011101
000010101110010110100111101111111110011011101
000101101001110011111111011001011110011011101
000101001111100011101111011101111010011011101
000010110111101100010111100111101111101011101
000101001110110100111111101001110111101011101
000001001110111101011101110111101011101011101
000101101100011111101101111011010011101011101
000101110011100111001010110111111101101011101
000100111101111001110100111101011101101011101
000101101011111101111000110110111001101011101
000100111001011011011111111111000110101011101
000101101011111101111001111011000110101011101
000010011101101111100111100111111100101011101
000001010101111011110010110111111111001011101
000010010101111011110010110111111111001011101
000010110011100111011111110101100111110011101
000100101111110011101011101011011011110011101
000010110111110010111011001111110011110011101
000010110111100111011111010111010011110011101
000010110111100111111111010101010011110011101
000101011110011100101101101111101101110011101
000101101101011110011111110011100101110011101
000100101101111011100011111111001110110011101
000101100110011111110110101101011111100011101
000101010111101011011111111001100111100011101
000101100111011111110010101101111101100011101
000010011101010011101111001111010111111101101
000010101011101100011111110001111101111101101
000100101111001011110111001100111101111101101
000010101010011011111001111110011101111101101
000010110111000101011100111111101101111101101
000010101111100110111000111111010101111101101
000101001111100110111110101011100110111101101
000100111111110101011111001011000110111101101
000100111001111111010001101011111010111101101
000100111011101011110001111011011010111101101
000100111001111001010101011111111100111101101
000100111001111001011101011111011100111101101
000010101011011100111101110111110100111101101
000100111110110010100111111011110100111101101
000100111111011110100111110110010100111101101
000010101110111111110011111100110000111101101
000010100101110110101111100111110111011101101
000101011110001101101111110111101100011101101
000010101011110100111001111001111111101101101
000010101011111000111011111001101111101101101
000100010011111100110111110011110111101101101
000010101011101110011111110001111101101101101
000010101110111010111000111110111101101101101
000010101110111011110000111110111101101101101
000100111010101111110011100011111110101101101
000100101011101111110011111111001100101101101
000101010111101101010011111110011111001101101
000101011110111001111011011100111110001101101
000101010111101101110011111110011110001101101
000100100111111101111001111011111010001101101
000010011111100011010111011111011101110101101
000010110011011111111000110111110101110101101
000010011101110101111111100111100101110101101
000010110011111111110100111101101001110101101
000100110010111111100111111101110001110101101
000100101111111011001111101011001110110101101
000101010111011111001100111111100110110101101
000100110111111110111011100011110010110101101
000100101011110011011111110011011111010101101
000100110101111111011110011110111100010101101
000101011011110101110011111011101011100101101
000100110101110010110111100101111111111001101
000101011100110111100100101111110111111001101
000101011100110111110100101011110111111001101
000101001011011101111111010011010111111001101
000101011010011111111011001011100111111001101
000101011100101111110101100101111011111001101
000010101111101110111000111111100101111001101
000010101111101100011111110011111001111001101
000010011111110011011111010110111001111001101
000101010111101111110011111100010110111001101
000101011011111101111101000111110100111001101
000101001100111110011010111111101111011001101
000101001111100111111001010111111110011001101
000100111111010110001110110111111101101001101
000100101101111011100011111111001111110001101
000100101111011011100011111111001111110001101
000101011100110111110100101111110111110001101
000100110111010111111110011010110111110001101
000100111101111111001011101011101110110001101
000100101111111011100011111111001110110001101
000100101110011011110110110011110011111110101
000010001111001011111110111001101101111110101
000010011111100101111101011001111001111110101
000010010111100110111110111001111100111110101
000100111111010010100111101111110100111110101
000100111101111110100111111010010100111110101
000101001111110010011001111010111111011110101
000100101111010110011111000111110111011110101
000100100111111101001111010111100111011110101
000101011011111111001101100111101001011110101
000100110111111111110011101100101100011110101
000100111110001101010110111101110111101110101
000010011111000111111011011101011011101110101
000010011111001111101011011101110011101110101
000100111111010010100111100111111101101110101
000010001111011110011111001111111001101110101
000010011111001110011111001111111001101110101
000101011011111000110011011011111111001110101
000100111101011011000111101111111101001110101
000100110101011110001110111111011011110110101
000100111011101111100111100111111010010110101
000100110101111111011110011110111100010110101
000100101111011110100111111011110111000110101
000010011110111111110011110011100101111010101
000101001111111110011111011011000111011010101
000100111001111111110100011111011101101010101
000100111001111111111100011011011101101010101
000100111101111111110100011111011100101010101
000100111111111010110110101111100111001010101
000100111101111011110100111111011101001010101
000100111101100111110101111001111110110010101
000100100110111101111111010110011011111100101
000100111110010110111001110111110101111100101
000100111111000101111001111101110110111100101
000100111011111110101011111010110100111100101
000010011111011101111110011100101111101100101
000100110111110001111011110111010111110100101
000010011011011111101111001110111111101000101
000100110101100110111101010101110111111111001
000100101101011101110001111110101101111111001
000100111101110010100111110111110100111111001
000100111110111110100111101110010100111111001
000100111101100101011001011111101111011111001
000100111101100101110001111110101111011111001
000100111001101011110101111101001111011111001
000010011111001011110011101110110111011111001
000100110111110101100011100111111101011111001
000100111011010100111100111001111111101111001
000100110011010101111101110001111111101111001
000100101111001101111101011110100111101111001
000100101111011111010011101111101100101111001
000100111010110011010111110101011111110111001
000010011011111010011111101011100111110111001
000100101101111111100111101111001010110111001
