00000000111011101101111
00000001010111110011111
00000001011011011101111
00000001011110111011011
00000001011111001110111
00000001100111101011111
00000001101011100111111
00000001101101111010111
00000001101110101111011
00000001110101101110111
00000001110110111001111
00000001110111011001111
00000010001110110111111
00000010010110111011111
00000010010111001111111
00000010011011110101111
00000010011110101011111
00000010011111001111101
00000010011111100111101
00000010100111001111111
00000010101110110101111
00000010101110110111101
00000010101111001011111
00000010101111001101111
00000010101111011011011
00000010101111101100111
00000010110011101101111
00000010110101110111011
00000010110110011101111
00000010110110111100111
00000010110111100111011
00000010110111101011101
00000010111001011111011
00000010111001101111101
00000010111010011110111
00000010111010110111011
00000010111010110111101
00000010111011011010111
00000010111011011100111
00000010111011011110011
00000010111011100101111
00000011000110101111111
00000011001011101111011
00000011001101010111111
00000011001110101011111
00000011001110101101111
00000011010010111011111
00000011010011110111011
00000011010100111110111
00000011010110011011111
00000011010110011111011
00000011010110111010111
00000011010111001101111
00000011011001011101111
00000011011010111010111
00000011011010111011011
00000011011011001110111
00000011011011011010111
00000011011100011111011
00000011011111001010111
00000011100010110111111
00000011100011011011111
00000011100101101110111
00000011100110110110111
00000011101101001110111
00000100001110110111111
00000100011010101111111
00000100011011101011111
00000100011100110111111
00000100011101101101111
00000100011110110011111
00000100011110110111011
00000100011110110111101
00000100011111001111011
00000100011111101011011
00000100011111110101011
00000100100111001111111
00000100101011011101111
00000100101101110111011
00000100101110011011111
00000100101110011111101
00000100101110111001111
00000100101111001110111
00000100110011110101111
00000100110101101110111
00000100110101111010111
00000100110110101110111
00000100110110111101011
00000100110111010111101
00000100110111011110101
00000100111001011111011
00000100111001110101111
00000100111001111110101
00000100111010110110111
00000100111010111110011
00000100111011100111101
00000100111011101001111
00000100111011101011011
00000100111100111111001
00000100111101010111101
00000100111101011011101
00000100111111001110101
00000101001010111011111
00000101001011011101111
00000101001101010111111
00000101001101111100111
00000101001110010111111
00000101001110011011111
00000101001110101011111
00000101001111001101111
00000101001111010101111
00000101001111011101101
00000101001111100111101
00000101010011101111101
00000101010011111110011
00000101010101101110111
00000101010110110110111
00000101010111011010111
00000101010111100111011
00000101011001110011111
00000101011001111101101
00000101011001111110101
00000101011010111001111
00000101011010111010111
00000101011010111011101
00000101011011010111011
00000101011011101011101
00000101011011101101101
00000101011100101101111
00000101011100111011011
00000101011101011010111
00000101011101101011101
00000101011101101100111
00000101011101101101011
00000101011101110010111
00000101011110001111011
00000101011110101100111
00000101011110110010111
00000101011110110011011
00000101011110111001101
00000101011111001010111
00000101011111001100111
00000101011111001101011
00000101011111001101101
00000101011111100011011
00000101011111100100111
00000101011111100110011
00000101100001110111111
00000101100011100111111
00000101100100111110111
00000101100101110111101
00000101100110111001111
00000101100111010111101
00000101100111100110111
00000101100111100111101
00000101101011100110111
00000101101011101101101
00000101101100101110111
00000101101100110111101
00000101101100111100111
00000101101101010111011
00000101101101100111101
00000101101101101110011
00000101101101110011101
00000101101101110100111
00000101101110011011011
00000101101110110001111
00000101101110110101011
00000101101110111000111
00000101101111000110111
00000101101111010011011
00000101101111100011011
00000101110000111110111
00000101110010111001111
00000101110010111010111
00000101110010111100111
00000101110011010110111
00000101110011011010111
00000101110011011101011
00000101110011100101111
00000101110011101011011
00000101110011101011101
00000101110100111101011
00000101110110011101011
00000101111000101110111
00000101111000111110011
00000101111001101100111
00000101111001101110011
00000101111001110011011
00000101111001110101011
00000101111010011110011
00000101111010101110011
00000101111011011100011
00000101111101101000111
00000101111101101010011
00000101111101110010011
00000110000110101111111
00000110001010110111111
00000110001011001111111
00000110001011011101111
00000110001100110111111
00000110001101010111111
00000110001101011011111
00000110001110010111111
00000110001110100111111
00000110001110101101111
00000110001110110011111
00000110001111111001011
00000110010100111011111
00000110010101001111111
00000110010110101110111
00000110010111011010111
00000110010111101110011
00000110011000111101111
00000110011010100111111
00000110011010101011111
00000110011010110101111
00000110011010111001111
00000110011011010110111
00000110011011010111011
00000110011011101011011
00000110011100110101111
00000110011101001011111
00000110011101011010111
00000110011110110100111
00000110011110110101011
00000110011111001010111
00000110100011001111111
00000110100100111110111
00000110100101101110111
00000110100110011011111
00000110100111001101111
00000110101000111111011
00000110101001011111011
00000110101001111010111
00000110101001111011011
00000110101010011101111
00000110101011001111011
00000110101011011010111
00000110101011011100111
00000110101011101011011
00000110101100011011111
00000110101100110011111
00000110101100110110111
00000110101101001110111
00000110101101100110111
00000110101101100111011
00000110101101110011011
00000110101110001011111
00000110101110011010111
00000110101110011011011
00000110101110100111011
00000110101110101001111
00000110101110110001111
00000110101111000111011
00000110101111001010111
00000110101111011000111
00000110101111100011011
00000110110001111011011
00000110110011010110111
00000110110011011010111
00000110110100101110111
00000110110100111100111
00000110110101011100111
00000110110101100111011
00000110110101110010111
00000110110110100111011
00000110110110101100111
00000110111000110101111
00000110111001101001111
00000110111010010110111
00000110111011010010111
00000110111101011000111
00000111000100101111111
00000111000101001111111
00000111000110100111111
00000111001001010111111
00000111001001011011111
00000111001010110110111
00000111010010011110111
00000111010011010110111
00000111010100101101111
00000111010110100110111
00000111011100100101111
00001000011101100111111
00001000011101101110111
00001000011101110011111
00001000100111110101111
00001000100111111010111
00001000101011011011111
00001000101011101101111
00001000101101010111111
00001000101101101101111
00001000101101110011111
00001000101101111010111
00001000101110101101111
00001000101111001101111
00001000101111010101111
00001000101111101100111
00001000110011101011111
00001000110101101011111
00001000110101110101111
00001000110110110011111
00001000110110110101111
00001000110110111110101
00001000110111010101111
00001000110111101011011
00001000110111110100111
00001000111010110111011
00001000111010110111101
00001000111010111011011
00001000111011001011111
00001000111011011001111
00001000111011101001111
00001000111011110010111
00001000111011110100111
00001000111101010111011
00001000111101100111101
00001000111110010111011
00001000111110011011011
00001000111110101011011
00001000111110110011101
00001001001011011101111
00001001001110011111101
00001001001110101101111
00001001001110101110111
00001001001110101111011
00001001001110111001111
00001001001111110101011
00001001010011011101111
00001001010011101011111
00001001010011111011101
00001001010101101101111
00001001010101110011111
00001001010110011011111
00001001010110111010111
00001001010111001111101
00001001010111010011111
00001001010111011001111
00001001010111011100111
00001001010111011111001
00001001010111110010111
00001001010111110011011
00001001011001011111101
00001001011001100111111
00001001011001110011111
00001001011001111110101
00001001011011101011101
00001001011100110011111
00001001011101010110111
00001001011101110001111
00001001011101110010111
00001001011110100110111
00001001011111000110111
00001001011111101011001
00001001100001110111111
00001001100010111111011
00001001100100111101111
00001001100101010111111
00001001100101110011111
00001001100110101101111
00001001100110111110101
00001001100111010011111
00001001100111101011011
00001001100111110010111
00001001101000111101111
00001001101001110101111
00001001101001110110111
00001001101001111011101
00001001101010100111111
00001001101010101101111
00001001101010110011111
00001001101010110110111
00001001101011110001111
00001001101011110010111
00001001101101010101111
00001001101101101010111
00001001101101110101101
00001001101110011110101
00001001101110100101111
00001001101110101101011
00001001101110101101101
00001001101110111100011
00001001101111010010111
00001001101111100011101
00001001110000111110111
00001001110000111111011
00001001110001011110111
00001001110001101101111
00001001110001111101101
00001001110010101011111
00001001110010111011011
00001001110011101001111
00001001110011110011101
00001001110011111010101
00001001110100011111011
00001001110101011011011
00001001110101011110011
00001001110101101011101
00001001110101101101101
00001001110101110101101
00001001110110110010111
00001001110111010001111
00001001110111010011101
00001001110111100011011
00001001110111110010011
00001001111000111110101
00001001111001011110101
00001001111001101110101
00001001111001111001101
00001001111001111010101
00001001111010011111001
00001001111010111010011
00001001111011010011101
00001001111011101001101
00001001111100011110101
00001001111100101110101
00001001111100110101101
00001001111100111001101
00001001111110010101011
00001010001010110111111
00001010001011101111011
00001010001101001111111
00001010001101101101111
00001010001110010111111
00001010001110011111011
00001010001110110101111
00001010001111001101111
00001010001111011001111
00001010010010111011111
00001010010110011111011
00001010010111001111011
00001010010111011001111
00001010010111101100111
00001010010111110110011
00001010011001010111111
00001010011001011101111
00001010011001011111011
00001010011001101011111
00001010011001110101111
00001010011010011111101
00001010011010110111011
00001010011011001111101
00001010011011010111011
00001010011011011001111
00001010011100111011101
00001010011101001111011
00001010011110110011101
00001010011111001100111
00001010011111100100111
00001010011111100110101
00001010011111101000111
00001010011111110100011
00001010100010110111111
00001010100100111011111
00001010100100111101111
00001010100101011111011
00001010100101111110011
00001010100110001111111
00001010100110011101111
00001010100110111101011
00001010100110111110101
00001010100111011011011
00001010101100011111011
00001010101101011011011
00001010101101100110111
00001010101101100111011
00001010101101101100111
00001010101101101101101
00001010101110010111011
00001010101110011011011
00001010101110100111011
00001010101110110011011
00001010101111001101101
00001010101111100011011
00001010101111110010011
00001010110000111011111
00001010110001101101111
00001010110001111101101
00001010110010011110111
00001010110010110110111
00001010110010111110101
00001010110011001011111
00001010110011011101011
00001010110101101100111
00001010110110001110111
00001010110110010111011
00001010110110011100111
00001010110110011101101
00001010110110101100111
00001010110110111010011
00001010111000011111011
00001010111000110111011
00001010111000111110011
00001010111001110011011
00001010111010110011011
00001010111011011001101
00001010111100100110111
00001010111101010011011
00001010111101100100111
00001010111101110001011
00001010111110100100111
00001010111110110001101
00001010111111000011011
00001010111111000101011
00001011000010111011111
00001011000011110111011
00001011000101101111011
00001011000110111010111
00001011000111010111011
00001011000111011011011
00001011000111011101011
00001011001000111101111
00001011001001011110111
00001011001010010111111
00001011001010011101111
00001011001010101111011
00001011001010110110111
00001011001011001110111
00001011001011001111101
00001011001011011011101
00001011001011110011101
00001011001100101011111
00001011001100111010111
00001011001101011101011
00001011001101101011101
00001011001101110101101
00001011001101111100011
00001011001110001111101
00001011001110010110111
00001011001110010111011
00001011001110011011101
00001011001110110010111
00001011001111000110111
00001011001111000111011
00001011010001111101011
00001011010010111011101
00001011010011001110111
00001011010011001111011
00001011010101011011011
00001011010110011011011
00001011010110111010011
00001011011001011101011
00001011011001101101011
00001011011010101011011
00001011011011100011101
00001011011100110010111
00001011011101001101011
00001011011101010001111
00001011011101011001011
00001011011101101000111
00001011011101101010011
00001011011110000111011
00001011011110001011101
00001011011111000110011
00001011100001110111011
00001011100010111110011
00001011100011010111011
00001011100100101101111
00001011100101011110011
00001011100101100101111
00001011100101100111011
00001011100101101110011
00001011100110100011111
00001011100110101011011
00001011100110101110011
00001011100111100011011
00001011101000111101011
00001011101001011110011
00001011101011010110011
00001011101100011101011
00001011101100110101011
00001011101100111001011
00001011101101101010011
00001011101110000111011
00001011101110010010111
00001011101110100100111
00001011101110110000111
00001011101111000101011
00001011110001110011011
00001011110100111010011
00001011110101001100111
00001011110101011001011
00001011110101100100111
00001011110110011001011
00001011110110110010011
00001011110111001001011
00001011110111010001011
00001011111000101110011
00001011111001101000111
00001011111001101001011
00001011111001101010011
00001011111010110001011
00001011111011010001011
00001011111100010110011
00001011111101001100011
00001100001101010111111
00001100010010111110111
00001100010011111101011
00001100010100110111111
00001100010101001111111
00001100010101100111111
00001100010101101011111
00001100010101101110111
00001100010101111011011
00001100010110111011011
00001100010111011011011
00001100010111101101011
00001100010111110110011
00001100010111111001011
00001100011000101111111
00001100011010101101111
00001100011111100101011
00001100011111101010011
00001100100011111101011
00001100100101001111111
00001100100101010111111
00001100101001110101111
00001100101001110111011
00001100101001111010111
00001100101001111110011
00001100101010010111111
00001100101010011011111
00001100101011010011111
00001100101011010101111
00001100101011011010111
00001100101011110100111
00001100101101010111011
00001100101111001010111
00001100110010101110111
00001100110011010101111
00001100110100101011111
00001100110101001011111
00001100110101001111011
00001100110101011011011
00001100110101101010111
00001100110110010101111
00001100110110110101011
00001100110111110001011
00001100111010100101111
00001100111011001010111
00001100111011010101011
00001100111101100010111
00001100111101100101011
00001100111110100101011
00001100111111000101011
00001101000100111011111
00001101000101101111011
00001101000110111011011
00001101000111011010111
00001101000111011100111
00001101001100101011111
00001101001110110101011
00001101010001011110111
00001101010001101011111
00001101010001101110111
00001101010010011011111
00001101010010011110111
00001101010010110011111
00001101010010111011011
00001101010011001101111
00001101010011011001111
00001101010100100111111
00001101010100111011011
00001101010101101011011
00001101010101101100111
00001101010101101101011
00001101010110001111011
00001101010110010110111
00001101010110011001111
00001101010110101011011
00001101010110110011011
00001101010111000111011
00001101010111001011011
00001101011000100111111
00001101011001010110111
00001101011011001010111
00001101011101101000111
00001101011110100010111
00001101100010111100111
00001101100101010110111
00001101100101011010111
00001101100101011100111
00001101100110101011011
00001101100111001010111
00001101101000110111011
00001101101010100011111
00001101101010100111011
00001101101010101100111
00001101110011001010111
00001101110011010001111
00001101110101101000111
00001101110110010100111
00001101110110101000111
00001101111011001000111
00001110010010101110111
00001110010100010111111
00001110011001010011111
00001110100011011010111
00001110100100011101111
00001110101001001011111
00001110101001001101111
00001110101001001110111
00001110101100100011111
00001110101101000110111
00001110111000100101111
00001111000100110101111
00010001000111101011111
00010001001101011110111
00010001001101011111101
00010001001101110101111
00010001001101111001111
00010001001111010101111
00010001001111010110111
00010001001111010111101
00010001001111101010111
00010001001111101011011
00010001010101101011111
00010001010111100111101
00010001011001011110111
00010001011001100111111
00010001011010001111111
00010001011010101011111
00010001011010101111101
00010001011011000111111
00010001011011010101111
00010001011011010111101
00010001011011100011111
00010001011011110001111
00010001011011110010111
00010001011110001111011
00010001011110101001111
00010001011110101110011
00010001011110111001011
00010001011111100100111
00010001100010110111111
00010001100011011011111
00010001100100111101111
00010001100101011011111
00010001100101011101111
00010001100101100111111
00010001100101111101011
00010001101001011110111
00010001101001101110111
00010001101011010011111
00010001101011011001111
00010001101011011011011
00010001101011101011011
00010001101100111100111
00010001101101010101111
00010001101101011001111
00010001101101011010111
00010001101101101001111
00010001101101110100111
00010001101101111000111
00010001110010110011111
00010001110011011001111
00010001110110110001111
00010010001011010111111
00010010001101011011111
00010010001101011111011
00010010001110011011111
00010010001110101101111
00010010010011110111101
00010010010110011011111
00010010010110011101111
00010010010110011111011
00010010010110011111101
00010010010110101011111
00010010010110110011111
00010010010111000111111
00010010010111001110111
00010010010111011100111
00010010010111110111001
00010010010111111000111
00010010011000111111101
00010010011010101111011
00010010011010110111101
00010010011011110011101
00010010011011111100011
00010010011100111011101
00010010011101001110111
00010010011101010011111
00010010011101010111011
00010010011101011110011
00010010011101100111101
00010010011110001101111
00010010011110010101111
00010010011110011110101
00010010011110101001111
00010010011110111100011
00010010011111000111011
00010010011111010010111
00010010011111100100111
00010010100010111101111
00010010100100111101111
00010010100101011101111
00010010100101111011101
00010010100110011111101
00010010100110110011111
00010010100110111101011
00010010100110111110011
00010010100111101011101
00010010100111110010111
00010010100111110111001
00010010101001101101111
00010010101011010011111
00010010101011110011011
00010010101011110011101
00010010101100011110111
00010010101101001101111
00010010101101001111101
00010010101110011001111
00010010101110011010111
00010010101110111001011
00010010101110111001101
00010010101111101000111
00010010101111111000101
00010010110001101101111
00010010110001101111101
00010010110001110111011
00010010110001111111001
00010010110010100111111
00010010110011100011111
00010010110011100101111
00010010110011100111101
00010010110011110101011
00010010110011111100011
00010010110011111100101
00010010110100011101111
00010010110101001101111
00010010110101010101111
00010010110101110010111
00010010110111100010111
00010010110111100011101
00010010110111100101011
00010010110111100111001
00010010110111110001011
00010010111000101111101
00010010111000111111001
00010010111010101110011
00010010111010110011101
00010010111011010010111
00010010111011011000111
00010010111011100011011
00010010111011100100111
00010010111011100101101
00010010111011110010011
00010010111011110010101
00010010111100011101011
00010010111100101111001
00010010111100111001101
00010010111101001101011
00010010111101001110101
00010010111101100101011
00010010111101100110101
00010010111110100101011
00010010111110101100011
00010010111111000110101
00010010111111100011001
00010011000100111101111
00010011000100111110111
00010011000101011011111
00010011000101011110111
00010011000101101111101
00010011000110011111011
00010011000111010011111
00010011000111100101111
00010011001001011110111
00010011001010111100111
00010011001011000111111
00010011001011010011111
00010011001011010101111
00010011001101010110111
00010011001101011001111
00010011001101011010111
00010011001101011100111
00010011001101011101011
00010011001101011110011
00010011001101011110101
00010011001111001111001
00010011001111010010111
00010011001111100101101
00010011010001011011111
00010011010001101101111
00010011010001101110111
00010011010001110111101
00010011010001111101011
00010011010010101011111
00010011010010110101111
00010011010010111001111
00010011010011010101111
00010011010011010111101
00010011010011100101111
00010011010011100111011
00010011010011100111101
00010011010011110011101
00010011010011110101011
00010011010011110101101
00010011010011110111001
00010011010100011011111
00010011010100111001111
00010011010100111101011
00010011010101011010111
00010011010101100101111
00010011010101101010111
00010011010101110100111
00010011010101111000111
00010011010101111010011
00010011010110010111101
00010011010110011101011
00010011010110100011111
00010011010110100101111
00010011010110101010111
00010011010110110001111
00010011010111000111101
00010011010111010001111
00010011010111100010111
00010011010111100100111
00010011010111100101011
00010011010111100110101
00010011010111101010011
00010011011000110101111
00010011011000111101101
00010011011001011110011
00010011011010101001111
00010011011010101100111
00010011011010111000111
00010011011011010100111
00010011011011100110101
00010011011011101010011
00010011011011110100101
00010011011100110100111
00010011011100111100101
00010011011101001101011
00010011011101011100011
00010011011110001010111
00010011011110011001011
00010011011110011010101
00010011011110100100111
00010011011110100101101
00010011011110101001101
00010011011110101100011
00010011011110111000101
00010011011111000101011
00010011011111000110101
00010011011111000111001
00010011011111001010011
00010011100010111011011
00010011100010111101101
00010011100100110101111
00010011100111001101101
00010011100111010011011
00010011100111100101101
00010011101001011010111
00010011101001101001111
00010011101001111001101
00010011101001111100101
00010011101010111001101
00010011101010111100101
00010011101011100110101
00010011101101001111001
00010011101101011001011
00010011101101101001101
00010011101110100100111
00010011110001011111001
00010011110001111100101
00010011110010111001101
00010011110010111010011
00010011110011110010101
00010011110011110100101
00010011110100101110101
00010011110100110100111
00010011110100111010011
00010011110100111100101
00010011110101100011101
00010011110101110010011
00010011110110100011101
00010011110110101001101
00010011110110110001101
00010011110110111000101
00010011110111010001011
00010011110111010001101
00010011110111010010011
00010011111001001101011
00010011111001010010111
00010011111001011010011
00010011111001100110101
00010011111001110010101
00010011111001110100101
00010011111010010110101
00010011111010011100101
00010011111010100100111
00010011111010101001011
00010011111010101010011
00010011111011000110101
00010011111011010010011
00010011111100010100111
00010011111100011001011
00010011111100100100111
00010011111100101100101
00010011111101001100011
00010100010101001111111
00010100010101101111011
00010100010110101101111
00010100010111001110111
00010100010111101010111
00010100010111101101011
00010100010111101110011
00010100011000101111111
00010100011001101011111
00010100011001110110111
00010100011010110011111
00010100011011100110111
00010100011011110010111
00010100011100010111111
00010100011100100111111
00010100011100110011111
00010100011101101001111
00010100100101010111111
00010100100101011110111
00010100100101011111101
00010100100110001111111
00010100100110011111101
00010100100110101111011
00010100100110111101011
00010100100111001101111
00010100100111001111101
00010100100111011001111
00010100100111111001011
00010100101001001111111
00010100101001110111101
00010100101001111110011
00010100101010110011111
00010100101011001101111
00010100101011111100101
00010100101100011011111
00010100101101010111011
00010100101101010111101
00010100101101100110111
00010100101101110011101
00010100101110110001111
00010100101110110010111
00010100101111001101101
00010100101111011001101
00010100101111100011011
00010100101111110001011
00010100110001011111011
00010100110001101101111
00010100110001111110011
00010100110010100111111
00010100110010111100111
00010100110011100011111
00010100110011100111101
00010100110011101001111
00010100110011110100111
00010100110011111100101
00010100110100011101111
00010100110100110111011
00010100110100111110011
00010100110101000111111
00010100110101001111101
00010100110101010111101
00010100110101011011101
00010100110110001101111
00010100110110001111011
00010100110110010101111
00010100110110011100111
00010100110110011101101
00010100110110011110101
00010100110111100100111
00010100110111101001011
00010100110111110001011
00010100111000101111011
00010100111001001111011
00010100111001001111101
00010100111001010111011
00010100111001011110011
00010100111001110011011
00010100111001111100101
00010100111010100111101
00010100111010110010111
00010100111010110011101
00010100111011000111101
00010100111011001001111
00010100111011001101101
00010100111011100011011
00010100111011100011101
00010100111011101000111
00010100111011101001011
00010100111100100111011
00010100111100101110011
00010100111100110011011
00010100111101000111011
00010100111101001110101
00010100111101010011101
00010100111101100011011
00010100111101110001011
00010100111101110100011
00010100111110100100111
00010100111110110010101
00010100111111000110101
00010101000101111100111
00010101000110110110111
00010101001001100111111
00010101001001101011111
00010101001001101110111
00010101001001111100111
00010101001001111110011
00010101001011001111011
00010101001011011001111
00010101001011011110011
00010101001011111001101
00010101001100101101111
00010101001100111100111
00010101001101011001111
00010101001101011101101
00010101001101101100111
00010101001101101110011
00010101001101111100011
00010101001110001111101
00010101001110011011011
00010101001110011101101
00010101001111001011011
00010101001111011010011
00010101001111101010011
00010101010001101101111
00010101010010110011111
00010101010011111010011
00010101011000111101101
00010101011001001111011
00010101011100100101111
00010101011110110001101
00010101011111001010011
00010101100010110111101
00010101100011011011101
00010101100011110101101
00010101100100111010111
00010101100100111100111
00010101100100111110011
00010101100110110100111
00010101100111001011101
00010101101000110110111
00010101101000111100111
00010101101000111110011
00010101101001101100111
00010101101010010011111
00010101101010011001111
00010101101100101001111
00010101101101110100011
00010101101110001101101
00010101101110010010111
00010101101110011001101
00010101101110100100111
00010101101111010001011
00010101110001101101101
00010101110010110011101
00010101110111001001011
00010101111001010011011
00010101111010100100111
00010101111011000101101
00010110001100111011101
00010110001101001101111
00010110001101010011111
00010110001101011011101
00010110001101100111101
00010110001101101011101
00010110001110010111101
00010110001110101101101
00010110001111010100111
00010110010010111100111
00010110010011100111011
00010110010100101011111
00010110010100111001111
00010110010101001110111
00010110010111101010011
00010110010111110100011
00010110011001010111101
00010110011011010100111
00010110011100100101111
00010110011100101011101
00010110011101010010111
00010110011101010011011
00010110011111010010011
00010110100010111100111
00010110100011000111111
00010110100100111010111
00010110100100111110011
00010110100101011101011
00010110100110001011111
00010110100110001110111
00010110100110011010111
00010110100110011011101
00010110100110011101011
00010110100110100111011
00010110100110101110011
00010110100110111100011
00010110100111000111011
00010110100111001101101
00010110100111011100011
00010110101001101100111
00010110101001110011101
00010110101101001100111
00010110110001101101101
00010110110001110011101
00010110110010100111101
00010110110011000111101
00010110110100110011101
00010110110100110110011
00010110110110101010011
00010110111001100011101
00010110111001110010011
00010110111010001110011
00010110111010110010011
00010111000110100111011
00010111001001010110111
00010111001001011100111
00010111001010011110011
00010111001100101001111
00010111001110010010111
00010111010010100111011
00010111010010100111101
00010111010011011100011
00010111010011100011011
00010111010011101010011
00010111010100111001011
00010111011001010010111
00010111011001010100111
00010111011011001010011
00010111011011010010011
00010111011100100100111
00010111011100100101011
00010111100100100111011
00010111100110010010111
00010111100110100101011
00010111101010011010011
00010111101100100100111
00010111101100101001011
00010111101101001100011
00010111110001101010011
00010111110100011001011
00010111110100101010011
00010111111010010010011
00011001001010110110111
00011001001101010101111
00011001001110010101111
00011001001111010101011
00011001010010011011111
00011001010010101011111
00011001010010111011011
00011001010011101010111
00011001010011101011011
00011001010011111001011
00011001010100101110111
00011001010100110110111
00011001010101001011111
00011001010101101001111
00011001010101110100111
00011001100100101011111
00011001101001010011111
00011001101101001010111
00011001101110101001011
00011001110100101011011
00011010010101010111011
00011010010101100110111
00011010011001010111011
00011010011011001010111
00011010100100101101111
00011010100100110011111
00011010100100111010111
00011010100100111100111
00011010100100111101011
00011010100101100101111
00011010101001100101111
00011010101100100110111
00011010111001001010111
00011010111001010011011
00011010111010100100111
00011011001101001010111
00011011010100101100111
00011011010101100100111
00011011011001001010111
00011011100100101010111
00011011101010100100111
00011100100100101011111
00011100100101001101111
00011100100101001110111
00011100100101011010111
00011100100101011100111
00011100100110101001111
00011100101001001110111
00011100110010010101111
00011101001001010110111
00011101001001101010111
00011101001100101001111
00011101010010010011111
00011101010010011010111
00011101010100100110111
00011101100100101001111
