00001101111111110111111111101111111111011111
00001110111101111011111110111111111111111111
00001110111111111011111110111111110111111111
00001111011101111111101111111101111111111111
00001111011101111111111110111101111111111111
00001111011110111101110111111111111111111111
00001111011111111101110111111111111011111111
00001111011111111111101111111101110111111111
00001111011111111111111110111101110111111111
00001111101110111111111011110111111111111111
00001111101110111111111111011110111111111111
00001111101111011111111101110111111111111111
00001111101111111111111111011110111011111111
00001111110111011110111110111111111111111111
00010101111111111011111101111111111101111111
00010110111110111111111011111110111111111111
00010110111111110111111111101111111111011111
00010111101011111111111111011111011111111111
00010111101111111111111011111011111011111111
00010111110111101111110111111011111111111111
00010111110111111111101111111111011111101111
00010111110111111111111111011110101111111111
00010111111011111011110111111111111101111111
00010111111101110111111111011111111111101111
00010111111101111011111111011111111111011111
00010111111110111101111011111111111111011111
00010111111111001111011111111111111110111111
00010111111111110111111111011110111110111111
00010111111111111101111011111111111011011111
00011001111111011011111101111111111111111111
00011001111111011111111111101111110111111111
00011001111111111011111101111111111101111111
00011010111111101111111101111111101111111111
00011011011111111111101011111111111011111111
00011011011111111111111011111111001111111111
00011011101111101111111111011111111110111111
00011011101111110111110111111111110111111111
00011011101111111111101111111110111111011111
00011011110111111111101111111111011111101111
00011011111011111010111101111111111111111111
00011011111011111101110111111101111111111111
00011011111011111101111110111111101111111111
00011011111011111110111111011111101111111111
00011011111100111111101111101111111111111111
00011011111101111101111111001111111111111111
00011011111101111111110111111101111101111111
00011011111101111111110111111110111111011111
00011011111110111110110111111011111111111111
00011011111110111111110111111101111111101111
00011011111110111111111101111101111111101111
00011011111111011011111111101111111111011111
00011011111111101101111111101111111111011111
00011011111111101101111111111111111110011111
00011011111111101111111111101011111111011111
00011011111111110011111011111111111101111111
00011011111111110111111110110111111111011111
00011011111111110111111111011011111111011111
00011011111111110111111111101111111101101111
00011011111111110111111111101111111110110111
00011011111111111111101111101111110011111111
00011011111111111111110111111101101111110111
00011100111111111111111101111111011011111111
00011101101111111110111111111100111111111111
00011101110110111111111101111011111111111111
00011101111011011111101111110111111111111111
00011101111110111101101111111111111011111111
00011101111110111111111110110111111101111111
00011101111110111111111111101101111011111111
00011101111111011011111101011111111111111111
00011101111111011011111101111111101111111111
00011101111111011011111101111111111101111111
00011101111111011111111110110111111011111111
00011101111111101111110110111111101111111111
00011101111111111011111101111111101101111111
00011101111111111110111101111111111011011111
00011101111111111111010111111111110110111111
00011101111111111111101111110111101101111111
00011110011011111111111111111011011111111111
00011110101011111111111111111011011111111111
00011110110111011111111110111011111111111111
00011110110111111101110111111111011111111111
00011110110111111110111011111101111111111111
00011110110111111111101111111011101111111111
00011110110111111111111101111011101111111111
00011110110111111111111111111001101111111111
00011110110111111111111111111010101111111111
00011110111011011111101111111011111111111111
00011110111011011111110111101111111111111111
00011110111011101111111101101111111111111111
00011110111011110110111101111111111111111111
00011110111011111111101111111011011111111111
00011110111011111111111101111011011111111111
00011110111111011101101111111111111101111111
00011110111111101110110111111111111011111111
00011110111111111111011101111111011011111111
00011110111111111111101111111011101101111111
00011110111111111111111110111011011101111111
00011111001101111111111110111101111111111111
00011111011001111111111110111101111111111111
00011111011011101111110111101111111111111111
00011111011011111111111011101111011111111111
00011111011101101110111101111111111111111111
00011111011110111011111101101111111111111111
00011111011111111111111110111100110111111111
00011111011111111111111110111101100111111111
00011111101101110111110111101111111111111111
00011111101110110110111101111111111111111111
00011111101111011011011101111111111111111111
00011111110110111010111101111111111111111111
00011111110111101101100111111111111111111111
00011111111011101101101011111111111111111111
00011111111101110110111100111111111111111111
00100101111111111110111111011111111101111111
00100101111111111111111011111111011110111111
00100110111101111111110111111110111111111111
00100110111111111111111111011110111101111111
00100111011111110111111111101111111111011111
00100111101111110111111111011111101111111111
00100111110111101111111011110111111111111111
00100111110111111011110111111111111110111111
00100111110111111111111110111110111101111111
00100111111011110111110111111110111111111111
00101010111110111111110111111111101111111111
00101010111111111011111011111111111101111111
00101011101111101111110111111111101111111111
00101011110111110111110111111111111101111111
00101011111011011111111011111101111111111111
00101011111011101111110111111110111111111111
00101011111011111101111101111111101111111111
00101011111011111111011111011111101111111111
00101011111011111111110111111011111011111111
00101011111011111111110111111110111110111111
00101011111110111011111011111111111111011111
00101011111110111111111111100111111111011111
00101011111111001111100111111111111111111111
00101011111111011111110111111011111011111111
00101011111111011111110111111111011111011111
00101011111111011111111011111111011111101111
00101011111111101111100111111111111101111111
00101011111111101111111011110111111111011111
00101011111111111011111111101101111111011111
00101011111111111111010111111110111110111111
00101011111111111111110111111011111001111111
00101011111111111111110111111110111110111101
00101011111111111111111011110111110110111111
00101011111111111111111011111101101101111111
00101011111111111111111111100111110011111111
00101100111111111111011111111011111111101111
00101101110111101111111011011111111111111111
00101101110111101111111111011111111110111111
00101101110111111110110111111101111111111111
00101101110111111110111110111111101111111111
00101101111011101111101111110111111111111111
00101101111011110111111011111111111111111011
00101101111011111101110111111110111111111111
00101101111011111111111110111011111111011111
00101101111101110111111011111111111111111101
00101101111110111011100111111111111111111111
00101101111110111111111101110111111101111111
00101101111111011111111101110111111011111111
00101101111111101111111011101111110111111111
00101101111111101111111011111111110111111011
00101101111111110111011111111111111111001111
00101101111111110111111011111111101111111011
00101101111111111111101111110111101110111111
00101101111111111111110101111111101110111111
00101101111111111111111001111110111011111111
00101110011111110111111011111111101111111111
00101110011111111101111011111111011111111111
00101110011111111111011111111011110111111111
00101110011111111111110111111110110111111111
00101110101111111011110111111111101111111111
00101110101111111111101111111011110111111111
00101110110111111101111011111111011111111111
00101110110111111111101111111111011110111111
00101110111010111111110111101111111111111111
00101110111011110111111110110111111111111111
00101110111011111011110111111111111011111111
00101110111011111101111011111111011111111111
00101110111101101111111110110111111111111111
00101110111101111011110110111111111111111111
00101110111101111011111110111101111111111111
00101110111101111011111110111111111111110111
00101110111101111111011011111101111111111111
00101110111101111111011111111001111111111111
00101110111101111111101111111010111111111111
00101110111101111111110111111100111111111111
00101110111101111111111101111011111110111111
00101110111111011110111101111111111101111111
00101110111111011111110111101111111011111111
00101110111111011111111111011110111101111111
00101110111111101011111111011111111111101111
00101110111111101111011110111111111101111111
00101110111111101111111101111011110111111111
00101110111111110111111110111111110111101111
00101110111111111010111111111101111111101111
00101110111111111011110110111111110111111111
00101110111111111101111011111111011110111111
00101110111111111101111110111111110111101111
00101110111111111110011111111111110111111101
00101110111111111111110111011110110111111111
00101110111111111111110111101111101011111111
00101110111111111111110111101111111001111111
00101110111111111111111011110111101101111111
00101110111111111111111011111111001111110111
00101111001101111111110111111011111111111111
00101111001111111110111011111111111111110111
00101111001111111111011111111110111011111111
00101111010111011111111110011111111111111111
00101111010111011111111111011101111111111111
00101111010111111111111011111011111111110111
00101111010111111111111111111001111111111011
00101111011001111111111101111101111111111111
00101111011011011111111011101111111111111111
00101111011101110111110111101111111111111111
00101111011101111101111011111110111111111111
00101111011101111101111110111110111111111111
00101111011101111111111011111011111111111101
00101111011101111111111101111101111110111111
00101111011101111111111110111011111111101111
00101111011110111010111011111111111111111111
00101111011110111101110101111111111111111111
00101111011110111111111111111011101011111111
00101111011111011110111011111111111011111111
00101111011111011111101111111101111111110111
00101111011111011111111110111011111011111111
00101111011111101110111110111111111111011111
00101111011111101111101110111111111101111111
00101111011111101111111101111101110111111111
00101111011111101111111110111111111111011011
00101111011111111011101011111111101111111111
00101111011111111011111110111111110111110111
00101111011111111100111111111111011111111011
00101111011111111101110101111111111011111111
00101111011111111101110111111111110111011111
00101111011111111101111110111111011111111011
00101111011111111110110111110111011111111111
00101111011111111110111111111101111111100111
00101111011111111111011011111011101111111111
00101111011111111111101111111101111101110111
00101111011111111111111011101111101101111111
00101111011111111111111101111101100111111111
00101111011111111111111110111110110111110111
00101111011111111111111111011101011101111111
00101111100111011111111110011111111111111111
00101111100111111111111111110111001111111111
00101111101011101111110111101111111111111111
00101111101011111110111011111111111111110111
00101111101101111111111110111101111111110111
00101111101110110111110111101111111111111111
00101111101110111111110111101111111111011111
00101111101110111111111101011110111111111111
00101111101111011101111110111111111011111111
00101111101111011101111110111111111110111111
00101111101111101110010111111111111111111111
00101111101111101110110111111111111111111101
00101111101111101111111110011111111111110111
00101111101111110111001111111110111111111111
00101111101111110111011111111101111111111101
00101111101111111100111111111111101111110111
00101111101111111101111011111101110111111111
00101111101111111101111011111111110111111011
00101111101111111101111110111101110111111111
00101111101111111110011101111110111111111111
00101111101111111111101111111110111101110111
00101111101111111111110111101111101110111111
00101111101111111111110111111001110111111111
00101111101111111111110111111011101111101111
00101111101111111111111101011110111011111111
00101111101111111111111110011111111110110111
00101111101111111111111111011110101111111011
00101111101111111111111111101110010111111111
00101111110011111111111011111011111111110111
00101111110111001111011111111111111101111111
00101111110111010111110111101111111111111111
00101111110111011110110111111111111111101111
00101111110111011110111110111111111110111111
00101111110111011111111011101111111111101111
00101111110111011111111111111101111001111111
00101111110111101111110111011111111111101111
00101111110111101111111011111011111111110111
00101111110111110111101110111111101111111111
00101111110111111101110111111111110111110111
00101111110111111101111011111011101111111111
00101111110111111101111110111101111111111011
00101111110111111111101110111111101111011111
00101111110111111111101111111111011111010111
00101111110111111111111011110111111111100111
00101111110111111111111011111011011111110111
00101111110111111111111100111111111101111011
00101111110111111111111101110111011111101111
00101111110111111111111110110111101111111011
00101111110111111111111111011101011110111111
00101111111001111110111101111111111111111011
00101111111010101111110111111111111111101111
00101111111010111011110111111111111110111111
00101111111011010111111011111111111111111011
00101111111011011101111011111111111111101111
00101111111011011110111011111111111111011111
00101111111011011111111011111111111111100111
00101111111011100111011111111111111111011111
00101111111011101011110111111111111011111111
00101111111011101101111101111111111111110111
00101111111011110111011011111111111111111011
00101111111011110111011111011111101111111111
00101111111011110111111011111111111111011011
00101111111011110111111111011111111111010111
00101111111011111001110111111111111011111111
00101111111011111011110111111111111011110111
00101111111011111101111101110111101111111111
00101111111011111110111001111111111111011111
00101111111011111111110111011110111111011111
00101111111011111111110111110110111111110111
00101111111011111111111011011101111111101111
00101111111011111111111011110111111111011011
00101111111011111111111110101111011111111011
00101111111101110011111111111111111110011111
00101111111101110101111011011111111111111111
00101111111101110101111011111111111110111111
00101111111101110101111111011111111111110111
00101111111101110111110111111101111111110111
00101111111101110111111011011111111111101111
00101111111101111001110110111111111111111111
00101111111101111011111111011111110111111011
00101111111101111101110111111111011111110111
00101111111101111101111110111011111111101111
00101111111101111110011111111111110111110111
00101111111101111111011111111011110111111011
00101111111101111111110110111011111111101111
00101111111101111111110110111111111111100111
00101111111101111111110111101110111110111111
00101111111101111111111011110111111110111011
00101111111101111111111011111110111111110011
00101111111101111111111111001111110111110111
00101111111110011101011111111111111101111111
00101111111110011101110111111111111111011111
00101111111110110111110111111111111101110111
00101111111110111011100111110111111111111111
00101111111110111011110101111111111111101111
00101111111110111011111101011111111111101111
00101111111110111011111101111111111101101111
00101111111110111011111101111111111111001111
00101111111110111101110111111111111101011111
00101111111110111110111011111101111111101111
00101111111110111111101111110111111011101111
00101111111110111111101111111011111011110111
00101111111110111111110101111101111111110111
00101111111110111111110111111011101111101111
00101111111110111111111011101111111111001111
00101111111110111111111110111001111101111111
00101111111110111111111110111110111101110111
00101111111111011011111101111111111011101111
00101111111111011111011101111011111101111111
00101111111111011111011110111011111110111111
00101111111111011111011111111111011100111111
00101111111111011111011111111111111001110111
00101111111111011111101111011101111101111111
00101111111111011111111110111110111110110111
00101111111111011111111110111111011110111011
00101111111111101101111011111111110111011111
00101111111111101110111101111101111110111111
00101111111111101110111110111101111111011111
00101111111111101111101111110111011110111111
00101111111111101111101111110111101110111111
00101111111111101111111011100111111111011111
00101111111111101111111110111101111111011011
00101111111111101111111110111111011101111011
00101111111111110011111101111111111011101111
00101111111111110101111111111111101110011111
00101111111111110111011110011111101111111111
00101111111111110111011111111111101110011111
00101111111111110111101011101111111011111111
00101111111111110111111011111111101101111011
00101111111111110111111011111111101111011011
00101111111111111011110101111111111011101111
00101111111111111011110110111111110111110111
00101111111111111011110111011111011110111111
00101111111111111011110111011111110111111011
00101111111111111011111101011111111011101111
00101111111111111011111110111011110111011111
00101111111111111011111110111011110111110111
00101111111111111011111110111111110011110111
00101111111111111101110110111111110111101111
00101111111111111101111011110111011111101111
00101111111111111101111101111111101110110111
00101111111111111101111110111101110111101111
00101111111111111101111110111111110011101111
00101111111111111101111111011111110111010111
00101111111111111110110111111111011101101111
00101111111111111110111011111010111101111111
00101111111111111110111011111010111111110111
00101111111111111110111011111101111001111111
00101111111111111110111011111110110111110111
00101111111111111110111011111111101101011111
00101111111111111110111101111111100111111011
00101111111111111111010111011011110111111111
00101111111111111111010111111011101111101111
00101111111111111111010111111111101110011111
00101111111111111111110101111101111011110111
00101111111111111111110110111011110111101111
00101111111111111111110111101011101011111111
00101111111111111111110111101101110111011111
00101111111111111111110111101110101110111111
00101111111111111111110111101110110110111111
00101111111111111111110111101111011101011111
00101111111111111111111011010111011110111111
00101111111111111111111011011101101111101111
00101111111111111111111011110011101101111111
00101111111111111111111011110111101111011011
00110011111010111111011111101111111111111111
00110011111010111111111111101011111111111111
00110011111011111111010111111111111101111111
00110011111101011111010111111111111111111111
00110011111101011111011111101111111111111111
00110011111101011111111011111011111111111111
00110011111101111111111111101011111011111111
00110011111111010111110111111011111111111111
00110011111111101011111001111111111111111111
00110101011111111111111011111111010111111111
00110101101111110111111111011111111111101111
00110101110111011111101111011111111111111111
00110101110111011111111111011111101111111111
00110101110111111111010111111111111110111111
00110101111010111111110111111101111111111111
00110101111011011111111011111101111111111111
00110101111011111101111111011111111111101111
00110101111011111110011011111111111111111111
00110101111011111110110111111110111111111111
00110101111101011111111011111101111111111111
00110101111101111110101111111111110111111111
00110101111101111110110111111111111101111111
00110101111101111111111110101111110111111111
00110101111101111111111111010111111011111111
00110101111110011111110111111111101111111111
00110101111110101111111011111111111111101111
00110101111110111111101111011111110111111111
00110101111110111111101111111111011011111111
00110101111110111111110011111111111110111111
00110101111110111111111111010111110111111111
00110101111110111111111111011011111111110111
00110101111110111111111111011101110111111111
00110101111110111111111111011111100111111111
00110101111111010111111011111111110111111111
00110101111111011011101111011111111111111111
00110101111111011111101011111111011111111111
00110101111111011111111011111101101111111111
00110101111111011111111110011111111111111011
00110101111111101111011111101111111110111111
00110101111111101111011111110111111111011111
00110101111111101111011111111111111110011111
00110101111111101111110011111111111011111111
00110101111111101111110111110111111111110111
00110101111111101111111010111111011111111111
00110101111111101111111110111111011110111111
00110101111111110101111111110111111110111111
00110101111111110111111011101111111101111111
00110101111111110111111011111111110101111111
00110101111111111011111011111111111010111111
00110101111111111011111111011011111101111111
00110101111111111011111111011101111111011111
00110101111111111011111111011111101111110111
00110101111111111101101111110111111110111111
00110101111111111101110111110111111110111111
00110101111111111101111111110011111110111111
00110101111111111110111111110111101111110111
00110101111111111111011011111111101111111011
00110101111111111111101111011111111100111111
00110101111111111111111011111101110101111111
00110110101111011111111110111111111101111111
00110110101111111011111011111111101111111111
00110110101111111111010111111111110111111111
00110110101111111111100111111111011111111111
00110110101111111111110110111111110111111111
00110110101111111111110111110111110111111111
00110110101111111111110111111011110111111111
00110110101111111111111001111111111011111111
00110110101111111111111011111110101111111111
00110110101111111111111011111111101101111111
00110110101111111111111011111111101111110111
00110110110111101111111111111101011111111111
00110110110111111111111111111101011110111111
00110110111101011111111011101111111111111111
00110110111101111111010111111110111111111111
00110110111101111111101011111111111111011111
00110110111101111111110111111010111111111111
00110110111110111101111111010111111111111111
00110110111111010111111011111111111111110111
00110110111111101011111110111111111111101111
00110110111111111101111011111111111101011111
00110110111111111101111111111010111111101111
00110110111111111110111111111010111111110111
00110110111111111111111011111110101101111111
00110110111111111111111011111110101111101111
00110110111111111111111011111110101111110111
00110111010111101111111111101111011111111111
00110111010111101111111111111111001111111111
00110111011010111111111101111101111111111111
00110111011010111111111111101111101111111111
00110111011110111110101111111111111011111111
00110111011110111111111111010111110111111111
00110111011111010111111110111101111111111111
00110111011111011110101111111111111101111111
00110111011111101011111111101111111111101111
00110111011111111111110111110111101011111111
00110111011111111111111011110111010111111111
00110111011111111111111011110111110101111111
00110111011111111111111011111111010111110111
00110111011111111111111101111101101011111111
00110111011111111111111110111101111101011111
00110111100111111111111111011110101111111111
00110111101011011111111111101111101111111111
00110111101011110111110111111111111101111111
00110111101011111011111011111011111111111111
00110111101011111011111111111101101111111111
00110111101011111110111110111110111111111111
00110111101011111111101111011111111111101111
00110111101011111111111011111010111111111111
00110111101011111111111011111011111101111111
00110111101011111111111011111011111111110111
00110111101011111111111110011111011111111111
00110111101011111111111110011111111111011111
00110111101011111111111111011110011111111111
00110111101111010111110111111111101111111111
00110111101111101111010111111111011111111111
00110111101111101111110110101111111111111111
00110111101111101111111111010111111111011111
00110111101111110111110111111111110101111111
00110111101111110111111111010111111111101111
00110111101111111110101111111110111110111111
00110111101111111111010111111111111101011111
00110111101111111111011011111111111101011111
00110111101111111111110110111111111101011111
00110111101111111111111101011111111110011111
00110111110011111111111111111101011110111111
00110111110101111011111011111101111111111111
00110111110101111011111110011111111111111111
00110111110101111101111011111111111111011111
00110111110101111101111110111111111111110111
00110111110101111111101111011111111111111011
00110111110101111111111011110101111111111111
00110111110101111111111011111101111111101111
00110111110101111111111011111101111111110111
00110111110110111111111011111111111110101111
00110111110111101011110110111111111111111111
00110111110111101011111011111111111011111111
00110111110111101011111111111111111100111111
00110111110111101011111111111111111101101111
00110111110111101111010111110111111111111111
00110111110111101111111011111101011111111111
00110111110111110101101011111111111111111111
00110111110111110101111011111111110111111111
00110111110111111010110111111101111111111111
00110111110111111101011111111111101111110111
00110111110111111110111111101111010111111111
00110111110111111111110101111011111110111111
00110111110111111111111010110111111110111111
00110111110111111111111011111101011110111111
00110111110111111111111110011110101111111111
00110111110111111111111110011111111110101111
00110111110111111111111110111101011110111111
00110111111001111011111101011111111111111111
00110111111001111111111101011111111111101111
00110111111010111110111101111111111111111011
00110111111010111111101111001111111111111111
00110111111011111010110111111110111111111111
00110111111011111010111101111111101111111111
00110111111011111011111111010111111111110111
00110111111011111111011110101111101111111111
00110111111011111111110101111111111101101111
00110111111011111111111011110101111101111111
00110111111011111111111011111010111101111111
00110111111011111111111011111010111111101111
00110111111011111111111011111010111111110111
00110111111011111111111111101101101011111111
00110111111011111111111111101110101101111111
00110111111100111101011111111111111011111111
00110111111101010111111111111111111111001111
00110111111101011011111011111111111111011111
00110111111101011011111011111111111111111011
00110111111101011110110111110111111111111111
00110111111101011110111011111111111111101111
00110111111101011111111011110111111111011111
00110111111101011111111011111111111111001111
00110111111101011111111011111111111111010111
00110111111101111010111110111111110111111111
00110111111101111110101111111111110111110111
00110111111101111111101111101011110111111111
00110111111101111111111010111111111111001111
00110111111101111111111110101111110111110111
00110111111110101111011111111111111110011111
00110111111110101111110011110111111111111111
00110111111110101111110011111111111111101111
00110111111110101111111011111101111111101111
00110111111110101111111011111111011111101111
00110111111110110101111001111111111111111111
00110111111110110101111101111111111111011111
00110111111110110101111111111111111110011111
00110111111110110111101011101111111111111111
00110111111110110111111111101111111111010111
00110111111110110111111111111111110111010111
00110111111110111110111111111111101011110111
00110111111110111111101111010111110111111111
00110111111110111111110011111111111110101111
00110111111110111111111001111010111111111111
00110111111110111111111011110111111110101111
00110111111110111111111011111101111110101111
00110111111110111111111111010111100111111111
00110111111111001111111111111111011110101111
00110111111111010111100110111111111111111111
00110111111111010111111011111011111111110111
00110111111111010111111011111111110111110111
00110111111111011010111110011111111111111111
00110111111111011011111111111111011110101111
00110111111111011110101111111101111101111111
00110111111111011111110111110111101011111111
00110111111111011111110111111110101111011111
00110111111111101011110011111111111011111111
00110111111111101011111011110111111011111111
00110111111111101011111011111101111011111111
00110111111111101111101111010111111101111111
00110111111111101111110111101011111011111111
00110111111111110101101111111011111111011111
00110111111111110101111001111111111011111111
00110111111111110101111101111011111111011111
00110111111111110101111110111111101111011111
00110111111111110111100111111111111010111111
00110111111111110111101011101111111011111111
00110111111111110111111011110111110101111111
00110111111111110111111011111111010111110111
00110111111111110111111011111111110101110111
00110111111111110111111101101011111111011111
00110111111111110111111110011110101111111111
00110111111111110111111110101101111111011111
00110111111111110111111111010110111110111111
00110111111111111001111111111011111110101111
00110111111111111001111111111011111111010111
00110111111111111010111111101111110111101111
00110111111111111011110011111111111010111111
00110111111111111011111011111101111010111111
00110111111111111011111011111111011010111111
00110111111111111101111011111011111101011111
00110111111111111101111011111111110101011111
00110111111111111101111110111111010111110111
00110111111111111101111111010111101111101111
00110111111111111110110111111101011111101111
00110111111111111111010111111110011110111111
00110111111111111111011011111110111101011111
00110111111111111111101111010111110101111111
00110111111111111111101111011011101011111111
00110111111111111111101111011101011111011111
00110111111111111111110011110111111010111111
00110111111111111111110110111110101111011111
00110111111111111111110110111111011110101111
00110111111111111111111011110101101101111111
00110111111111111111111011110101110101111111
00111001111110110111111110101111111111111111
00111001111111010111111011011111111111111111
00111010101111111011011011111111111111111111
00111010101111111110110111111111101111111111
00111010101111111111101111111110110111111111
00111010110111111101111011111101111111111111
00111010110111111101111111111001111111111111
00111010110111111111101111111111011101111111
00111010111011101111111101101111111111111111
00111010111011111110110111111111111011111111
00111010111011111111011011111111111110111111
00111010111101101111110111111110111111111111
00111010111101101111111011111111011111111111
00111010111101111111111111011011111101111111
00111010111101111111111111101111011011111111
00111010111110110111111111001111111111111111
00111010111110111111111111111101101011111111
00111010111111011011110110111111111111111111
00111010111111011111111011011111110111111111
00111010111111011111111101111111101101111111
00111010111111011111111111011011110111111111
00111010111111101111110111111110110111111111
00111010111111101111111101101111111111110111
00111010111111110110111101111011111111111111
00111010111111110111111101101111111110111111
00111010111111111011110110111111111101111111
00111010111111111101111111101101111011111111
00111010111111111110111111111011011111110111
00111010111111111111110110111111101011111111
00111010111111111111111101101111111001111111
00111011010111101111101111101111111111111111
00111011010111101111111111011111011111111111
00111011010111111111111011111011111111110111
00111011011011011111111111111101011111111111
00111011011011111111110101111111111111110111
00111011011011111111111010111111111101111111
00111011011101011111111101101111111111111111
00111011011101111111111111110101111111101111
00111011011110111111110101111111111111101111
00111011011110111111111111110101111111101111
00111011011111011111110101111111110111111111
00111011011111011111111010111111101111111111
00111011011111101011111111011111111111101111
00111011011111110111111110101111111111101111
00111011011111111010111011111111111111101111
00111011011111111010111101111111111111101111
00111011011111111010111111111011111111101111
00111011011111111011111111110101110111111111
00111011011111111101110101111111101111111111
00111011011111111101111111110101111111101111
00111011011111111111010111111111111011011111
00111011011111111111101111111101011111101111
00111011011111111111111111101011111011110111
00111011011111111111111111101011111111001111
00111011101011011111111111011111101111111111
00111011101011110111111111110110111111111111
00111011101011111101111111111101101111111111
00111011101011111111110110111111111110111111
00111011101101111101111111111111010111111111
00111011101101111111110101111111111111011111
00111011101101111111111111111010111011111111
00111011101111111111111111110110101111011111
00111011110101101111111011111011111111111111
00111011110101111101111111111110110111111111
00111011110111011011111010111111111111111111
00111011110111111111110110111111111101011111
00111011111010111110110111111011111111111111
00111011111010111111011011101111111111111111
00111011111010111111011101101111111111111111
00111011111010111111110110111011111111111111
00111011111011111110110111111010111111111111
00111011111011111110110111111111111010111111
00111011111101011101111111111111110110111111
00111011111101011111011011111111111111101111
00111011111101011111101111111111111101101111
00111011111101101011111011111111111101111111
00111011111101101101111111111111110101111111
00111011111101111111010111110110111111111111
00111011111101111111010111111111111011011111
00111011111101111111111111110110110101111111
00111011111110101011111111111111111011011111
00111011111110101101110111111111111111011111
00111011111110101110110111111111101111111111
00111011111110110111010111111111110111111111
00111011111110111110110101111011111111111111
00111011111110111111010111111111111011011111
00111011111110111111101011111111111011011111
00111011111111010111110110111111011111111111
00111011111111010111110111011011111111111111
00111011111111010111111111111111011101101111
00111011111111101101111111110111111110101111
00111011111111101111110110111110101111111111
00111011111111110101111111011111111011011111
00111011111111110110111111011111111101011111
00111011111111110110111111110111111101011111
00111011111111110111110101111110110111111111
00111011111111111011010111110111111011111111
00111011111111111011111010111111111011011111
00111011111111111101111101101111010111111111
00111011111111111111010111011111101101111111
00111011111111111111011011101111101011111111
00111011111111111111011101101111101011111111
00111011111111111111101111101101011110111111
00111011111111111111110111011011111010111111
00111011111111111111110111011011111101011111
00111011111111111111111010110111111110011111
00111011111111111111111101101011111001111111
00111011111111111111111101101011111010111111
00111011111111111111111101101011111110011111
00111011111111111111111101101110101111101111
00111101010101111111111011011111111111111111
00111101010110111111111101111111111011111111
00111101010111111101111111111011011111111111
00111101010111111110110110111111111111111111
00111101010111111110110111111111111111101111
00111101010111111111011011111111110111111111
00111101010111111111111101111111011011111111
00111101011011101111111101111111101111111111
00111101011011101111111111100111111111111111
00111101011011101111111111111110101111111111
00111101011011111111011111111011101111111111
00111101011011111111111011111111011101111111
00111101011101111011111111101101111111111111
00111101011101111111111011011111111101111111
00111101011110111011111111101101111111111111
00111101011111101110110111111111011111111111
00111101011111111011011101111101111111111111
00111101011111111110111111110110111011111111
00111101011111111111011101111101101111111111
00111101011111111111111111101101110111101111
00111101101011111101110111111101111111111111
00111101101011111111111101110111111111011111
00111101101011111111111111101110111111011111
00111101101011111111111111111101101110111111
00111101101110111110111111110101111111111111
00111101101111110101010111111111111111111111
00111101101111110111111111101110101111111111
00111101101111111111101011101111110111111111
00111101101111111111111011111101010111111111
00111101110101111111011011111111111111011111
00111101110101111111111111111011011101111111
00111101110110101111111011011111111111111111
00111101110111011111101011011111111111111111
00111101110111111010110111111101111111111111
00111101110111111101101011111111111110111111
00111101110111111111101111111111011010111111
00111101110111111111111011011111111010111111
00111101111010111111111111111011101101111111
00111101111011110110111010111111111111111111
00111101111011111111111111111010101101111111
00111101111101010111111011011111111111111111
00111101111101101110111111111111110101111111
00111101111101111111111111101110110101111111
00111101111110101011111011011111111111111111
00111101111111010101110110111111111111111111
00111101111111101101110111010111111111111111
00111101111111101110110111111101011111111111
00111101111111110110111010111111101111111111
00111101111111110111111101110110101111111111
00111101111111111110110111011111110101111111
00111101111111111110111010111111110110111111
00111101111111111110111011011111111010111111
00111101111111111111011011111111110101011111
00111101111111111111110111011101101011111111
00111101111111111111111011011101010111111111
00111101111111111111111011011111110101011111
00111110011111011101011011111111111111111111
00111110101011111111111011011110111111111111
00111110101101011111111111111101110111111111
00111110101101110111101111111111110111111111
00111110101101111110111011111111111101111111
00111110101101111111110111011011111111111111
00111110101101111111111101111110111011111111
00111110101101111111111110111101110111111111
00111110101101111111111111101110111011111111
00111110101101111111111111111010111011111111
00111110101110111101111111110110111111111111
00111110101110111111111111111010110111111111
00111110101111111111110110111101110111111111
00111110110101101111111111110111011111111111
00111110110101101111111111111111110111011111
00111110110101111111101110111011111111111111
00111110110101111111111011101110111111111111
00111110110101111111111011101111111110111111
00111110110111101111111111011101011111111111
00111110110111101111111111110111010111111111
00111110110111111111111111011101011110111111
00111110111010111011110110111111111111111111
00111110111010111110110111101111111111111111
00111110111010111111110111101101111111111111
00111110111010111111111111101101111011111111
00111110111011010111111101111111101111111111
00111110111011101101011011111111111111111111
00111110111011101111111111111111011010111111
00111110111011110110101111111111111111011111
00111110111011111010110111111110111111111111
00111110111011111101101011111111111101111111
00111110111011111111011111110101101111111111
00111110111011111111110101101111111101111111
00111110111011111111111010110111111101111111
00111110111011111111111111110110101101111111
00111110111101010111111111111111110110111111
00111110111101110110101111111011111111111111
00111110111101110111111101011011111111111111
00111110111101110111111111111111010110111111
00111110111101111011010111011111111111111111
00111110111101111111010111011011111111111111
00111110111111101110110101111111111011111111
00111110111111110110101111111011101111111111
00111110111111111011010111011111110111111111
00111110111111111101011011111110111011111111
00111110111111111110111011111110101101111111
00111110111111111110111011111110110101111111
00111110111111111111010111011011110111111111
00111110111111111111101110111011010111111111
00111110111111111111110111010110110111111111
00111110111111111111110111011010110111111111
00111111010110111111111101011101111111111111
00111111010111011111111111110101101111111111
00111111010111101110110111110111111111111111
00111111011010111011111111111100111111111111
00111111011010111111110111010111111111111111
00111111011010111111111110111011111011111111
00111111011011110111111010111011111111111111
00111111011011111111111111101101011101111111
00111111011011111111111111110110101110111111
00111111011101101011101111111111110111111111
00111111011101110111110110101111111111111111
00111111011101111101101011111111111110111111
00111111011101111111111110111010110111111111
00111111011110101110110111111111111011111111
00111111011110110101110111111111101111111111
00111111011110111010110111111111011111111111
00111111011110111111111110110101110111111111
00111111011111011101011011111011111111111111
00111111011111011101011011111111110111111111
00111111011111111010110111011111011111111111
00111111011111111010110111110111011111111111
00111111011111111011101111101101011111111111
00111111011111111101110111110110101111111111
00111111011111111101111010111011011111111111
00111111011111111101111011101011011111111111
00111111011111111111011011110111010111111111
00111111011111111111110110111010110111111111
00111111011111111111111101011101011011111111
00111111101011101111110110101111111111111111
00111111101011111011110110111011111111111111
00111111101101011110111011111011111111111111
00111111101101110101101111111110111111111111
00111111101101111010111011111111011111111111
00111111101101111111111101111010111011111111
00111111101110111101011011111011111111111111
00111111101110111111011011010111111111111111
00111111101111010111011011011111111111111111
00111111101111011101011011111101111111111111
00111111101111101010110111111111101111111111
00111111101111101101010111111111110111111111
00111111101111110110101111101110111111111111
00111111101111111101111101110110101111111111
00111111101111111110110111101011101111111111
00111111101111111111010111011011110111111111
00111111101111111111101111101010110111111111
00111111101111111111111011011010101111111111
00111111101111111111111011101011010111111111
00111111110101111101111011011101111111111111
00111111110110101011101111111111111011111111
00111111110110101111101111110111011111111111
00111111110110111010110111111101111111111111
00111111110110111010111101111111011111111111
00111111110110111101110101111011111111111111
00111111110111011010110110111111111111111111
00111111110111011111101111101011011111111111
00111111110111101110110111110101111111111111
00111111110111101111111011011101011111111111
00111111110111110101101110111111011111111111
00111111110111111011101101011111011111111111
00111111110111111101110101111011011111111111
00111111110111111101111010111011011111111111
00111111111010111011110110111011111111111111
00111111111011010101111101111111101111111111
00111111111011011011110101011111111111111111
00111111111011101010110111111110111111111111
00111111111011101111110101101101111111111111
00111111111011110111111101011101101111111111
00111111111011111010110111011110111111111111
00111111111011111010111011011110111111111111
00111111111011111011110110111010111111111111
00111111111011111101110101101101111111111111
00111111111011111110110111010110111111111111
00111111111101011011011011101111111111111111
00111111111101011101011011111101111111111111
00111111111101101101010111111110111111111111
00111111111101101110111010110111111111111111
00111111111101110101101011111110111111111111
00111111111101110101110110111101111111111111
00111111111101110101111011011111011111111111
00111111111101110111101011011011111111111111
00111111111101110111110101101110111111111111
00111111111101111111010111011010111111111111
00111111111110101011011011011111111111111111
00111111111110110110101011111101111111111111
00111111111110110111010111101101111111111111
00111111111110110111101010101111111111111111
00111111111110110111101011101111011111111111
00111111111110111101010111110110111111111111
00111111111111010111011011011110111111111111
