0000000000000000110101111
0000000000000001011110011
0000000000000010011010111
0000000000000010011110101
0000000000000010110001111
0000000000000010111001011
0000000000000011001010111
0000000000000011011000111
0000000000000100010101111
0000000000000100011010111
0000000000000100100101111
0000000000000100101001111
0000000000000100101100111
0000000000000100101110011
0000000000000100110100111
0000000000000100110101011
0000000000000100110101101
0000000000000100111001011
0000000000000101000111011
0000000000000101001100111
0000000000000101010010111
0000000000000101011000111
0000000000000101101100011
0000000000000110000110111
0000000000000110000111011
0000000000000110001010111
0000000000000110001011011
0000000000000110010100111
0000000000000110010101011
0000000000000110100011011
0000000000000110100100111
0000000000000110110000111
0000000000001000001101111
0000000000001000101001111
0000000000001000101100111
0000000000001000111001011
0000000000001000111101001
0000000000001001001010111
0000000000001001001110101
0000000000001001010010111
0000000000001001010011101
0000000000001001100101101
0000000000001001110010101
0000000000001010000110111
0000000000001010001001111
0000000000001010001100111
0000000000001010001101011
0000000000001010001101101
0000000000001010010001111
0000000000001010010010111
0000000000001010010011101
0000000000001010100100111
0000000000001010110000111
0000000000001010110001011
0000000000001010110001101
0000000000001010110100011
0000000000001010111000011
0000000000001011000010111
0000000000001011010100011
0000000000001011011000011
0000000000001100000110111
0000000000001100001010111
0000000000001100010001111
0000000000001100010010111
0000000000001100010100111
0000000000001100010110011
0000000000001100100100111
0000000000001100100101011
0000000000001100101000111
0000000000001100101001011
0000000000001100110001011
0000000000001101000100111
0000000000001101001000111
0000000000001101010000111
0000000000010000010101111
0000000000010000011101101
0000000000010000101001111
0000000000010000101011011
0000000000010000101110011
0000000000010000110011101
0000000000010000110100111
0000000000010000110101011
0000000000010000111001101
0000000000010001000111101
0000000000010001001101011
0000000000010001001111001
0000000000010001100011011
0000000000010001100101011
0000000000010001110100101
0000000000010010001001111
0000000000010010001011011
0000000000010010001101011
0000000000010010001111001
0000000000010010010001111
0000000000010010010011101
0000000000010010010100111
0000000000010010011100101
0000000000010010100001111
0000000000010010100011101
0000000000010010101000111
0000000000010010101001101
0000000000010010110001101
0000000000010010110010101
0000000000010011000011101
0000000000010011000101101
0000000000010011001010011
0000000000010011001011001
0000000000010011010001101
0000000000010011010010101
0000000000010011100001011
0000000000010011100010011
0000000000010011101000011
0000000000010100001001111
0000000000010100001011011
0000000000010100001101101
0000000000010100010001111
0000000000010100010100111
0000000000010100010101011
0000000000010100010101101
0000000000010100011000111
0000000000010100100001111
0000000000010100100011011
0000000000010100100100111
0000000000010100101001101
0000000000010100110000111
0000000000010100110100011
0000000000010101000011011
0000000000010101001001011
0000000000010101001010011
0000000000010101001100011
0000000000010101100001011
0000000000010101100010011
0000000000010101100100011
0000000000010110000101011
0000000000010110000110011
0000000000010110001001011
0000000000010110001010011
0000000000010110010000111
0000000000010110011000011
0000000000010110100010011
0000000000010110110000011
0000000000010111000010011
0000000000011000000101111
0000000000011000001001111
0000000000011000001101011
0000000000011000010101011
0000000000011000100001111
0000000000011000101000111
0000000000011000110001011
0000000000011010000100111
0000000000011010100000111
0000000000100000010110111
0000000000100000011010111
0000000000100000011110101
0000000000100000101011011
0000000000100000101110011
0000000000100000110011101
0000000000100000110110101
0000000000100001001100111
0000000000100001001110101
0000000000100001010101101
0000000000100001011010011
0000000000100001100011011
0000000000100001100101011
0000000000100001101110001
0000000000100010000110111
0000000000100010000111101
0000000000100010001010111
0000000000100010001101011
0000000000100010001111001
0000000000100010010010111
0000000000100010010100111
0000000000100010011000111
0000000000100010011010011
0000000000100010011010101
0000000000100010011100101
0000000000100010011110001
0000000000100010100011011
0000000000100010100011101
0000000000100010100110101
0000000000100010100111001
0000000000100010110001101
0000000000100011000011011
0000000000100011000011101
0000000000100011001000111
0000000000100011001001011
0000000000100011001010011
0000000000100011001010101
0000000000100011010001101
0000000000100011010010101
0000000000100011011000011
0000000000100011011000101
0000000000100011100001011
0000000000100011100010011
0000000000100011100100101
0000000000100011101000011
0000000000100011101001001
0000000000100011110000101
0000000000100100000111011
0000000000100100001010111
0000000000100100001110011
0000000000100100001110101
0000000000100100010100111
0000000000100100011010101
0000000000100100011100101
0000000000100100100101011
0000000000100100100111001
0000000000100100101010011
0000000000100100101100011
0000000000100101000010111
0000000000100101000011011
0000000000100101000100111
0000000000100101000110101
0000000000100101000111001
0000000000100101010000111
0000000000100101011000011
0000000000100101100010011
0000000000100101100100011
0000000000100101101000011
0000000000100110000010111
0000000000100110000101011
0000000000100110000110101
0000000000100110000111001
0000000000100110001010011
0000000000100110001010101
0000000000100110001011001
0000000000100110001100101
0000000000100110010000111
0000000000100110010100011
0000000000100110011000101
0000000000100110101000011
0000000000100111000000111
0000000000100111000001011
0000000000100111000010011
0000000000100111000100101
0000000000100111001000101
0000000000100111010000101
0000000000101000000110111
0000000000101000001110011
0000000000101000010011101
0000000000101000010110011
0000000000101000011010011
0000000000101000100011101
0000000000101000100101101
0000000000101000100110101
0000000000101000110001101
0000000000101001000011101
0000000000101001000100111
0000000000101001000110101
0000000000101001001000111
0000000000101001001100011
0000000000101001001100101
0000000000101001100001101
0000000000101001100010101
0000000000101010000110011
0000000000101010001010011
0000000000101010010001101
0000000000101010010010011
0000000000101010011000011
0000000000101011000010011
0000000000101011001000011
0000000000101011010000011
0000000000101100000100111
0000000000101100000110011
0000000000101100010000111
0000000000101101000100011
0000000000101110000100011
0000000000101110010000011
0000000000110000001011011
0000000000110000001101011
0000000000110000100011011
0000000000110000100101011
0000000000110000100110011
0000000000110000101001011
0000000000110000101010011
0000000000110001000011011
0000000000110001001001011
0000000000110001100010011
0000000000110010000101011
0000000000110010001001011
0000000000110010001010011
0000000000110010100001011
0000000000110100000101011
0000000001000000010110111
0000000001000000011010111
0000000001000000011101011
0000000001000000011110101
0000000001000000101001111
0000000001000000101011011
0000000001000000101100111
0000000001000000110101011
0000000001000000110101101
0000000001000000110110101
0000000001000000111001101
0000000001000000111100101
0000000001000000111101001
0000000001000001001010111
0000000001000001001100111
0000000001000001001110101
0000000001000001010010111
0000000001000001010011101
0000000001000001010110011
0000000001000001010111001
0000000001000001011000111
0000000001000001011110001
0000000001000001100011011
0000000001000001100101011
0000000001000001100110101
0000000001000001101010011
0000000001000001110010101
0000000001000010001001111
0000000001000010001011011
0000000001000010010010111
0000000001000010010011101
0000000001000010010101011
0000000001000010010110011
0000000001000010011000111
0000000001000010011010011
0000000001000010011010101
0000000001000010011110001
0000000001000010100011011
0000000001000010100011101
0000000001000010101001011
0000000001000010101001101
0000000001000010111000101
0000000001000011000010111
0000000001000011000011011
0000000001000011000011101
0000000001000011001000111
0000000001000011010000111
0000000001000011010001101
0000000001000011010010011
0000000001000011010010101
0000000001000011010011001
0000000001000011011000101
0000000001000011100010011
0000000001000011100011001
0000000001000011100100101
0000000001000011101000011
0000000001000011101001001
0000000001000011110010001
0000000001000100001011011
0000000001000100001110101
0000000001000100001111001
0000000001000100010001111
0000000001000100010010111
0000000001000100010101101
0000000001000100010110101
0000000001000100011001011
0000000001000100011010011
0000000001000100011100101
0000000001000100011101001
0000000001000100100001111
0000000001000100100100111
0000000001000100100101011
0000000001000100100101101
0000000001000100101000111
0000000001000100101001101
0000000001000100101010011
0000000001000100101100011
0000000001000100101100101
0000000001000100101110001
0000000001000100110001011
0000000001000100110100011
0000000001000100110100101
0000000001000100111000101
0000000001000100111001001
0000000001000101000011011
0000000001000101000111001
0000000001000101001000111
0000000001000101001001011
0000000001000101001010011
0000000001000101010000111
0000000001000101010010011
0000000001000101011000011
0000000001000101011000101
0000000001000101100001011
0000000001000101100010011
0000000001000101100011001
0000000001000101100100011
0000000001000101100101001
0000000001000101101000011
0000000001000110000011011
0000000001000110000101101
0000000001000110001001011
0000000001000110001001101
0000000001000110001011001
0000000001000110010001101
0000000001000110010101001
0000000001000110100001011
0000000001000110100001101
0000000001000110100011001
0000000001000110100100101
0000000001000110101000101
0000000001000110101001001
0000000001000110110000101
0000000001000111000001011
0000000001000111000010101
0000000001000111000011001
0000000001000111000100101
0000000001000111001000101
0000000001000111001001001
0000000001001000001010111
0000000001001000001110011
0000000001001000001110101
0000000001001000010001111
0000000001001000010101011
0000000001001000010110011
0000000001001000010111001
0000000001001000011000111
0000000001001000011010011
0000000001001000011010101
0000000001001000011101001
0000000001001000100001111
0000000001001000100011101
0000000001001000101001011
0000000001001000101100101
0000000001001000101101001
0000000001001000110001011
0000000001001000110001101
0000000001001000110010101
0000000001001000110011001
0000000001001000110100011
0000000001001000111001001
0000000001001001001010011
0000000001001001010011001
0000000001001001010100011
0000000001001001011000101
0000000001001001100001101
0000000001001001100010101
0000000001001001100101001
0000000001001001110000101
0000000001001010000001111
0000000001001010000110011
0000000001001010010000111
0000000001001010010001011
0000000001001010010010011
0000000001001010011000011
0000000001001010100000111
0000000001001010100001011
0000000001001010110000011
0000000001001011000000111
0000000001001011000001101
0000000001001011000010011
0000000001001011000010101
0000000001001011000011001
0000000001001011000100011
0000000001001100000010111
0000000001001100001000111
0000000001001100001010011
0000000001001100001100101
0000000001001100010000111
0000000001001100010001011
0000000001001100010001101
0000000001001100010010101
0000000001001100010100101
0000000001001100011000101
0000000001001100100001101
0000000001001100101000101
0000000001001100110000011
0000000001001101000010101
0000000001001101001000011
0000000001001101010000101
0000000001001110000001101
0000000001001110010000011
0000000001010000001011011
0000000001010000001100111
0000000001010000001101011
0000000001010000001110011
0000000001010000010011101
0000000001010000010100111
0000000001010000011000111
0000000001010000011001101
0000000001010000011100101
0000000001010000100011011
0000000001010000100011101
0000000001010000100100111
0000000001010000100110011
0000000001010000100110101
0000000001010000101001101
0000000001010000101010011
0000000001010000101100011
0000000001010000101100101
0000000001010000110001011
0000000001010000110001101
0000000001010000110010101
0000000001010001000011011
0000000001010001000110101
0000000001010001001001011
0000000001010001001010011
0000000001010001001100011
0000000001010001010001101
0000000001010001010010101
0000000001010001010100101
0000000001010001100001011
0000000001010001100001101
0000000001010001100010011
0000000001010001100100011
0000000001010001100100101
0000000001010001101000011
0000000001010010000011011
0000000001010010000011101
0000000001010010000110011
0000000001010010010000111
0000000001010010010010101
0000000001010010010100011
0000000001010010011000011
0000000001010010100010011
0000000001010010100010101
0000000001010010110000011
0000000001010011000010011
0000000001010011001000011
0000000001010100010001101
0000000001010100011000011
0000000001010100100001101
0000000001010100110000011
0000000001010101000010011
0000000001010101100000011
0000000001010110000001101
0000000001010110000010011
0000000001010110001000011
0000000001010110010000011
0000000001010110100000011
0000000001010111000000011
0000000001011000001100011
0000000001011000101000011
0000000001011000110000011
0000000001011010000100011
0000000001011010100000011
0000000001011100000001011
0000000001011110000000011
0000000001100000001101011
0000000001100000010100111
0000000001100000011010011
0000000001100000100011011
0000000001100000101001011
0000000001100000101010011
0000000001100000101100011
0000000001100001000100111
0000000001100001000101011
0000000001100001001001011
0000000001100001001010011
0000000001100001010000111
0000000001100001011000011
0000000001100001100001011
0000000001100001100100011
0000000001100010001001011
0000000001100010010010011
0000000001100010100001011
0000000001100010100010011
0000000001100011000001011
0000000001100100001000111
0000000001101001000000111
0000000010000000010101111
0000000010000000101001111
0000000010000000101100111
0000000010000000101101011
0000000010000000101101101
0000000010000000101110011
0000000010000000110001111
0000000010000000110100111
0000000010000000110101011
0000000010000000111001011
0000000010000000111001101
0000000010000000111100101
0000000010000001001010111
0000000010000001001110011
0000000010000001001110101
0000000010000001010110011
0000000010000001011010011
0000000010000001011010101
0000000010000001100101011
0000000010000001101010011
0000000010000010000110111
0000000010000010000111011
0000000010000010001001111
0000000010000010001101011
0000000010000010010001111
0000000010000010010101011
0000000010000010010110011
0000000010000010011101001
0000000010000010100001111
0000000010000010100011011
0000000010000010100100111
0000000010000010100110011
0000000010000010100111001
0000000010000010101101001
0000000010000010110000111
0000000010000010110001101
0000000010000010111001001
0000000010000010111100001
0000000010000011000010111
0000000010000011000101011
0000000010000011000110101
0000000010000011001000111
0000000010000011001001011
0000000010000011001100101
0000000010000011001101001
0000000010000011010010011
0000000010000011010110001
0000000010000011100010011
0000000010000011101001001
0000000010000011101100001
0000000010000100000110111
0000000010000100000111011
0000000010000100001010111
0000000010000100001101101
0000000010000100001111001
0000000010000100010001111
0000000010000100010010111
0000000010000100010101011
0000000010000100010110011
0000000010000100011010011
0000000010000100011010101
0000000010000100011101001
0000000010000100011110001
0000000010000100100001111
0000000010000100101000111
0000000010000100101010011
0000000010000100101100101
0000000010000100101110001
0000000010000100110000111
0000000010000100111100001
0000000010000101000010111
0000000010000101000011011
0000000010000101000110011
0000000010000101000111001
0000000010000101001011001
0000000010000101001100101
0000000010000101010010011
0000000010000101011010001
0000000010000101100001011
0000000010000101100010011
0000000010000101100011001
0000000010000101101010001
0000000010000101101100001
0000000010000110000101011
0000000010000110000111001
0000000010000110001001101
0000000010000110001010101
0000000010000110010001011
0000000010000110010001101
0000000010000110010010101
0000000010000110010101001
0000000010000110100001011
0000000010000110100001101
0000000010000110100010011
0000000010000110100011001
0000000010000110100100011
0000000010000110100110001
0000000010000110110000011
0000000010000110110001001
0000000010000111000101001
0000000010000111001000101
0000000010000111001001001
0000000010000111010010001
0000000010000111100010001
0000000010001000000101111
0000000010001000001001111
0000000010001000001010111
0000000010001000001101101
0000000010001000001110011
0000000010001000001110101
0000000010001000010001111
0000000010001000010010111
0000000010001000010100111
0000000010001000010101011
0000000010001000010101101
0000000010001000010110011
0000000010001000010110101
0000000010001000011001011
0000000010001000011010011
0000000010001000011010101
0000000010001000011101001
0000000010001000011110001
0000000010001000100001111
0000000010001000100100111
0000000010001000100101011
0000000010001000100101101
0000000010001000101000111
0000000010001000101001011
0000000010001000101001101
0000000010001000101100011
0000000010001000101100101
0000000010001000110000111
0000000010001000110001011
0000000010001000110001101
0000000010001000110100011
0000000010001000110100101
0000000010001000110101001
0000000010001000111001001
0000000010001001000010111
0000000010001001000100111
0000000010001001000110011
0000000010001001001000111
0000000010001001001010011
0000000010001001001010101
0000000010001001001100011
0000000010001001001110001
0000000010001001010000111
0000000010001001010010011
0000000010001001010100011
0000000010001001011000011
0000000010001001011000101
0000000010001010000100111
0000000010001010000101011
0000000010001010000101101
0000000010001010000110011
0000000010001010000110101
0000000010001010001001011
0000000010001010010000111
0000000010001010010001011
0000000010001010010010101
0000000010001010010100011
0000000010001010011000101
0000000010001010011001001
0000000010001010011010001
0000000010001010100000111
0000000010001010100001011
0000000010001010100001101
0000000010001010110000011
0000000010001010110000101
0000000010001011000010011
0000000010001011000010101
0000000010001011000100011
0000000010001011000100101
0000000010001011000110001
0000000010001011001000011
0000000010001100000101011
0000000010001100000101101
0000000010001100001001101
0000000010001100001010011
0000000010001100001010101
0000000010001100001110001
0000000010001100010001011
0000000010001100010010101
0000000010001100010101001
0000000010001100100100011
0000000010001100100100101
0000000010001100101000011
0000000010001100101000101
0000000010001101000010011
0000000010001101000010101
0000000010001101000100011
0000000010001101000100101
0000000010001101001000101
0000000010001101010000011
0000000010001110000001011
0000000010001110000001101
0000000010001110000010101
0000000010001110001000101
0000000010001110010000101
0000000010001110100000011
0000000010001110100001001
0000000010001111000000101
0000000010010000000101111
0000000010010000001100111
0000000010010000001110011
0000000010010000001111001
0000000010010000010001111
0000000010010000010100111
0000000010010000010101011
0000000010010000010101101
0000000010010000011001101
0000000010010000011100101
0000000010010000011101001
0000000010010000100110011
0000000010010000101000111
0000000010010000101001101
0000000010010000101010011
0000000010010000101100011
0000000010010000110000111
0000000010010000110001011
0000000010010000110001101
0000000010010000110100101
0000000010010000111000101
0000000010010000111001001
0000000010010001000101011
0000000010010001001100011
0000000010010001100001011
0000000010010001100011001
0000000010010010000100111
0000000010010010000101011
0000000010010010000111001
0000000010010010001000111
0000000010010010001100011
0000000010010010001100101
0000000010010010010001011
0000000010010010011000101
0000000010010010100000111
0000000010010010100001101
0000000010010010100100011
0000000010010010110000101
0000000010010011000100011
0000000010010011000101001
0000000010010011001000011
0000000010010100000101101
0000000010010100000111001
0000000010010100001001101
0000000010010100001011001
0000000010010100001101001
0000000010010100010100011
0000000010010100010101001
0000000010010100011000101
0000000010010100100000111
0000000010010100100100011
0000000010010100100100101
0000000010010100110000011
0000000010010100110000101
0000000010010101000100011
0000000010010101100000011
0000000010010110000011001
0000000010010110001000101
0000000010010110010000101
0000000010010110100000101
0000000010011000000001111
0000000010011000000100111
0000000010011000000101101
0000000010011000001001101
0000000010011000001100011
0000000010011000001100101
0000000010011000010100011
0000000010011000010100101
0000000010011000011000101
0000000010011000100001101
0000000010011000101000011
0000000010011000101000101
0000000010011000110000011
0000000010011000110000101
0000000010011010000000111
0000000010011010000001101
0000000010011010000100101
0000000010011010001000011
0000000010011010010000101
0000000010011010100000011
0000000010011010100000101
0000000010011100000001101
0000000010011100000100101
0000000010011100001000101
0000000010011100100000011
0000000010011100100000101
0000000010011110000000101
0000000010100000001100111
0000000010100000001110011
0000000010100000010010111
0000000010100000010110011
0000000010100000011000111
0000000010100000011010011
0000000010100000011010101
0000000010100000011100011
0000000010100000100011011
0000000010100000100110011
0000000010100000101010011
0000000010100001000011011
0000000010100001000100111
0000000010100001000110101
0000000010100001001000111
0000000010100001001010011
0000000010100001001100011
0000000010100001001100101
0000000010100001010010011
0000000010100001010100011
0000000010100001011000011
0000000010100001100001011
0000000010100001100010011
0000000010100001101000011
0000000010100010000010111
0000000010100010001000111
0000000010100010001001011
0000000010100010001010101
0000000010100010001100101
0000000010100010010010011
0000000010100010010010101
0000000010100010010100011
0000000010100010011000101
0000000010100010100001011
0000000010100010100100011
0000000010100011000000111
0000000010100011000001011
0000000010100011000010011
0000000010100011000010101
0000000010100011000100101
0000000010100011100000011
0000000010100100000010111
0000000010100100000011011
0000000010100100000110011
0000000010100100011000011
0000000010100100100001011
0000000010100100100100011
0000000010100101000010011
0000000010100101100000011
0000000010100111000000011
0000000010101000001010011
0000000010101000001100011
0000000010101000010010011
0000000010101000011000011
0000000010101001000100011
0000000010101001001000011
0000000010101011000000011
0000000010101100000010011
0000000010101100010000011
0000000010110000000110011
0000000010110000001100011
0000000010110000100010011
0000000010110000100100011
0000000010110000101000011
0000000010110001000100011
0000000010110001001000011
0000000010110001100000011
0000000010110010001000011
0000000010110010100000011
0000000010110011000000011
0000000010110100000100011
0000000010110101000000011
0000000011000000010001111
0000000011000000010010111
0000000011000000010101011
0000000011000000100001111
0000000011000000100011011
0000000011000000101000111
0000000011000000101010011
0000000011000001000010111
0000000011000001000011011
0000000011000001000101011
0000000011000001010000111
0000000011000001010010011
0000000011000001010100011
0000000011000010000010111
0000000011000010000011011
0000000011000010100000111
0000000011000010100001011
0000000011000010100010011
0000000011000100000011011
0000000011000100010001011
0000000011000100010010011
0000000011000101000001011
0000000011001000000101011
0000000011001000100001011
0000000011010000010000111
0000000100000001001010111
0000000100000001001100111
0000000100000001001110101
0000000100000001010101101
0000000100000001010110011
0000000100000001011000111
0000000100000001011010011
0000000100000001011100011
0000000100000010001101011
0000000100000010001101101
0000000100000010010010111
0000000100000010010100111
0000000100000010010101011
0000000100000010010110011
0000000100000010011000111
0000000100000010011001101
0000000100000010011100101
0000000100000010100001111
0000000100000010100111001
0000000100000010101100011
0000000100000010110100011
0000000100000010110110001
0000000100000010111000011
0000000100000010111001001
0000000100000010111100001
0000000100000011000010111
0000000100000011000101101
0000000100000011001010101
0000000100000011001100101
0000000100000011010101001
0000000100000011011010001
0000000100000011100011001
0000000100000011100101001
0000000100000011110001001
0000000100000100000110111
0000000100000100001110101
0000000100000100010101101
0000000100000100010110011
0000000100000100010110101
0000000100000100011001101
0000000100000100011010011
0000000100000100011010101
0000000100000100011100101
0000000100000100100101011
0000000100000100110001011
0000000100000100110001101
0000000100000100110100011
0000000100000100110101001
0000000100000100111000101
0000000100000100111100001
0000000100000101000010111
0000000100000101000100111
0000000100000101000110011
0000000100000101001000111
0000000100000101010010011
0000000100000101010110001
0000000100000101011010001
0000000100000101011100001
0000000100000110000101011
0000000100000110001000111
0000000100000110001001011
0000000100000110001010011
0000000100000110010001101
0000000100000110010010101
0000000100000110010100011
0000000100000110010100101
0000000100000110010101001
0000000100000110011000101
0000000100000110100001011
0000000100000110100001101
0000000100000110100100011
0000000100000110100101001
0000000100000110101001001
0000000100000110110001001
0000000100000110110100001
0000000100000110111000001
0000000100000111000010101
0000000100000111000100101
0000000100000111001000011
0000000100000111001000101
0000000100000111001010001
0000000100000111010000011
0000000100000111010010001
0000000100000111010100001
0000000100001000000101111
0000000100001000000111101
0000000100001000001100111
0000000100001000010001111
0000000100001000010110011
0000000100001000011001101
0000000100001000011101001
0000000100001000011110001
0000000100001000100001111
0000000100001000100100111
0000000100001000100101101
0000000100001000100111001
0000000100001000101000111
0000000100001000101001101
0000000100001000101100011
0000000100001000101101001
0000000100001000111001001
0000000100001000111100001
0000000100001001000011101
0000000100001001000101101
0000000100001001000110101
0000000100001001001010011
0000000100001001001010101
0000000100001001001100101
0000000100001001010000111
0000000100001001010001101
0000000100001001010011001
0000000100001001011000101
0000000100001001011100001
0000000100001001100001101
0000000100001001100100101
0000000100001001100110001
0000000100001001110100001
0000000100001010001001101
0000000100001010001010011
0000000100001010001100101
0000000100001010001101001
0000000100001010010001011
0000000100001010010010011
0000000100001010010011001
0000000100001010011000011
0000000100001010011001001
0000000100001010011010001
0000000100001010100100011
0000000100001010101100001
0000000100001010110000011
0000000100001011000001101
0000000100001011000011001
0000000100001011001000101
0000000100001011001100001
0000000100001011010000011
0000000100001011010001001
0000000100001011100001001
0000000100001011100010001
0000000100001100000010111
0000000100001100000101011
0000000100001100000101101
0000000100001100001010101
0000000100001100010001011
0000000100001100010001101
0000000100001100010010011
0000000100001100010010101
0000000100001100010100011
0000000100001100010110001
0000000100001100100000111
0000000100001100100001011
0000000100001100100100011
0000000100001100100100101
0000000100001100110000011
0000000100001100110001001
0000000100001101000000111
0000000100001101000010101
0000000100001101000100011
0000000100001101000100101
0000000100001101001000101
0000000100001110000001101
0000000100001110000010011
0000000100001110000100011
0000000100001110000100101
0000000100001110000101001
0000000100001110001000101
0000000100001110001010001
0000000100001110010000011
0000000100001110010001001
0000000100001110100000011
0000000100001111000000011
0000000100001111000000101
0000000100001111000010001
0000000100010000000101111
0000000100010000001001111
0000000100010000001100111
0000000100010000010101011
0000000100010000010101101
0000000100010000010110101
0000000100010000010111001
0000000100010000011001011
0000000100010000011100101
0000000100010000011101001
0000000100010000100001111
0000000100010000100011101
0000000100010000100100111
0000000100010000100101011
0000000100010000100110101
0000000100010000101000111
0000000100010000101001011
0000000100010000101001101
0000000100010000101100101
0000000100010000101101001
0000000100010000110001011
0000000100010000110001101
0000000100010000110010101
0000000100010000110011001
0000000100010000110100011
0000000100010000110100101
0000000100010000110110001
0000000100010000111001001
0000000100010001000011101
0000000100010001000111001
0000000100010001010001101
0000000100010001010011001
0000000100010001010100101
0000000100010001010101001
0000000100010001100100101
0000000100010001110001001
0000000100010010000011101
0000000100010010000100111
0000000100010010000101011
0000000100010010000110101
0000000100010010000111001
0000000100010010001100011
0000000100010010010000111
0000000100010010010010101
0000000100010010010100011
0000000100010010011000101
0000000100010010100000111
0000000100010010100001101
0000000100010010100010101
0000000100010010101000011
0000000100010010110000011
0000000100010011000001101
0000000100010011000011001
0000000100010011000101001
0000000100010011100001001
0000000100010100000100111
0000000100010100000101011
0000000100010100000101101
0000000100010100001000111
0000000100010100001001101
0000000100010100001100011
0000000100010100001100101
0000000100010100010001101
0000000100010100010100101
0000000100010100011000011
0000000100010100100000111
0000000100010100100001011
0000000100010100100001101
0000000100010100100100011
0000000100010100100100101
0000000100010100101000011
0000000100010100101000101
0000000100010100110000101
0000000100010100110001001
0000000100010110000001011
0000000100010110000100101
0000000100010110000101001
0000000100010110001000011
0000000100010110001000101
0000000100010110001001001
0000000100010110010000011
0000000100010110100000011
0000000100010110100000101
0000000100010110100001001
0000000100011000000101101
0000000100011000001001011
0000000100011000001001101
0000000100011000001101001
0000000100011000010011001
0000000100011000011001001
0000000100011000100001101
0000000100011000101000101
0000000100011000101001001
0000000100011001000100101
0000000100011001010001001
0000000100011001100000101
0000000100011001100001001
0000000100011010000011001
0000000100011010001000011
0000000100011010001000101
0000000100011010010000011
0000000100011010010001001
0000000100011010100000011
0000000100011010100000101
0000000100011011000001001
0000000100011100000001101
0000000100011100000101001
0000000100011100010000011
0000000100011100010001001
0000000100011100100001001
0000000100011110000000101
0000000100011110000001001
0000000100100000010100111
0000000100100000010111001
0000000100100000011000111
0000000100100000011010011
0000000100100000011010101
0000000100100000011100101
0000000100100000100111001
0000000100100000110001101
0000000100100000110010101
0000000100100000110011001
0000000100100000110100101
0000000100100000110101001
0000000100100001000100111
0000000100100001000110101
0000000100100001000111001
0000000100100001001100101
0000000100100001010000111
0000000100100001010001101
0000000100100001010010011
0000000100100001010011001
0000000100100001010100011
0000000100100001010100101
0000000100100001010101001
0000000100100001011000101
0000000100100001100001101
0000000100100001100010101
0000000100100001100100101
0000000100100001110000101
0000000100100010000101101
0000000100100010000110101
0000000100100010000111001
0000000100100010001000111
0000000100100010001010011
0000000100100010001100011
0000000100100010001100101
0000000100100010010000111
0000000100100010010100011
0000000100100010011000011
0000000100100010011000101
0000000100100010100001101
0000000100100010100011001
0000000100100010100100101
0000000100100010100101001
0000000100100011000001101
0000000100100011000010011
0000000100100011000010101
0000000100100011000100101
0000000100100011000101001
0000000100100011010000011
0000000100100100001000111
0000000100100100001010011
0000000100100100001100011
0000000100100100001100101
0000000100100100010000111
0000000100100100010100011
0000000100100100010100101
0000000100100100011000011
0000000100100100011000101
0000000100100101000000111
0000000100100101000010011
0000000100100101000010101
0000000100100101000100011
0000000100100101001000101
0000000100100101010000011
0000000100100110000010101
0000000100100110000100011
0000000100100110000100101
0000000100100110001000011
0000000100100110001000101
0000000100100110010000011
0000000100100110010000101
0000000100100111000000101
0000000100101000000100111
0000000100101000000110011
0000000100101000001100101
0000000100101000010001101
0000000100101000010010011
0000000100101000010011001
0000000100101000010100011
0000000100101000011000011
0000000100101000011000101
0000000100101000100001101
0000000100101001000001101
0000000100101001000011001
0000000100101001001000101
0000000100101001100000101
0000000100101010000010011
0000000100101010000011001
0000000100101010001000011
0000000100101010001000101
0000000100101010010000011
0000000100101100000010011
0000000100101100000100011
0000000100101100000100101
0000000100101100010000101
0000000100110000000110101
0000000100110000010010101
0000000100110000010100101
0000000100110000110000101
0000000100110001010000101
0000000100110001100000101
0000000100110010010000101
0000000100111000000100101
0000000100111001000000101
0000000100111010000000101
0000000101000000010110011
0000000101000000011000111
0000000101000000011001011
0000000101000000100001111
0000000101000000100100111
0000000101000000100101011
0000000101000000101001101
0000000101000000101100011
0000000101000000101100101
0000000101000000110000111
0000000101000000110001011
0000000101000000110001101
0000000101000000110100011
0000000101000000111000101
0000000101000001000010111
0000000101000001000100111
0000000101000001001010011
0000000101000001001100011
0000000101000001010010011
0000000101000001011000011
0000000101000001100100101
0000000101000010001001011
0000000101000010001001101
0000000101000010001010011
0000000101000010010010011
0000000101000010011000011
0000000101000011000010011
0000000101000100001001011
0000000101000100001001101
0000000101000100001010101
0000000101000100001100101
0000000101000100010010101
0000000101000100011000101
0000000101000100100000111
0000000101000100100001011
0000000101000100100001101
0000000101000100100100011
0000000101000100101000011
0000000101000100110000011
0000000101000101000010011
0000000101000101000010101
0000000101000101000100101
0000000101000110000001101
0000000101001000000110011
0000000101001000001000111
0000000101001000001100011
0000000101001000010100011
0000000101001000100000111
0000000101001000100100011
0000000101001000110000011
0000000101001001000000111
0000000101001001000010011
0000000101001001000100011
0000000101001001001000011
0000000101001010001000011
0000000101001011000000011
0000000101001100000001011
0000000101001100010000011
0000000101001100100000011
0000000101010000010001011
0000000101010000011000011
0000000101010000100001101
0000000101010000101000011
0000000101010000110000011
0000000101010010001000011
0000000101010010010000011
0000000101010100010000011
0000000101010100100000011
0000000101011000001000011
0000000101011000010000011
0000000101100001000010011
0000000101100001000100011
0000000101100010000010011
0000000101100010001000011
0000000101100100001000011
0000000101100100010000011
0000000101101000000100011
0000000101101000001000011
0000000101101000010000011
0000000110000001000110011
0000000110000001010000111
0000000110000001010010011
0000000110000001010100011
0000000110000010000001111
0000000110000010000100111
0000000110000010000101011
0000000110000010001001011
0000000110000010100000111
0000000110000010100001011
0000000110000010100100011
0000000110000100000110011
0000000110000100010010011
0000000110000101000010011
0000000110001000000101011
0000000110001000001010011
0000000110001000010100011
0000000110001000100100011
0000000110001010000001011
0000000110010000001000111
0000001000000100001100111
0000001000000100001111001
0000001000000100010001111
0000001000000100010100111
0000001000000100010101101
0000001000000100011001011
0000001000000100011001101
0000001000000100100100111
0000001000000100100111001
0000001000000100101000111
0000001000000100101001101
0000001000000100101011001
0000001000000100101100011
0000001000000100101100101
0000001000000100110100101
0000001000000100111000101
0000001000000101000110011
0000001000000101001100011
0000001000000110001001011
0000001000000110100000111
0000001000001000001001111
0000001000001000001100111
0000001000001000001101101
0000001000001000010001111
0000001000001000010011101
0000001000001000010101011
0000001000001000011100011
0000001000001000100100111
0000001000001000100101011
0000001000001000100101101
0000001000001000100110101
0000001000001000101101001
0000001000001000110001101
0000001000001000110010101
0000001000001000110100011
0000001000001000110101001
0000001000001000111001001
0000001000001001000111001
0000001000001001010011001
0000001000001001010110001
0000001000001001100010101
0000001000001001100100101
0000001000001001100101001
0000001000001001110001001
0000001000001001110010001
0000001000001001110100001
0000001000001010000011101
0000001000001010000100111
0000001000001010000101011
0000001000001010000110101
0000001000001010000111001
0000001000001010001000111
0000001000001010001001011
0000001000001010010000111
0000001000001010010001011
0000001000001010010001101
0000001000001010010011001
0000001000001010010100011
0000001000001010011001001
0000001000001010100011001
0000001000001010100100011
0000001000001010100110001
0000001000001010101000011
0000001000001010110000101
0000001000001010110001001
0000001000001010110010001
0000001000001011000010101
0000001000001011000011001
0000001000001011000100101
0000001000001011010001001
0000001000001011010010001
0000001000001011010100001
0000001000001011100001001
0000001000001011100010001
0000001000001100000101011
0000001000001100001000111
0000001000001100001001101
0000001000001100010001101
0000001000001100100001101
0000001000001100100100011
0000001000001100100100101
0000001000001100100101001
0000001000001100101000011
0000001000001100101001001
0000001000001100110000011
0000001000001100110001001
0000001000001100111000001
0000001000001110000100101
0000001000001110001000011
0000001000001110001001001
0000001000001110010000011
0000001000001110010000101
0000001000001110100100001
0000001000010000001001111
0000001000010000001011011
0000001000010000010001111
0000001000010000010011101
0000001000010000010100111
0000001000010000010101101
0000001000010000010111001
0000001000010000100001111
0000001000010000100011011
0000001000010000100011101
0000001000010000100110101
0000001000010000101001101
0000001000010000101011001
0000001000010000101110001
0000001000010000110000111
0000001000010000111000101
0000001000010001000011011
0000001000010001000110011
0000001000010001001001011
0000001000010001001011001
0000001000010001001101001
0000001000010001010001101
0000001000010001010010101
0000001000010001010100101
0000001000010001010101001
0000001000010001100001101
0000001000010001100100101
0000001000010001101001001
0000001000010001101100001
0000001000010001110001001
0000001000010001110100001
0000001000010010000011011
0000001000010010000011101
0000001000010010000110101
0000001000010010000111001
0000001000010010001000111
0000001000010010001010011
0000001000010010001100101
0000001000010010001110001
0000001000010010010001101
0000001000010010010010101
0000001000010010011000011
0000001000010010011100001
0000001000010010100010011
0000001000010010101010001
0000001000010010110000101
0000001000010010110010001
0000001000010011000001101
0000001000010011000011001
0000001000010011000100011
0000001000010011000100101
0000001000010011000101001
0000001000010011001000011
0000001000010011001010001
0000001000010011001100001
0000001000010011010010001
0000001000010011010100001
0000001000010011100000101
0000001000010011100010001
0000001000010100000011011
0000001000010100000101101
0000001000010100000110011
0000001000010100000111001
0000001000010100001011001
0000001000010100001101001
0000001000010100001110001
0000001000010100010000111
0000001000010100010001011
0000001000010100010001101
0000001000010100100000111
0000001000010100100100101
0000001000010100100110001
0000001000010100101000101
0000001000010100110000101
0000001000010100110001001
0000001000010101000010011
0000001000010101000011001
0000001000010101000101001
0000001000010110000001101
0000001000010110000010011
0000001000010110000100011
0000001000010110001000101
0000001000010110010000011
0000001000010110010000101
0000001000010110100010001
0000001000010111000010001
0000001000011000000101011
0000001000011000000101101
0000001000011000000110101
0000001000011000000111001
0000001000011000001000111
0000001000011000010001011
0000001000011000010101001
0000001000011000100000111
0000001000011000100001011
0000001000011000100011001
0000001000011000100110001
0000001000011000110010001
0000001000011001000100101
0000001000011001010001001
0000001000011001100000101
0000001000011010000001011
0000001000011010000110001
0000001000011010001000011
0000001000011010010000011
0000001000011010010010001
0000001000011010100000011
0000001000011010100010001
0000001000011011000000101
0000001000011011000001001
0000001000011100000100101
0000001000011100000101001
0000001000011100001000011
0000001000011100010000011
0000001000011100100000101
0000001000011100100001001
0000001000100000010101101
0000001000100000100101011
0000001000100000100110011
0000001000100000100110101
0000001000100000101001011
0000001000100000101100011
0000001000100000101110001
0000001000100000110001101
0000001000100000110100101
0000001000100000110101001
0000001000100001000011011
0000001000100001000011101
0000001000100001001001011
0000001000100001001010011
0000001000100001001011001
0000001000100001001101001
0000001000100001010001101
0000001000100001010010101
0000001000100001010100101
0000001000100001010101001
0000001000100001100001101
0000001000100001100100011
0000001000100001100100101
0000001000100001100101001
0000001000100001101000011
0000001000100001101001001
0000001000100001110000101
0000001000100010000110011
0000001000100010001011001
0000001000100010010001101
0000001000100010010100101
0000001000100010100100011
0000001000100010100100101
0000001000100010110000101
0000001000100011000001101
0000001000100011000010011
0000001000100011000011001
0000001000100011001000011
0000001000100011001001001
0000001000100011001010001
0000001000100011010000101
0000001000100011100000101
0000001000100100000101011
0000001000100100000111001
0000001000100100001010011
0000001000100100001011001
0000001000100100001100011
0000001000100100100010011
0000001000100100100011001
0000001000100101000001011
0000001000100101001000011
0000001000100101001001001
0000001000100110000010011
0000001000100110000011001
0000001000100110000100011
0000001000100110000101001
0000001000100110000110001
0000001000100110001000011
0000001000100110001001001
0000001000100110001010001
0000001000100111000001001
0000001000101000000101101
0000001000101000000110101
0000001000101000000111001
0000001000101000010001101
0000001000101000100001101
0000001000101000100101001
0000001000101000110000101
0000001000101001000010101
0000001000101001000011001
0000001000101001000100101
0000001000101001000101001
0000001000101001010001001
0000001000101001100000101
0000001000101001100001001
0000001000101010000101001
0000001000101010100000101
0000001000101011000000101
0000001000110000001011001
0000001000110000001101001
0000001000110000100010011
0000001000110000100110001
0000001000110000110000101
0000001000110001000101001
0000001000110001001000011
0000001000110001100000101
0000001000110010000001011
0000001000110010000001101
0000001000110010000010101
0000001000110010000100101
0000001000110010000101001
0000001000110010001000011
0000001000110010010000101
0000001000110010100000011
0000001000110010100000101
0000001000110011000001001
0000001000110100001001001
0000001000110101000001001
0000001000110110000001001
0000001000111000000100101
0000001000111000000101001
0000001000111001000001001
0000001000111010000001001
0000001001000000100110101
0000001001000000101001101
0000001001000000101010011
0000001001000001000011011
0000001001000001000101011
0000001001000001000110101
0000001001000001001010011
0000001001000001001100011
0000001001000001010011001
0000001001000001010100101
0000001001000001010101001
0000001001000001100010101
0000001001000001100100101
0000001001000010000011101
0000001001000010001000111
0000001001000010001001011
0000001001000010001010011
0000001001000010101000011
0000001001000010101000101
0000001001000011000010101
0000001001000011000100101
0000001001000011010000101
0000001001000011100000101
0000001001000100000100111
0000001001000100001000111
0000001001000100001001011
0000001001000100001010011
0000001001000100001011001
0000001001000100001100011
0000001001000100001101001
0000001001000100010000111
0000001001000100010100011
0000001001000100011000011
0000001001000100011000101
0000001001000100011001001
0000001001000101000010011
0000001001000101000100011
0000001001000101000101001
0000001001000101001001001
0000001001000110000100101
0000001001000110001000101
0000001001001000001000111
0000001001001000011000101
0000001001001000101000011
0000001001001000110000101
0000001001001010001000011
0000001001001100001000101
0000001001001100010000101
0000001001001100100000101
0000001001010000001010011
0000001001010000010001101
0000001001010000010011001
0000001001010000011000011
0000001001010000011000101
0000001001010000100000111
0000001001010000110000101
0000001001010001000001011
0000001001010001000010011
0000001001010001000011001
0000001001010001100000101
0000001001010010000010011
0000001001010010001000011
0000001001010010001000101
0000001001010010010000101
0000001001010100000010011
0000001001010100001000011
0000001001010100001000101
0000001001010100010000011
0000001001010100010000101
0000001001010100100000101
0000001001011000001000011
0000001001011000100000101
0000001001011001000000101
0000001001100000010100101
0000001001100000100001011
0000001001100000100001101
0000001001100000100100101
0000001001100000101000011
0000001001100000110000101
0000001001100001000001101
0000001001100001000010101
0000001001100001010000101
0000001001100001100000101
0000001001100010001000011
0000001001100011000000101
0000001001100100000100011
0000001001101000010000101
0000001001110000010000101
0000001001110000100000101
0000001010000010000011011
0000001010000010000100111
0000001010000010000101011
0000001010000010000101101
0000001010000010000110011
0000001010000010001000111
0000001010000010001001101
0000001010000010001100101
0000001010000010011000101
0000001010000011000010011
0000001010000100000110011
0000001010000100001010011
0000001010000100010001011
0000001010000100010100011
0000001010000100011000011
0000001010000110000001101
0000001010000110000010011
0000001010000110000100011
0000001010000110001000101
0000001010000110010000011
0000001010001000001001011
0000001010001000001100011
0000001010001000010001011
0000001010001000010001101
0000001010001000100100011
0000001010001000100100101
0000001010001010000100011
0000001010001010010000011
0000001010001100001000011
0000001010001100010000011
0000001010010000010100011
0000001010010000011000011
0000001010010000100000111
0000001010010000100001101
0000001010010000100010011
0000001010010010001000011
0000001010010100000100011
0000001010010100010000011
0000001010011000001000011
0000001010011000010000011
0000001010100000100100011
0000001010100001000001011
0000001010100001001000011
0000001010100010000010011
0000001010100010000100011
0000001010100100000100011
0000001010100100001000011
0000001011000001000010011
0000001011000010000010011
0000001011000100010000011
0000001011001000010000011
0000001011010000010000011
0000001100000100000100111
0000001100000100000101011
0000001100000100001000111
0000001100000100001100011
0000001100001000010001011
0000001100001000100001011
0000001100010000010000111
0000001100010000010100011
0000001100010000100000111
0000010000010000010011101
0000010000010000010101101
0000010000010000100011011
0000010000010000100011101
0000010000010000100101011
0000010000010000100110011
0000010000010000101011001
0000010000010000101100011
0000010000010000101101001
0000010000010000101110001
0000010000010000110010101
0000010000010000110011001
0000010000010000110101001
0000010000010000110110001
0000010000010001000101011
0000010000010001000101101
0000010000010001000110101
0000010000010001001001011
0000010000010001001010011
0000010000010001001101001
0000010000010001001110001
0000010000010001010010101
0000010000010001010101001
0000010000010001010110001
0000010000010001100001011
0000010000010001100010011
0000010000010001100010101
0000010000010001100100011
0000010000010001100101001
0000010000010001101001001
0000010000010001110001001
0000010000010010000101101
0000010000010010000110011
0000010000010010000111001
0000010000010010001001011
0000010000010010001101001
0000010000010010010001101
0000010000010010010010101
0000010000010010010011001
0000010000010010100010011
0000010000010010100100011
0000010000010011000001011
0000010000010011000100011
0000010000010011001000011
0000010000010011010000101
0000010000010100000110011
0000010000010100100001011
0000010000010100100010011
0000010000010101000010011
0000010000010101000100011
0000010000010101001000011
0000010000010110000100011
0000010000010110001000011
0000010000100000100011011
0000010000100000100110011
0000010000100000101001011
0000010000100000101010011
0000010000100000101100011
0000010000100001000010111
0000010000100001000011011
0000010000100001000011101
0000010000100001000100111
0000010000100001001010101
0000010000100001010001101
0000010000100001010100011
0000010000100001011000101
0000010000100001011100001
0000010000100001100010011
0000010000100001100100101
0000010000100001101100001
0000010000100001110000101
0000010000100001110100001
0000010000100010000010111
0000010000100010000011101
0000010000100010000110101
0000010000100010001001011
0000010000100010001010011
0000010000100010001010101
0000010000100010010000111
0000010000100010010001101
0000010000100010010100011
0000010000100010011100001
0000010000100010100001011
0000010000100010100100101
0000010000100010101000011
0000010000100010101001001
0000010000100011000001011
0000010000100011001000011
0000010000100011001000101
0000010000100011010000011
0000010000100100000100111
0000010000100100000110011
0000010000100100000110101
0000010000100100001010101
0000010000100100001101001
0000010000100100001110001
0000010000100100010000111
0000010000100100010010101
0000010000100100010100011
0000010000100100010110001
0000010000100100011010001
0000010000100101000001011
0000010000100101000100011
0000010000100101000100101
0000010000100101001000101
0000010000100101001001001
0000010000100101010000011
0000010000100101010000101
0000010000100110000010101
0000010000100110000011001
0000010000100110000100101
0000010000100110001000101
0000010000100110010000011
0000010000100110010000101
0000010000100110100001001
0000010000101000001010011
0000010000101000001110001
0000010000101000011010001
0000010000101000100011001
0000010000101000100110001
0000010000101000110010001
0000010000101001000010011
0000010000101001000100101
0000010000101001001000011
0000010000101001001000101
0000010000101001001010001
0000010000101001001100001
0000010000101001100010001
0000010000101010000011001
0000010000101010000100011
0000010000101010000100101
0000010000101010000110001
0000010000101010001000011
0000010000101010001000101
0000010000101010001100001
0000010000101010010000011
0000010000101010100001001
0000010000101100000100101
0000010000101100000110001
0000010000101100001000101
0000010000101100010010001
0000010000101110000010001
0000010000110000010001101
0000010000110000010010101
0000010000110000010011001
0000010000110000010101001
0000010000110000010110001
0000010000110000101000011
0000010000110001000001011
0000010000110001000001101
0000010000110001000010011
0000010000110001000010101
0000010000110001000100101
0000010000110001001010001
0000010000110001001100001
0000010000110001010000101
0000010000110010000010101
0000010000110010000100101
0000010000110010001000011
0000010000110010001001001
0000010000110010010000101
0000010000110010100001001
0000010000110011000001001
0000010000110100000100011
0000010000110100000110001
0000010000110101000001001
0000010000111001000010001
0000010000111010000010001
0000010001000001000100111
0000010001000001000101011
0000010001000001000101101
0000010001000001001000111
0000010001000001001010101
0000010001000001001100101
0000010001000001010000111
0000010001000001010010101
0000010001000001010100011
0000010001000001011000011
0000010001000001100001011
0000010001000010000101011
0000010001000010000101101
0000010001000010010000111
0000010001000010010001101
0000010001000010010010011
0000010001000010010010101
0000010001000010010100011
0000010001000010010101001
0000010001000010011000011
0000010001000010011000101
0000010001000010100001011
0000010001000010100001101
0000010001000010101001001
0000010001000010110001001
0000010001000011010000011
0000010001000011010000101
0000010001000011100001001
0000010001000100001000111
0000010001000100001001011
0000010001000100001010011
0000010001000100001100101
0000010001000100001101001
0000010001000100010100101
0000010001000100100001011
0000010001000100100101001
0000010001000100101000011
0000010001000100101001001
0000010001000100101010001
0000010001000101001000011
0000010001000101010000101
0000010001000110000010101
0000010001000110000100101
0000010001000110000101001
0000010001000110010000101
0000010001001000001000111
0000010001001000001010011
0000010001001000001110001
0000010001001000010000111
0000010001001000010010011
0000010001001000010011001
0000010001001000010110001
0000010001001000011000011
0000010001001000100100101
0000010001001000100101001
0000010001001001001000011
0000010001001001010000011
0000010001001001010010001
0000010001001001100001001
0000010001001010100000101
0000010001001010100001001
0000010001001100000100101
0000010001001100001000101
0000010001001100001010001
0000010001010000010010101
0000010001010000010101001
0000010001010000100001011
0000010001010000100001101
0000010001010000100010101
0000010001010000100011001
0000010001010000100100011
0000010001010000100101001
0000010001010000100110001
0000010001010000101000011
0000010001010000101001001
0000010001010000110000101
0000010001010000110001001
0000010001010001100000101
0000010001010010000010011
0000010001010010000010101
0000010001010010000100011
0000010001010010010001001
0000010001010010100001001
0000010001010100000101001
0000010001010100001000011
0000010001010100001001001
0000010001010100100001001
0000010001011000100001001
0000010001100000100100101
0000010001100000101000011
0000010001100000101001001
0000010001100000110000101
0000010001100001000100101
0000010001100001001000011
0000010001100001001000101
0000010001100001010000011
0000010001100001010001001
0000010001100001100000101
0000010001100010010000011
0000010001100010010000101
0000010001100010100001001
0000010001100100000100101
0000010001100101000001001
0000010001101000010001001
0000010001101000100001001
0000010010000010010000111
0000010010000010011000101
0000010010000100001010101
0000010010000100010000111
0000010010000100010010011
0000010010000100010010101
0000010010000100010100011
0000010010000100011000101
0000010010000100100011001
0000010010000101000001011
0000010010000101000101001
0000010010000110000010101
0000010010000110000011001
0000010010000110001001001
0000010010001000010010011
0000010010001000010010101
0000010010001000010100101
0000010010001010000100011
0000010010001010001000101
0000010010001010010000101
0000010010001100001000101
0000010010010000100010011
0000010010010001000010011
0000010010010001000101001
0000010010010010001000011
0000010010100001000100011
0000010010100010001000101
0000010010100010010000101
0000010010100100001000101
0000010010100100010000101
0000010011000010000100101
0000010011000010010000101
0000010011000100010000101
0000010011001000010000101
0000010100000110000100011
0000010100001000010010011
0000010100001000100001101
0000010100001000100100101
0000010100001001000010011
0000010100001001000100011
0000010100001001001000011
0000010100100001000010011
0000010100100001000100011
0000010100100001000100101
0000010100100010001000011
0000011000010000100010011
0000011000010001000010011
0000011000100001000100011
