0001111101110111110101101001010110010011100111111
0001111101110100101001001011111101100101101111111
0001111101101001010111110010010011100110111111111
0001111101101001010110111010010011100110111111111
0001111101100110011010010101111100110101110111111
0001111101011011001011001101010011101111001111111
0001111101001101011001011011101110010101111011111
0001111101001001111001110101001110110111001111111
0001111100110010110100101011011101010111011111111
0001111100101101101111110110101010011100110011111
0001111100100101001011010110011010111011111111111
0001111100100100110011011110101011011101111011111
0001111011101010111100101101001100100111011111111
0001111011010101011101111110011001011011010011111
0001111011010011001011110111010101011011010111111
0001111011010011001011010111010101111011010111111
0001111011010011001011010111010101111001110111111
0001111010110010101011011100111011111110010011111
0001111010101101001100101111011101110101001111111
0001111010101011011001011010011001110111101111111
0001111010101001001110111101101101111101010011111
0001111010101001001010111111101101111100110011111
0001111010100110111010010101111101011001110111111
0001111010100110110010010101111101111001110111111
0001111001011111111111011001010110101010011001111
0001111001011101100111010100110110100101111111111
0001111001011101100110010100110110110101111111111
0001111001010011111011100110011101001011101111111
0001111001001101101011011101110011101010011111111
0001110111111110001111100110110010100101011011111
0001110111111010101011110111101001001110010011111
0001110111110111001100110100101101010101110111111
0001110111101100111101101101010010011101011101111
0001110111100110111011010100111011111011001001111
0001110111100110111001010100111011111011001011111
0001110111100101010010011010111111110110110011111
0001110111011110101010100101101001101100111111111
0001110111011011011001001111110111010110101001111
0001110111011010101001111110101111101101001001111
0001110111011001111001010010111110011010101111111
0001110111001010110010011011111110100111101011111
0001110111001001110101001101111101101011111001111
0001110110111111101101011010100110010011111001111
0001110110111001111011111100100101110110010101111
0001110110101111010111010100100110110011101111111
0001110101111010100100101111111011011011001110111
0001110101110111111010110110011100110101001011111
0001110101110010011110101001101010111111110110111
0001110101110010011110100101101010111111110110111
0001110101101011111111001100111100100110101011111
0001110101101010111010111001001100111111101101111
0001110101100100101110011011010100111011111111111
0001110101001110111110101111101010010110011011111
0001110101001001011111101001010110011111111101111
0001110100111010111111011011111100100101011010111
0001110100111001110010010101111101111111010011111
0001110100100111001111101101100111111101010110111
0001110011111111101110101011010010111001001110111
0001110011110101011111100110111001001011011011111
0001110011110010011010101010110110111110111011111
0001110011110010010010101010110110111111111011111
0001110011101110101001111111101110110101001001111
0001110011100110111011010100111111111011001001111
0001110011100110110011010110111111110101001011111
0001110011011111101110101011011010111001001110111
0001110011010111111001110111101001001101010111111
0001110011010100110110111110010011111010111101111
0001110010111111101110101011011010111001001110111
0001110010111101010101100100101111011010111111111
0001110010110110111011001101010011110101011111111
0001110010101100111111011110111101101100100110111
0001110010011010100111101001110110111011111101111
0001110010010110111011001101010111111010101111111
0001110010010110110111011011101110101010111101111
0001110010010110110111011001101110101010111111111
0001110010010100110111011011101110101010111111111
0001101111111111010011011001111010111001001010111
0001101111111101010101101111101101101010010010111
0001101111111010111110110010010100101100110111111
0001101111110101011100111011101101011011001001111
0001101111110101010111101110101101001110010011111
0001101111101001010011101111101110101110110010111
0001101111100101011100111111101101011011001001111
0001101111010010100111110111001110101110110011111
0001101111000111101001111011111101011001010110111
0001101111000111001101100111111111010101001011111
0001101110111110111001111100100100101101010111111
0001101110111110010111011011111110010010101100111
0001101110111101101110101101101010010110011101111
0001101110111011110100110010110101011110001111111
0001101110111001101110101101101010010110011111111
0001101110110101110110111010111010100101100111111
0001101110101110010101011010010110011111110111111
0001101110101100111100111101111101010010110011111
0001101110101011010111101001001001111110111110111
0001101110101011010110101001011001111110111110111
0001101110101001011001011001111101100111110111111
0001101110101001001111100101110010010111111111111
0001101110011101101110101101101010010110011111111
0001101110010010011111010111010100101111011111111
0001101101111101110101010100101011001110011111111
0001101101110101001011001111110011101011001111111
0001101101110101001001011011101111111100111010111
0001101101101111100110100111111101101001010111011
0001101101101100111001111101011110100101010111111
0001101101010110111010100100111111111110011001111
0001101101010101111111110001111001001101101111011
0001101101010011111011101110001111001011101111011
0001101100111110011111111010011110101001011010111
0001101100111101101110101101101010010110011111111
0001101100111101010100101110011110111111011001111
0001101100111101010010111101110001110110111110111
0001101100110111111011111001010011110111001010111
0001101100101111011100111111010010010101111110111
0001101100101101110111100111101010111111010010111
0001101011111111110101110011001110110010010101111
0001101011111100011011101010010110011111011111011
0001101011110101111110100111110110110010101100111
0001101011110010111111010101001110111111010011011
0001101011100100111111011011010101011111001101111
0001101011100100111101011011010101111111001101111
0001101011011011101011100101001001111111110111011
0001101011011001111010101010010111111111011001111
0001101010111011110011001011111100111101001101111
0001101010110010010111011111110101111110010110111
0001101010101110111101001101111111001100101101111
0001101010101110111001001101111111001110101101111
0001101010101110101110111101111100111001001101111
0001101010101011111111101100100111111011000110111
0001101010100111110110010110110101100111110111111
0001101010100110111110001111100100111011111110111
0001101010100101111110111100111100111011101011011
0001101010011100101101101100110011111111111010111
0001101010010110110111101011001111111011001101111
0001101001111111001110011111001011101010101111011
0001101001111101110111101100011011001010101111111
0001101001101111110111100111110010101011110011011
0001101001101100101010111111101101111011001110111
0001101001101100011111110101111110010100111011111
0001101001100101011100101011111110001111111011111
0001101001011101111010100111110111111100110101011
0001101001011101100111010100111110110101111111011
0001101001011101100111010100110110110101111111111
0001101001011100011110010101011111111010111111011
0001101001010111011011111011000111101111100111011
0001101001010111001110111101101011111110111001011
0001100111111100110110010100101101110101111101111
0001100111111001011101001101010110101111111101011
0001100111110111111100101100111110111010100101011
0001100111110111101011111011001010010111001011111
0001100111110111101010111111011011110010100100111
0001100111110110111111010101100100101001111110111
0001100111110110110111101011111010100111001010111
0001100111110101001011010111110111011111000110111
0001100111011111010011101001010111110011011011111
0001100111011010011110010101010110111111001111111
0001100111010101110110010011111101111110101101011
0001100111010101001011111110111111000110110110111
0001100111010011101110110100110111111100101011111
0001100111010011101010110110110111111100101011111
0001100111010011001010110111010101111101101111111
0001100110111111111011001010111101001001111001111
0001100110111100011111110011111010101001011011111
0001100110110010101111101101010011101111110110111
0001100110101110011101011010010100111111110111111
0001100110101100111010111110011111111110101001011
0001100110011111011101111111001110101001001011111
0001100110011110011101111111011110101001011010111
0001100101111100110111110010101101010011011111111
0001100101111010011111110110011110100101011101111
0001100101111001010100100101101110111111011111111
0001100101110111111011111110010101001010011011111
0001100101110101011110100111011111011011001111011
0001100101110101011110100111011111010111001111011
0001100101110101011010100111011111011111001111011
0001100101110101001111110101101011101111101001111
0001100101101111111100111111001001110101101010111
0001100101011010011101001110110111110110101111111
0001100101010101011110100111011111011111001111011
0001100101001111100101110111110101110101011011111
0001100101001010111101101110111110001101111011111
0001100101001010101101111110111110001101111011111
0001100100111111111001010111101100101110101111011
0001100100111111010101101101001111111110001110111
0001100100111011010111011110011100101011011111111
0001100100111010011110111111111100101011010101111
0001100100111001110110010101111101111111010011111
0001100100110111011111011110011110101011011110011
0001100100101011011111101001111110101110111100111
0001100100101011010111011110011110101011011111111
0001100100101010111110111111111100101011010101111
0001100100101001111011101111100111101001111110111
0001100011110010101101010111010011011111011111111
0001100011101101001001111110110101011101110111111
0001100011011111001010010101101101111011110111111
0001100011011011001010010101111101111011110111111
0001100011010111110011111111011011001010100111111
0001100011010101001111110010110010111011111111111
0001100011000111111010010100101111111011110111111
0001011111111110011110100110010110011101011101011
0001011111111101011011010111001001111101010110011
0001011111111100101110101111101101101010011100011
0001011111111011001111110101011000111110100100111
0001011111111010111000111101101111100101101010011
0001011111111010110111001001110001110011111011011
0001011111110111001110101001100101100011111011111
0001011111110110111101011010011111110010011100011
0001011111110110111101011010010111110110011100011
0001011111110110101110110011110111001001010011111
0001011111110100111011110011110010111010110110011
0001011111110011111111010010101011101101101100011
0001011111101111111110011010110011001001110010111
0001011111101111100011010111111011001111001010011
0001011111101111011010010101110110110011100011111
0001011111101111010010011000111011101100111101111
0001011111101110110100111111010111100011000110111
0001011111101101111001001101011011100100111011111
0001011111101100111001100101010011100111110111111
0001011111101011010111100011010011001101111011111
0001011111101010111111011011101101001001110010111
0001011111100110101110110011110111101001010011111
0001011111100110010110111000111111011101111010011
0001011111011111100011101011100100110110101101111
0001011111011110111001010010111011001101001111111
0001011111011110011010010101001100110111011111111
0001011111011101100111111100101010110100111101011
0001011111011101001010010111011101111011010111011
0001011111011100100111111100111010110100111101011
0001011111011011110001110010101101110011011111101
0001011111010101001111111111011100101100100111011
0001011111010011101110100111110010110011101111011
0001011111001111111010111101001100011010111110011
0001011111001111101010100111110110101101101110011
0001011111001101011011110111101010111010011001111
0001011111001101011010111111101010111010011001111
0001011111001101011010110111101110111010011001111
0001011111000110111111110111011010010101111100011
0001011110111111110010100111101011100111010110011
0001011110111111110010100101101011100111110110011
0001011110111111001001001110011101111001011101111
0001011110111110111011010011011000111010010111111
0001011110111110110100111111010111100111000110011
0001011110111011001111110101011001111110100100111
0001011110111010101110010010111011001110111110111
0001011110110111100111101111111101010010101010011
0001011110110111100111001111111111010010101010011
0001011110110101100100110011100111110110111101111
0001011110110101100100110011000111110111111101111
0001011110110100111111110111010101100110111100011
0001011110110100110001101100101101111111110111101
0001011110110011100111101111111111010010101010011
0001011110101111101100101110111011110100111100011
0001011110101111011110001110111110010011010110111
0001011110101101011111100111110001100110101111101
0001011110101100100101111111001101111110011100111
0001011110101011011010011110111111101001101100111
0001011110101010011010010110011111111001110111111
0001011110100110001111011101010110111100110111111
0001011110100110001111011101010010111110110111111
0001011110100101110110110101111100110001111110111
0001011110011111011111110110001101011001001101111
0001011110011110111011110011011000111010010111111
0001011110010100111000111111010101100110111111111
0001011101111111010010101011011001111010011110111
0001011101111111001111010011011111001100101101011
0001011101111101111100011000110110100111010111111
0001011101110111111110101001111011010011101001011
0001011101110111111101101001010110010011100111111
0001011101110111110101101011010110010011100111111
0001011101110111001110100100101111001011111101111
0001011101110101001110111000111111111110100110011
0001011101110100100111110011110111101111100100111
0001011101100101101011001011111110111011110100111
0001011101100011010010111111010111111111101000111
0001011101011111110011010011101011010100111111011
0001011101011111011110011101111100101100110100111
0001011101011111011101101111100101001100011111011
0001011101011100101001111011011111001001110111111
0001011101011011000110101111111100111011101001111
0001011101011010011110011101110010011111011011111
0001011101010111111101101011010110010011100111111
0001011101010110111110010010111111101111000110111
0001011101010011111110011110010101011111111001011
0001011101010011111110010110111011111101101100011
0001011101010011100101001111111111011001111101011
0001011101010011000111101101010111010011111111111
0001011101001110011101111010110110111000111111011
0001011101001110011101111010110110110001111111011
0001011101001110011101011010110110111001111111011
0001011101001101111101110010101101110110011110111
0001011101001101111011101110101101011000111011111
0001011101001010011101111111110100011101011111011
0001011101001010011101111111110001011101011111011
0001011101001001111101011111110101111001110110011
0001011100111111010011010101011111101011011110011
0001011100111110111010011000110111101011101101111
0001011100110111100111101111111111010010101010011
0001011100110101100111111111110001100101110111101
0001011100110011010111100011111111111101001001111
0001011100101110101101101111101110010100111111011
0001011100101001011110111100110111010111011111101
0001011100101001011110111100110111010110111111101
0001011100100101110110111101111100110001111110111
0001011100100101110110110101111100111001111110111
0001011100100100111110111110001100111011110111111
0001011011111111010010100111110001110111010111011
0001011011111110111110011100110010011010110111101
0001011011111110110111101000111111101001011000111
0001011011111110110111100010111111101001011000111
0001011011111110010011100101110011110111010111011
0001011011111100110111101010111111101001011000111
0001011011111011011110111010101001010110011101111
0001011011111011011110011010101001010110011111111
0001011011111011011010111010101001010110011111111
0001011011111011000111101011011101110011111010011
0001011011111001111111001001111011010111000111011
0001011011111001111011111101001010110011001110111
0001011011111001110111001111111110110100100101011
0001011011111001101011110101111110100011100110111
0001011011110111111011100011111100011010011011101
0001011011110111110010011101101011101011100101111
0001011011110101010011011111111001111110010110011
0001011011110011101100010111111111101011101001011
0001011011110001101101111010111010011111100111011
0001011011110001100111111010111010011111100111011
0001011011101111111011010010110111000111011001111
0001011011101110011010111111001011011111110100011
0001011011101101111011010011110111000111011001111
0001011011101011111111001110110001110100111101011
0001011011101010010110011101001100111111101111111
0001011011100111011001010111010111110011111101101
0001011011100110001111010011010111011111110101111
0001011011011101111011100111110101001100011111011
0001011011010101111111111010010111011100110001111
0001011011010011101001110101111110111011100111101
0001011011001100111111010111010010111110011101111
0001011011001100111011010111010010111110111101111
0001011011001010110100111011111111101001100111111
0001011010111111111011011101001110100010111100111
0001011010111110111101100111001110101110100111011
0001011010111110011010011000101111101101111011111
0001011010111010111010001111111100111011110110011
0001011010111010011111110001110001111111011110011
0001011010111001111101100111111001001110111010111
0001011010111001111101100101111001001110111011111
0001011010111001101111111010011000111101101111101
0001011010111001001111111010011000111101101111111
0001011010111000111101101111111001001110111010111
0001011010111000111101100111111001001110111011111
0001011010101001110011111101000111110111110110111
0001011010100110101111110011100111111111010101101
0001011010100110101110110011110111111110010101111
0001011010011101111101111001001110111011011010111
0001011010011101111100111011101100011111110101101
0001011010011101111001001111111101001110111010111
0001011010011101110101110011111110110010111110011
0001011010011101110101110011110010110110111111011
0001011010011101100111111001001110111011111010111
0001011010011101100111001111111010111111100101101
0001011010011011110101111111001110111011100101101
0001011010011001111110111010111101110111100011011
0001011010011001111100110010101101111111001111111
0001011010011001110111010111101100111101111010111
0001011010011001101110111010101101111111100011111
0001011010010101100111111001001111111011111010111
0001011010010011101011100111111010011001111111111
0001011010001101111111111001001110111011011010111
0001011010001101011100110111111100101101111011111
0001011001111111100101010111111100110110101001111
0001011001111111011000111010010111001101011111111
0001011001111110111010101001111111010011101011011
0001011001111110110001110101001101011111101101111
0001011001111110100100111000101111111101100111111
0001011001111101111101100011011101010010110111111
0001011001111101011110100110111111101101001100111
0001011001111101010011101011011110110001101111111
0001011001111101001111101010011100110101111111011
0001011001111101001011100110011101111111111010011
0001011001111100111111101001111101010011101011011
0001011001111010011111111011101001110101100111011
0001011001111001111011111101001010111011001110111
0001011001110111010110100111111011011011000111111
0001011001110101001011101111011001110101111111011
0001011001110101001011101101011001110110111111111
0001011001110100101110100111110101111011110111011
0001011001110100101110100111110100111011111111011
0001011001101111001011100011111110100111011111011
0001011001101111001001100011111110101111011111011
0001011001101110011100011110100101111111011111101
0001011001101101111101111111011110001101010100111
0001011001101100011101011110100101111110111111101
0001011001011101111111001101011110111110100101011
0001011001011101111011000110110101001111101111111
0001011001010111001110111101011111001001111111011
0001011001010011111101111010111011011110001110111
0001011001001101101011111101010111110110111100111
0001011001001010011111111111010110111011001111011
0001011000111101110011111011011111010011101010111
0001011000111101011111101101101111111010001110011
0001011000110110010011111101001011101111111101111
0001011000101111111101011011011101011001110111101
0001010111111110111100111111010001111001100101011
0001010111111110110101011001001101100011101111111
0001010111111110100111001111110010110111011000111
0001010111111110100111001111110010110111001001111
0001010111111100101101000111001011011101101111111
0001010111111100011100100101101110111011011101111
0001010111111011100111001011111111100011011010011
0001010111111001111100101101111101101001110011101
0001010111111001010011100111110011111110011101101
0001010111110111011111110110010010111001101101011
0001010111110011001001011110111101110111100101111
0001010111110010111101111100111001001011101110111
0001010111110001100101010011111011111110011111011
0001010111101111101101001110010011111000110111111
0001010111100111111101100101001010111110011111011
0001010111100101001111110011011000111111011111011
0001010111011111100101011011111001111011010011011
0001010111011101111110011101001111111011010010011
0001010111011101011110011111001111111011010010011
0001010111011011000110100111110011111111001111011
0001010111011010110100100111110011111101111011011
0001010111010011111111100110110111101011011001011
0001010111010011111001110111111110010110001101111
0001010111010011100011011001111101110110101111111
0001010111010010110011101111111111001011100101111
0001010111001111011001001011011111110111011001111
0001010111001111010010010010111011111101101111111
0001010111001010110110100111110011111001111111011
0001010111001010100111110100100111111011111110111
0001010110111111110111101110010010110100111001111
0001010110111111011111011000111111100100111001101
0001010110111111011011011101010010110011100111111
0001010110111110111000110110011110101001111110111
0001010110111100100110110011110111110111101010111
0001010110111010011111101101101001111110111001101
0001010110111001111011111100100111110110010101111
0001010110110111101100111001111110011101011011101
0001010110110110011111011010010100111111110111101
0001010110110100011111110111111010011001110101111
0001010110110010111111001110100111011011101110111
0001010110101001111101110101011011001111111110101
0001010110100111111111001101010111100111110011011
0001010110011111101111000110110111011110100110111
0001010110011101001100111111101101011111100011111
0001010110011100100110111011111111110011101010111
0001010110010111111011000111101111101110110101101
0001010110010011011111111110111010101011100111011
0001010110010011011111111110011010111011100111011
0001010110001111111011011001111001111010100111111
0001010110001111011111010011010111101100110111111
0001010101111111110100011111001011010111011110011
0001010101111101001001100111011011001111111101111
0001010101110111110001111110110100101111010111011
0001010101110011111110111110100101101000110111111
0001010101110011101111011011111110100100110011111
0001010101110010111111110011001111011011110101101
0001010101101111110110111110001100111011010011111
0001010101101111001111111010011101101001111011011
0001010101101110110111110011111110010010111100111
0001010101101110110111001001111111100111101101101
0001010101101101001111100111110011011110110111011
0001010101101101000111100111110011111110110111011
0001010101101000111111011111110101001101011111011
0001010101100111111111011010111011100100110011111
0001010101100111010111011111111011100100101101111
0001010101001111100111110111100111001101111101101
0001010101001111001111011110101101100110110111111
0001010101001101110111101111111101011000110011111
0001010101001101100111110111100111101101111101101
0001010101000111101101101101111010111001111101111
0001010101000101101111100111110111101101101101111
0001010100111111111101001111110110011101011001011
0001010100111111011010111101110010110011100111111
0001010100111111011001011010111111010111011110011
0001010100111111001110110100110111110110011101111
0001010100111110110100111011011111001111110110011
0001010100111011001100011101101101111111011011111
0001010100111001111111011011001101011110010111111
0001010100110111111001011011101011110011111110011
0001010100110111101100111011011111100111011010111
0001010100110110011111010011111101111010111001111
0001010100110101111111011010111011111001011001111
0001010100110011111110110111101111010011111001101
0001010100110011111110110111101111001011111001101
0001010100110011111110110111101111001010111001111
0001010100110011111110110110101111011011111001101
0001010100110011111100110111101111011011111001101
0001010100101111011111101100101101111101001110111
0001010100100111111111011010111011110100110011111
0001010100011110111100111101101110110110100111111
0001010011111111111001011110100110011101101001111
0001010011111110111110011110111100011001010111011
0001010011111110111110011110110100011011010111011
0001010011111101111011011100110011110101001111101
0001010011111101101000110111110011110110110111101
0001010011111101011110111011100101101100101011111
0001010011111100101111100111011010101101111011101
0001010011111011110111011110110001011111000111101
0001010011111011110011101101111100111111001001101
0001010011111001111011011101110010111111001110101
0001010011111000111111101111001100101111011011101
0001010011110111011101110100101111101011011001111
0001010011110110011111101011011100100111101011111
0001010011110110011110101011011100100111111011111
0001010011110110011010101110110010111111011011111
0001010011110110011010100011110111111110011011111
0001010011110011110110110111011010011111100111101
0001010011110011010110110111011011011111100111101
0001010011101111111110011011110110010011101011101
0001010011101111110101111100100111101000111011111
0001010011101111110101011101100111101000111011111
0001010011101101111110111010011101110111101000111
0001010011101101110101111101100111101000111011111
0001010011101101110011110101010110011110110111111
0001010011101101100101101110110111111101100111101
0001010011101010111110101111001001111111111001011
0001010011100111111010111111101010011111011100101
0001010011100111111001111011110011010101101111011
0001010011100101111110100111111001101101111110101
0001010011011111111110110101011111100010100111101
0001010011011011001111110001110101111011110111101
0001010011011010001101111010101111001111110111111
0001010011011001101110010101111011011111011110111
0001010011010101111111100010110111011110110011111
0001010011001111110101111101100111101000111011111
0001010011001111101111101111110110001011110010111
0001010010111110111010011110111100111011010111011
0001010010111101000111101100110101111101111110111
0001010010111011011011110011100111101111101011101
0001010010111011010011111011100111101111101011101
0001010010111001111011010101110110111111001111101
0001010010110111111101110110011010111110001111011
0001010010110111111000110111010011110111110111011
0001010010110111101011101110011111110010111011011
0001010010110111010111111110001110110111110110011
0001010010110110111110011011111100111011110110101
0001010010110101011101110001101111101111110111011
0001010010110011011011111011100111101111101011101
0001010010101111101001111111110011010011110111011
0001010010101011111111011111101110100010101111101
0001010010101011111010001010111111110111111011101
0001010010101011010001111111100111101111111011101
0001010010101001101110011000111111110111111011111
0001010010100111011111000101101111111011110111011
0001010010011101111101100111111101001110111010111
0001010010010101110101111011101111100011111111011
0001010001111101010011101011011110010111011111111
0001010001111010011110101001111011101110110111111
0001010001111001010111111011011110010111011101111
0001010001111001010111111011011010010111011111111
0001010001101101111001111010101101111111001111011
0001010001011011111111101001111111001110110100111
0001010001011001111011111101101011001111110110111
0001010001010011111001010111111101010111111101111
0001001111111111101101001111010010111001110011101
0001001111111111100111101010111011001100110100111
0001001111111111001101110101110101001001111001111
0001001111111110100111110011111011010110100110011
0001001111111110011011111010110101010011111010011
0001001111111110011011011010111101010011111010011
0001001111111101011000111011101101111011001001111
0001001111111011111010111110011010111101001001101
0001001111111010111101011010110010110011111101011
0001001111111010111100011010111111110011011000111
0001001111111010111001101111011111001010111001101
0001001111111010100111101101011111101010111001101
0001001111111001011010111101011101011101110010111
0001001111111001011001011010110111011011111011101
0001001111111000101101101111111111011000111100011
0001001111110111111111000111001101110101110100101
0001001111110110110001111010010101110110111110111
0001001111110110100101010111111110111110001110101
0001001111110110011011111010111101010011111010011
0001001111110101011110001110011011110111101101101
0001001111110011111011011110111101011001101010101
0001001111110010101111100111101011111101101100101
0001001111101110110001111110111111110100100101101
0001001111101110100101011101111001011011110011111
0001001111101110011100101110111110110011011010111
0001001111101110001010101101000111011011111111111
0001001111101101101111010101110101110011100111011
0001001111101100100101101111011111101111110001101
0001001111100111101101001111011101110011011110101
0001001111100111001111111011010011100101111110101
0001001111100101101111110101110101110001110111011
0001001111100101101111110101100101111001110111011
0001001111011011110101101000111010111001011111111
0001001111011011100110100110011110100111110111111
0001001111011010110001101010111101111101111011101
0001001111010111111101001101111101101110010101011
0001001111010110110010111010111111111000111101011
0001001111010110101110110011110111101011110011101
0001001111010011101010100111111100111011111101101
0001001111010001110111110111101011101101101111001
0001001111001101110001111111110111110110101010011
0001001111000111110110011110110101010111111111001
0001001111000111010110110011101101011111111101101
0001001111000101111100110101101111011110111011101
0001001111000101111011011110011110011101111111001
0001001110111110011011111010111101010011111010011
0001001110111010100111100010101101100111111111111
0001001110111001111101111110110100111000101111101
0001001110110111100111010011010111111110101001111
0001001110110101010010011110011111101101111011111
0001001110101111000111011010111111101001101011111
0001001110101110111110001111110110110101111100011
0001001110101110110111101101001011001100111111111
0001001110101110110110101101100011110001111111111
0001001110101110110010111111011110111100101001111
0001001110101110110010111110011110111100101011111
0001001110101110100111101101001011101100111111111
0001001110101110010100111111010011110111110110111
0001001110101001101011101110100111001111101111111
0001001110100111111011011010111110011110001110111
0001001110100111100011101011111111011010011101111
0001001110100110101011011111111010100011111110111
0001001110100011111101111011100110001111101111101
0001001110011111110011111011010011111101110010101
0001001110011111110001111011010011111101110010111
0001001110011111100101110101111111011000111101101
0001001110011111010111001110101111110110111001011
0001001110011101100101110101111111111000111101101
0001001110011010011011011111110101001111010111111
0001001110010110101110011111011101101011111110011
0001001110001111111110100011011110111010111011011
0001001110001110101110110110100111111111110011101
0001001101111111100011111010111100111101110010101
0001001101111111011111100101111011000111011100101
0001001101111111010111100111100010101111001101111
0001001101111111000101111010111101111001101011101
0001001101111110101011110011100010110110101111111
0001001101111110011111100101111011000111011110101
0001001101111101111110111010100011110010101111011
0001001101111101111110111010010011110010101111011
0001001101111101011110111111010001110100101101111
0001001101111100111110101010111101101111100111001
0001001101111100111101101011010001111111101010111
0001001101111100110101101101011110101011110011111
0001001101111100011011010011010101111011111101111
0001001101111011111000101111110111101011110001101
0001001101111011011111111001101011100111110010101
0001001101111010110001111110001110110110111110111
0001001101111001101011110101011110001111111010111
0001001101111001101011110101011110001111011011111
0001001101111001101011110001011110101111111010111
0001001101111001101011010101011110001111111011111
0001001101111001011001110101101010111111001111111
0001001101110111111111100111010101110011010110011
0001001101110111111111100111010101110001010111011
0001001101110111101011111110100110101001111101101
0001001101110111010011101111111001111101001001111
0001001101110101110111001101111111111001110100011
0001001101110011111111111010111001001111001110011
0001001101110011010111110010011011111010111101111
0001001101110011010111000110101111101011111101111
0001001101101111110101110111010100111110101110011
0001001101101111001101011010110101111111011011101
0001001101101111001101011010110101111111011001111
0001001101101111001101011010100101111111011011111
0001001101101111001101010011110101111111011011101
0001001101101111001101001010110101111111011011111
0001001101101011111110111101110011100010110011111
0001001101101011111110110111100111000110101011111
0001001101101011111010011010111111101011100101111
0001001101101011011111110011101010011111111000111
0001001101101011011010011011111111101111100101101
0001001101101010101101111011111001101111001111011
0001001101011111111101110010100111110100110011111
0001001101011111110110011010111100010011111101111
0001001101011111110110011010110100010111111101111
0001001101011111100011010111101010111101101101111
0001001101011111011110011001111110101100110101111
0001001101011111010110101111100110101111001101111
0001001101011111000101111010111101111001101011111
0001001101011110111101111100110111110001011110011
0001001101011110111011101011110101111001101001111
0001001101011110111011100011110101111001101011111
0001001101011110110011101011110101111001101011111
0001001101011110011111111010111100010011011110111
0001001101011110011110111111010110101111110010011
0001001101011110011101111010111100010011011111111
0001001101011110001001101011111111110110110101111
0001001101011110001001101011110001111111101111111
0001001101011110001001101011110001111111011111111
0001001101011101111111001001111110011010110101111
0001001101011100011011110011110101111011110101111
0001001101011011111010111110101111000110101111011
0001001101011010011010110101111010111111101011111
0001001101011001101111011100011101111111111011001
0001001101011001101111010101011101111111111011001
0001001101011000110011010111101111010011111111111
0001001101010101111111001101111011111001101101011
0001001101010101111110001101111011111001111101011
0001001101010101110111001101111111111001110101011
0001001101010001111001111110110111010101101111111
0001001101001111111011111001011101111001011100111
0001001101001110111011101011110101111001101011111
0001001101001110011111100111111110010101011110111
0001001101001110011111011111111001011011011101011
0001001101001110011111011111111001011011011100111
0001001101001110011111011111111001011010011101111
0001001101001110001001101111111111110110110101111
0001001101001011101111101001110111111110011001111
0001001101001011011111101011001110111111110011101
0001001101001001111111001111010111101111111011001
0001001101001001111010101111111011101001110111111
0001001100111111111111101101001011011101000101111
0001001100111111011111011011111010100111101010011
0001001100111110111101011010111111100110100110111
0001001100111100110101111101011110001011110111111
0001001100111000111011101101101001111111110101111
0001001100111000111011101101101001111110110111111
0001001100111000111011101101101001111101110111111
0001001100110111100101100101011111111010111101111
0001001100110101111000111101110101001111011111111
0001001100110100011111011111011010111101011011111
0001001100101101111111111010100011111101100011111
0001001100101011010111011110011110101011111111101
0001001100101001011110111101110101010111011111111
0001001100011111011011111010111110111001111010011
0001001100010111111101001100011111111011111011011
0001001100010111010111111110100111101111010110111
0001001011111111111010111010110011000111010011111
0001001011111111110111100111001101111010001101101
0001001011111111001011111011110111010100111001011
0001001011111100111101001101111011110100111010111
0001001011111011100011011110011111101111010011101
0001001011111011011111110010111101001100011110111
0001001011111010110111101011110001111111010110011
0001001011111010101110100111111110100111100111011
0001001011111001111111101101100111010011111100101
0001001011111001101011110111001111101011111010011
0001001011111000110111011011010110011111111101101
0001001011111000110111001101111100111101011101111
0001001011110011110111111110011011100010111101101
0001001011101111001101010011110101011111111011011
0001001011101110111011100101111100111101001101111
0001001011101101011001110111111111111000101100111
0001001011101011101110011010111111110011101001111
0001001011101011011110001101001101110111110111111
0001001011101011001110100011111011011101111111011
0001001011101001111110001011011111110111101100111
0001001011101000110110101111001110011101111111111
0001001011100111110110101110101111110011001101111
0001001011100110011001010111010111111011111101111
0001001011100110001111111011011111010101110110111
0001001011100011111010110011101111111110011101101
0001001011011111000110111010110001111011101111111
0001001011011110110011111110111110111100011001011
0001001011011110100110001111110111111110010110111
0001001011011101101010111011111100011011110011111
0001001011011011111111010111101011110111001100011
0001001011010111010101111011110111111000111101101
0001001011010101011011011111111101011100011110111
0001001011010100011011011111111101111100011110111
0001001011001111110001101111110111110111010100111
0001001011001111100011011111110101100111011101111
0001001011001110011010101011110011111111111011101
0001001011001101111101111101011011111000110111011
0001001011001101101011111111010001111101111011011
0001001011001011100111111111110101100101011101111
0001001011001000111111011111010001111110111101111
0001001011000110100111111111110101101111011100111
0001001011000110100111011111110101101111011101111
0001001010111111011110001110111110110111100011011
0001001010111110101111001101111111001111001101011
0001001010111110001101100111111110111110101101101
0001001010111010001101101111001111111011111111001
0001001010111001101111101001101111011111011001111
0001001010111000101111111100011110111111101101101
0001001010110011111111000101101111101101111011101
0001001010101111100111110111100110110111101101011
0001001010101110111101001101111111001110101101111
0001001010101110111001001111111100101111101101111
0001001010101110111001001101111111001111101101111
0001001010100111100111111010111001011110111011111
0001001010011111111011111000111010111100011011111
0001001010011111110110111111001011101110101100111
0001001010011011011100011110111111101011111110101
0001001001111111111111100011100011111110001001111
0001001001111111011111100101111011000111011110101
0001001001111101110101001111101011011110111001111
0001001001111000100111111100011110011111111110111
0001001001111000100111111100011100011111111111111
0001001001110111111110011111110101011010011010111
0001001001110111111110001111110101011011011010111
0001001001110110011110011010111101011011111011111
0001001001110101111110011111110101011011011010111
0001001001110101011100111111101001111011110111101
0001001001110100111111001111011110111010100111111
0001001001101111111111100111100011111110001001111
0001001001101111010011111100111100111011111110101
0001001001101101111001110110001111101010111111111
0001001001101101011011110111001111101010101111111
0001001001101101011010111110111001111101010111111
0001001001101010111110111100110111110011110101111
0001001001101010111101111011111111000101110101111
0001001001101010111101110001111111010111110111101
0001001001100110100111110111110101101111111100111
0001001001001110111111100111100111110101001111111
0001001001001011011111101011001110111111110011111
0001001000111000111011101101101001111111110111111
0001000111101011111001111011001110110110101011111
0001000111010101110011111111110111011001001110111
0001000110111101111111001111010010111010011011111
0001000110111011111111010011011011100101111010111
0001000110110111110111110001111110101011011100111
0001000110110111101011111101010101111111100100111
0001000110110111001001111101011100111101101111111
0001000110110110111010110111100111101011100111111
0001000110101111100110111101011011011110010111111
0001000110011111011101111111011110101001001011111
0001000110001111101011001011111010110111111011111
0001000110001110110110111001011110111110101111111
0001000101111110010011110011110101111011110110111
0001000101111101111010111111001101111000101101111
0001000101111011111110110111100111100110101011011
0001000101111010101101101000111110011110111111111
0001000101111001101011101011011110101111110011111
0001000101111001011101111110100100111111011101111
0001000101110110111111011110101010111111101100011
0001000101110011010101111011110011011101011111111
0001000101101101110001111111101011110111001101111
0001000101101011110110011111101100111101101111101
0001000101101010110110111100110111110011110111111
0001000101011110111111100011110101111001101011111
0001000101011110101101110111110100110111111001111
0001000101011011100101101111110111001111111001111
0001000101010011110011111101101111001100111111111
0001000101001110100111110110110111101101111110111
0001000101001011011111101011001110111111110011111
0001000100111110111100111010101111111100110111101
0001000100111010111111001111111110011010111110011
0001000100111000100111111011111010110111111011111
0000111111011111000111001100101011001101101111111
0000111110111010100111011100100100111011111011111
0000111110110111110011000110101011001011110111111
0000111110101101101101110110101001100011101111111
0000111110101101101101110110101000100111101111111
0000111110101101100101100110101001110111101111111
0000111110010010001101101111111101011100111011111
0000111101111111111100110110001101001010101011111
0000111101111001101111010111111001100101010011111
0000111101110111101011001010111001101100111011111
0000111101110110110001000101011111111011101011111
0000111101110110011011010110001010111010111111111
0000111101110101011010011001111111010101001111111
0000111101110100110010101000110011101111111111111
0000111101101101010101110001100110111011011111111
0000111101100011101111010100010011011111110111111
0000111101011010111011110111110100010011011101111
0000111101010111101011001111011001000111110111111
0000111101010110010111101101001100111101110111111
0000111101010100111001100111111110110110110101111
0000111101001101010001011100101011110111111111111
0000111100111111111100110011001101001010101111111
0000111100110101011011011110111010111001100111111
0000111100110101011001011111111010111001100111111
0000111100110010111010101111011110010101101111111
0000111100110001011011111110111010111010100111111
0000111100110001011011111110111010110011100111111
0000111100101010110010111111110111001100111011111
0000111011111111001101011100010110101100110111111
0000111011111110111111001110010100010110001111111
0000111011111011011110001101100010011101011111111
0000111011111011011101110001011001101011010111111
0000111011111010110100011011101011011100111101111
0000111011111010100110101110110110111111010001111
0000111011110101001100100101101011111110111110111
0000111011110011011101101010011101111101100101111
0000111011110011010100110110010111111101111001111
0000111011101111101011110010100011011100011111111
0000111011101010010011001111111111110011010011111
0000111011010011001011010111010101111011110111111
0000111011000101101011111011111100110110011110111
0000111010111011011011110111111101100011000101111
0000111010111001000111111101100101111111010110111
0000111010110111101101111110100010110001110111111
0000111010110011011011110111111101100011010101111
0000111010110011011001111011111111010010100111111
0000111010110001011001110111111101001111111001111
0000111010101110101011010010111111111100110011111
0000111010101101110110110110001111111110011001111
0000111010100111110111101110111011011000101101111
0000111010100110100111011100100011111111111011111
0000111010100010011011101101101011101111111101111
0000111010011101111001000100111111101111001111111
0000111010011010111101111110111111010100100011111
0000111010010101111110110110111110001100111011111
0000111010010011111110111100111110010001110111111
0000111010010011111110111100111101010001110111111
0000111010001110111101111110111111010100100011111
0000111001111011111111010010111011100110100011111
0000111001110100011111011111110100101100110111111
0000111001101111111011101010110100110011010111111
0000111001101110101011010011001011111011101111111
0000111001101101101100111111001111110101011010111
0000111001101100110010101111011111111001011011111
0000111001101011001101111110010110101001111111111
0000111001101011001011011001101010111110111111111
0000111001011101100111010100110110110101111111111
0000111001010011111101011011111101100110101011111
0000111001001101101111011101110110101010011111111
0000111001001011011011101101110111010101011111111
0000111000101011111101100101101110111011110110111
0000111000101011110110010110111110011101101111111
0000111000101011110110010010111111011111101101111
0000111000100111101111111001111100100101111110111
0000110111111101011101001111110011101100010110111
0000110111111001010100011001111111101011101101111
0000110111111001010100011001110111101011111101111
0000110111111001010100011000111111101011111101111
0000110111110110111110111010101101001110110010111
0000110111110011001100010110100111110101111111111
0000110111101110100101111111111010111001101000111
0000110111101011111101110111000101100100101111111
0000110111101011101110110111111011000101011001111
0000110111101010011111110101101110111011011000111
0000110111100101101111111011101101000111100110111
0000110111100011010101110111100110010111111101111
0000110111100010001101111111011011101111101001111
0000110111011111011111001110101011011000101111011
0000110111011110100011101011010111011011011110111
0000110111011100101001111111111010011110001111011
0000110111011100010110010010111101011111101111111
0000110111011011110001000101101111111001111101111
0000110111011011000111010111100010111111101111011
0000110111010101111101101011001111111101001100111
0000110111010100110110101011001111001111011111111
0000110111010001111101101011110111110110001101111
0000110111001011101010111101111101101100011101111
0000110111001001110101101101010111011111111100111
0000110111001001110101001101111101101011111101111
0000110111000101110011011011110101101011111111011
0000110110111111111101011110011000100011111010111
0000110110111111110101011110011000100111111010111
0000110110111111101101011110011000100111111010111
0000110110111110100101011111011111111001000110111
0000110110111010110111010100101100111111100111111
0000110110111010100101100111111101110101100111111
0000110110011110001011101110010111101111011111011
0000110110011110001011011101111111011010011110111
0000110110011100111111111001011011101111001010111
0000110110011100011111111101111110010001111010111
0000110110011011110110110111110101010010111110111
0000110110011011110110100111110101011010111110111
0000110110011010001011100111101011101111011111111
0000110110011001111001010011101011111001111111111
0000110110010111101110011111101001101010111111011
0000110110010111001110111111001111010101101111011
0000110110010110101111111110011001111110101010111
0000110110010110101111111100010101111111011100111
0000110110010101111100010101111111010111101110111
0000110110010101101110111001111000111110111111011
0000110110001011011110111110011101110101101101111
0000110101111111101111011100110111010001011001111
0000110101111110111101111011011101000101001111011
0000110101111110101111111100110001010100111111011
0000110101111101101111010100111111010011011001111
0000110101111101011111101111000100110111001101111
0000110101111101010111111011011101100011100111011
0000110101111011111111010010111011100010110011111
0000110101110110010110111111111101101110010001111
0000110101110100111011001011111111111101001010111
0000110101110011101101110101011110010011110111111
0000110101101111100111001101100111110101010111111
0000110101101001010111101111111011100111100111011
0000110101100110110111101111010101110111001101111
0000110101100110011111011101101111000101111111011
0000110101100101011111101110110110011001111011111
0000110101100011111110101011000111110110111011111
0000110101011111011001111111001010101111101100111
0000110101011011101111101111101000111011010110111
0000110101011001011011111010101110011111101110111
0000110101011001001111011100011101011111111011111
0000110101010111111111001101100111011011100111011
0000110101010111111101001101100111111011100111011
0000110101010111100100111111111011011011011100111
0000110101010110111011100001111111111101101100111
0000110101010110100101111100110010111111111101111
0000110101010011111101011011011111111100110011011
0000110101010010111011111100100011111111101111011
0000110101010010111011111100001111111111101011011
0000110101010010111011111100001110111111101111011
0000110101001111111110111100110011011001111010111
0000110101001111010110011011111010011101111110111
0000110101001010111101110111111101000101111101111
0000110101001001111101101101010111011111111100111
0000110101001000110101110111111101100111111101111
0000110101000111011010111111111011001001111011111
0000110100111101100110101010011111111100101111111
0000110100111101010011100110101111011101111111011
0000110100100111011111101010111101111001101110111
0000110100011011111111010110111110111010110010111
0000110100011011111111010110111110111010100011111
0000110100011001111111010110111110111010110011111
0000110011111011101010110101100100111111100111111
0000110011110111010100101111111011101111110000111
0000110011110110111101010111110011001101111101011
0000110011101111011111110001111110101011011001011
0000110011101101011011111111101010111010011001111
0000110011101001111111011101101101001111110101011
0000110011101001110111110110110110101011100111111
0000110011100111011001111110110101011011101011111
0000110011011110110011000101101111111110101011111
0000110011010111000011110101011011110110111111111
0000110011010100111100101011011111111110011110111
0000110011001110011101110110111111010101111101011
0000110010111011101010010111100110111111100111111
0000110010101111111011110011001111110110010101111
0000110010101110111110011101111110100110111001111
0000110010101101111111011100111101011100100111111
0000110010100110110111101001110111111101010111111
0000110010011011100111101101011011110101011111111
0000110010011001111001111111011011100101011111111
0000110010001111011101101101001111111101111100111
0000110001110111101010011011101101111111001011111
0000110001110110111111100101101011101010110111111
0000110001110110110101110101011011101110110111111
0000110001110101011101101011110110111011001111111
0000110001110010011111110111111101010101101011111
0000110001101100110101111110011010101111101111111
0000110001101010110110011010111111011101110111111
0000110001011011111111101111100101111001001111011
0000110001011011111111101011100101111001101111011
0000110001011011111101110101011101111111001011011
0000110001011011111101010101111101100111101101111
0000110001011010101111110110111110110011111100111
0000110001010101111110101110110111111000111111011
0000110001010011111110101011001111111010110111111
0000110001010010101111111110111110110011111100111
0000101111111111111101100110010110100101010101111
0000101111111110111101100001101010100101110111111
0000101111111110110111100011011110101010011001111
0000101111111110011011101001011011110111110010011
0000101111111110011011101001011011110110110010111
0000101111111101100111111010101100111111010010011
0000101111111101011011100110111110110010111000111
0000101111111010101111011011111110110100011100011
0000101111111001111110110111000110101110100111011
0000101111111000101001110101111101101111100111011
0000101111110111110011110111001001111101110001011
0000101111110110111011110111001001111101011001011
0000101111110011010010010101110111110110111111011
0000101111110001011100011110111111111011011000111
0000101111101111110111111010100110010011001111011
0000101111101111100101110111011011110110010100111
0000101111101110110101111000111011011011101110011
0000101111101110110101110000111011011011101111011
0000101111101011011110111011100111011011011000111
0000101111101001111111100110101011011101111001011
0000101111101001110011011101001000111101111111111
0000101111100111101110111101100101110010011101111
0000101111100110100101011101100011111101111101111
0000101111011111111110010001111101110100101100111
0000101111011111001001100011010111110111001111111
0000101111011110011011011101110010111111110001011
0000101111011100101011011111011111011101101000111
0000101111011011110001010001110110110111011111111
0000101111001101000111111111111101110001010111101
0000101111000111101010100011011011011111111111101
0000101111000100110101111111111110100111001111101
0000101110111111101011111010011100011001011111101
0000101110111111101011001111111110010110101010011
0000101110111110110010110101100111111011100101111
0000101110111011100101100101110011111011010111111
0000101110111011010111011111101101111000011101011
0000101110111011001011111001110010111101011110111
0000101110111001111111111010100101101011101100111
0000101110110111111111011001011001100101111011011
0000101110110111111111001101011001100101111011011
0000101110110111111111001001011001100101111011111
0000101110110111111101011001011001100101111011111
0000101110110111101111011011101011000011010111111
0000101110110110111101000111101101111100011110111
0000101110110110111101000101111101111100011110111
0000101110110110111011101011110001100111011011111
0000101110110110110101000111111101111100011110111
0000101110110101111001110111111110100011001011111
0000101110110101110111111001100011110110110101111
0000101110110100110010110111100111111011101101111
0000101110110011111011110111101011001001110011111
0000101110110010111111111011110000111100111011101
0000101110101101111101110111110011000011110101111
0000101110100111111110011001111011100101111011011
0000101110100111001111101111111100101101101110011
0000101110100111001110111101101010110110011111111
0000101110100111001110111101011011011100111111101
0000101110100110011101101111111110101101101100111
0000101110100011111111011101110011100101111011011
0000101110100011001111111101111010110010110111111
0000101110100011001110111101011011011101111111101
0000101110011111011110101100111011111111000011011
0000101110011101101100110111010111111010111100111
0000101110011011111011111110011110011010001011111
0000101110011010111011111011010111111110110001011
0000101110010111111011110011101111101011001011011
0000101110010111111011110011100111101011001011111
0000101110010110111111111101010001111110110001111
0000101110010110111011101011111001100111011111011
0000101110010010111011011110111110011100111111011
0000101110001111011100101011111110111011011011011
0000101110001110111111101010110101111110011011011
0000101110001101100101101110111110111101010111111
0000101101111111101111010101011110110000111011011
0000101101111110101100111011111111001111100010011
0000101101111011111110001110111101110100110110011
0000101101111011111010101111001101110111011000111
0000101101111011110101011100111111110110010011011
0000101101111011101001111111000111001011111011101
0000101101111001101101110101111111010111001001111
0000101101111000111111010111010101011110111011011
0000101101110110110100010111100111111111101011011
0000101101110110101000111101101101111111101110011
0000101101101011101001111111100111001011111011101
0000101101100111111101010100111111110011011001111
0000101101100101101011101100111011011111111101101
0000101101100100111010111011100111111011110101111
0000101101011111101110111011011000111000110111111
0000101101011111101010111001101101100011111110111
0000101101011101111001111010101111111111100010011
0000101101010111011111001001111110011101111011011
0000101101010111010011111001110011101101111111101
0000101101010101011011110011111001111011011111101
0000101101010001110111100111111011001011111011111
0000101101001110110111110101110101110011001111111
0000101101001101110101011011110111010011111111011
0000101100111111110100011101111001101111110101011
0000101100111111101101011111010110001111011100111
0000101100111111101011110011101101111001101011101
0000101100111110111110011001110111111111000010111
0000101100111110001101110101100111110111101111101
0000101100111101010011111101110001110110111110111
0000101100111101010011110101110111110110111110011
0000101100111101010010111101110001110110111111111
0000101100111011111111100011011011111101001010111
0000101100111001010111101011101100101111111101111
0000101100110110111101101011111010100111011110111
0000101100110101111101001110011110111001111111101
0000101100110101011101001111011110111001111111101
0000101100110011111010001111010110110111111110111
0000101100101111110010101101110111111101111001101
0000101100101001111011010110011111111101110110111
0000101100100111111011111011110111001001011110111
0000101100100111001111111101101010111110011110111
0000101100011011101101111000111011110111011111011
0000101100010111111011110011101111101011001011111
0000101011111111110011101010110011110000111111011
0000101011111111011111010111100011001110010110111
0000101011111111011101101101011111001110010001111
0000101011111110111011001100111101110101101001111
0000101011111101101111100111100110010101101101111
0000101011110111111001110111111100011111011000011
0000101011110111011110110101111111011100101100011
0000101011110110011011111111111110101000101001111
0000101011110110011011111111111010101100101001111
0000101011110110011011011111111110101100101001111
0000101011110110011001111111111110101100101001111
0000101011101111110110011111001111011011000111011
0000101011101101001110111001101100111110111111011
0000101011100011101101111011011010101111011111101
0000101011011011110111010001111111100101111100111
0000101011011001111010111100001111111110101110111
0000101011010111111111101000111110111010100110111
0000101011001111111010011001111101011100111101111
0000101011001111101010011001111101011100111111111
0000101011001111001011111101011111001100111111011
0000101011001110111010011001111101011100111111111
0000101011000111111010011001111101011100111111111
0000101011000111011111111111001001111100011111011
0000101010111111100111111100110110110100111101101
0000101010111111100101111111011001110101101100111
0000101010111111001001101101111011110111111001101
0000101010111110110111000111111100101110111101101
0000101010111110100111001111111100101110111101101
0000101010111101111110100111010111111100011011011
0000101010111100110111000111111100111101111101101
0000101010111001011100101110111111101011101111011
0000101010011111110110000111011101011110111111011
0000101010010111111111011111101101100001011111011
0000101010010111111011110011101111101011001011111
0000101010010101111100111110111111100110110111011
0000101010001011110110011111101111001111101101111
0000101001111101101001111010011111011101110111101
0000101001111101011011101110111011101011001111101
0000101001111101001001110111100101111111110110111
0000101001110111110111110100111001111110011011101
0000101001110110110110111111000111011101011111011
0000101001101111110111011101110001111001011111101
0000101001101101101011111110011101011101110111101
0000101001100111111110110111111100001110101111101
0000101001011111001110111011101110101110111110011
0000101001011111001001011101110111011111101011111
0000101001011110111011111111011011001010101110111
0000101001011100101111101101111011001110111110111
0000101001011010111011100111110101110110011111111
0000101000111110110001110101101111111001110111111
0000101000111110101001110101101111011011101111111
0000101000101111101111011101001111110111001101111
0000100111111111011111001111010001011100101111011
0000100111111101111001111110100011101111110000111
0000100111111101111001111100100011101111110100111
0000100111111100101111001111100110111111010110011
0000100111111100010110010010111101011111101111111
0000100111111011110101110111001101011111110010011
0000100111111011110100111100100111011110101110111
0000100111111010101100110111101111101010111110011
0000100111111001111101011100111101010011111011101
0000100111110111101100111010010111011111110001111
0000100111110110111101001011111011110101110011011
0000100111110101111001011110110011101110110110111
0000100111110011111110111100100011101001110111111
0000100111101111111111100001111110111010010101011
0000100111100111011001111110110101011011101011111
0000100111100111010001110110100111011111101111111
0000100111100110101011001011111111110011111010111
0000100111011111110110011111101001110011110010111
0000100111011111110101111100111011011001011001111
0000100111011111110101111100111010011001011011111
0000100111011111110010111110110010111010101101111
0000100111011110001110100111100101111111100111111
0000100111011110001110100111100101111111010111111
0000100111011101110111101001111110101101101100111
0000100111011101001110100111100101111111100111111
0000100111011011001101011111111111001110001011111
0000100111010111110101111100111011011001011011111
0000100111010111100101011111111011011011101100111
0000100111010111100101011011111011011111101100111
0000100111010111011011111111100101011111010100111
0000100111010111011011111111100101011101010101111
0000100111010110111110101010111110011101001111111
0000100111010110110111110100111011111110110100111
0000100111010001011100111111101111011101011011111
0000100111001111110101111100111011011001011101111
0000100111001011001101110101101001111011111111111
0000100111000111101010100011111011011111111111101
0000100110111111101110011011111001010111110010111
0000100110111110111111011101011001111001010111101
0000100110111101111100011111011001011110101110111
0000100110111101111001011110110011101111110010111
0000100110111011101111111110101001111101101100101
0000100110111011101111111110101001111100101110101
0000100110111001111110101111011110011010111010111
0000100110110110111101000111111101111100011110111
0000100110110010111100111011100111110101111111101
0000100110101111110111110111100101010111101100111
0000100110101110011101011110010100111111110111111
0000100110101011010111111011111010011011111100111
0000100110011111011110110100111101111010101111011
0000100110011111001110100111100101111111100111111
0000100110011110011010111110101101011111101011111
0000100110011101111111011010011111011111010100111
0000100110001111011011010110111011101011111111101
0000100110000111101110110111010111110101101111111
0000100101111111111110101011101011111101000010111
0000100101111101111110101011101011111101001010111
0000100101111101110111011001101111100111010110111
0000100101111101010111001111111111101101100101101
0000100101111011110011101111110101010111110011011
0000100101111001110111110101111101101111100011101
0000100101110110111101011111100110101101111110011
0000100101110110011111110101011001111011111011101
0000100101110110001111100011110111011101111101111
0000100101110101101111000110100110111011111111111
0000100101110100101111110101011101011110111111101
0000100101110000101111110101011101011111111111101
0000100101100111010111011110010011110111111011111
0000100101011111110010101111100110110111110011111
0000100101011111011111100110111111100111010110101
0000100101010111111001111001110111011101101111101
0000100101001111111010111111110011011001111010111
0000100100101101101111111000110110111011011111111
0000100011111110111011101111010011100100111110111
0000100011111110101001101110111111011011011010111
0000100011111101001010011111111101111011111100011
0000100011111100101111010110110111010101111110111
0000100011111011111101111111101010001011111010101
0000100011111011011100111111101010011011111010111
0000100011111001101111010100110111110101111110111
0000100011110110101110111011011111110001111101011
0000100011101111110111011011101011111000101111011
0000100011101111010110011111001111111011010111011
0000100011101011011101111111101010011011111010111
0000100011011111110110111111000111110101010110111
0000100011011111001110100111100101111111100111111
0000100011011101111101001110001111111101011101111
0000100011010100111101101111010101101110111111111
0000100010111110101001111010111111011111111010101
0000100010111110101001101110111111011111111010101
0000100010111110101000111110111111011111111010101
0000100010011111110111101011001111111010110011111
0000011110111010110110111010110001101101111011111
0000011110110110001100011101011111110111011011111
0000011110110101100100110011100111110111111101111
0000011101111110111101110101001101001110100111111
0000011101111011111110111011011001100011010101111
0000011101111001010100100110101111111101101111111
0000011101110110111101100101101110010101111101111
0000011101110011010101011110101101101101111110111
0000011101110010110101011011101110101101111101111
0000011101101011011011011101101111000111101110111
0000011101011111001100111110101101101110110101111
0000011101010011111011101101011011110011011011111
0000011101010011110011110111011101101101011110111
0000011100011011011110101101111101101011101110111
0000011011111101110101010111011110111011010010111
0000011011111101101011101110011110100110100111111
0000011011111101011011011010111111001110111000111
0000011011111101011011010110111010111011110010111
0000011011110111101111110111010010010101110011111
0000011011110101111110110110111001100011101011111
0000011011110101110111110110111100011010101110111
0000011011101111110110100110111101111010001110111
0000011011101111011010111111000101111101110100111
0000011011101111001011100011111110100111011111011
0000011011101110001001101011110001111111110111111
0000011011101101001100111011101011111010111101111
0000011011100111110110101110101111110011001101111
0000011011100111001001011101011101111110111111011
0000011011011111011101101011010111011000111110111
0000011011011100110111010111111111111100001001111
0000011011011011100101011111000111111011110111011
0000011011011010110111011101101101110111100111011
0000011011010100111011101111101100111010111101111
0000011011010100110111101111011100111010111101111
0000011011010011111111111110100010111011011100111
0000011011001110011101101111010111011010111110111
0000011011001101011101111111000111011011011110111
0000011011001011010111100111111010111001101111111
0000011011001010111001111111001010111101111110111
0000011011000111111101111011111001010001111111011
0000011011000111111101101011111001110001111111011
0000011010111111110111111010101000111011001111011
0000011010111101110111110011011110010011111010111
0000011010110110001111011101110110111100110111111
0000011010011111110101011010110111011110011110111
0000011010011111001111101110010111111101010110111
0000011010011010110111011101101101110111101111011
0000011001110110101110101011110110110111011101111
0000011001101111101010100111111100111111110110011
0000011001101111001011100011111110101111011111011
0000011001011110011101011010111011111100101111111
0000011001010111100101011111100110110111110111111
0000011001010101101111011011111110010111010111111
0000011000111111110101100111111001111111101010011
0000011000111101110101110011011111010011101111111
0000011000111101101101101111110001111011101110111
0000011000111101100101111011011111010011101111111
0000011000111101100101111011011011111011001111111
0000011000111101100101011011011011111011101111111
0000011000110110111110101011110110110111011101111
0000011000101101110111011101010111101101101111111
0000010111111111011011100110011000111101110101111
0000010111111110110011110111010111100101110010111
0000010111111110110011110111010011100111110010111
0000010111111110011011110111010110100111110010111
0000010111111110011010111011111011101100110001111
0000010111111110010011110111010111100111110010111
0000010111111100001101111110111111011111110000011
0000010111111100000110000110111111011111101111111
0000010111111011111101111111000011011111110000011
0000010111111011111101111111000001100011001111111
0000010111111011111101111111000001100010101111111
0000010111111011111101111111000001100001101111111
0000010111111001110111111111010110100110110001111
0000010111111000111011011101101111110111111000011
0000010111110111111110111001011101110110010001111
0000010111110111111110111001011100110110010101111
0000010111110111101111011011101011101110110001011
0000010111110010100101110111001111011111110011111
0000010111101111111101011100011110110011001011111
0000010111101111110010111011111010111011100101011
0000010111101111110010111011110111111001010101011
0000010111101111110010111011100111111001011101011
0000010111101111010110110111010101110110111001111
0000010111101110101011101110111100101110110111011
0000010111100111111110111001011101110110010101111
0000010111100110110001110101101101111110111110111
0000010111100101110111010110110011100111111111011
0000010111100101010111011100101011110111111011111
0000010111011111011010111101011101111001101100111
0000010111011111001001110110111101111011111001011
0000010111011100111001011110101111111100110101111
0000010111011100111001011110101111011101110101111
0000010111011100111001011110100111111101110101111
0000010111011100111001010110101111111101110101111
0000010111011011110110000110111111111011110001111
0000010111010111101100111110011110110110101111011
0000010111001111110111101011101111011010011011101
0000010111001111010111111111110010101011100101111
0000010111001110110111111110100101110111011010111
0000010111001011100111111100111001011101101111111
0000010111001011100101110011111001011111111111101
0000010111001011011100110110111101110101111110111
0000010111000111011001110110111110111101011110111
0000010110111001001111011101101101011101111101111
0000010110110011110101000111111111101011110110111
0000010110101111111010001111011111000111110111011
0000010110101111000111011011011101111111001110111
0000010110011111001110111110111010110110110110111
0000010110011110011100101011111111011101100111111
0000010110011100101111011111001101011111110011111
0000010110010111101110010101010111110111110111111
0000010110010111011110101111011011100111101101111
0000010110001011110111100111001111100110111111111
0000010101111110110011110111010111100111110010111
0000010101111110011010010111010111111111001111101
0000010101111100101111100111011110011011011110111
0000010101110011011100101110110111110110111101111
0000010101110001111110111111011101101001001111111
0000010101110000111110111101010011111111110111101
0000010101101111111011000111001111010111011011111
0000010101101111011111001001110111111010111011011
0000010101100111011111011011101101111011111001011
0000010101011110110111011001111011100101111101111
0000010101011100111111101110110110011110101101111
0000010101001111111111010100111111111101010001111
0000010100111010011111011100111101101111111011101
0000010100101111110011011011110111111111010100111
0000010100011110101001111010111011111011011111111
0000010011111101011001111001111011101111110010111
0000010011110011111111001101110111101011011010111
0000010011110011110100111111010010111011101111111
0000010011101111111010111110011101101100101101111
0000010011101111111001011011101111111001011011011
0000010011101111010110110110110101110110111011111
0000010011101111010101110111011110101110111011101
0000010011101110010111110111110000111110111110111
0000010011101101111110111110001101111111101000111
0000010011011111111011110101111001111110100110101
0000010011011111110011110101111011111110000110111
0000010011011011111111101111110101101001101011011
0000010011011011111111101111100101101001101111011
0000010011011010110110100110111111111011111101011
0000010011011010110110100110111111111011111001111
0000010011011010110110100110111111111011011101111
0000010011001111111100011101110111001111110111101
0000010010101110101111010110111111001011101111111
0000010001110110111111100111101011101010110111111
0000010001110110111111000111101011101110110111111
0000010001110110101111100111101011101110110111111
0000010001010110111111100111101011101110110111111
0000001111011111111101111001101100011001011011111
0000001110111100010110110101011101011111111011111
0000001110110100011011111110111000111111110101111
0000001110101011110011011001111101111011010111111
0000001110011010111011011011101110110111101101111
0000001101111111111011010110110101110011100011111
0000001101111111110010111110011110111100100110111
0000001101111111011111110111001100001111100011111
0000001101111011111110011110101101110100110101111
0000001101111011110111101110110011011010111010111
0000001101111010100111100110101110111111011111011
0000001101110111110110101110101101111010111100111
0000001101110111100111010111010101111011011011111
0000001101110101110111001101011111011011110101111
0000001101101111010110111011110110111100110101111
0000001101101111001110101111011011101111010101111
0000001101011011101101111000111011110111011111011
0000001101011001100101111110101011111001111111111
0000001101010111001011111101100111011111011111011
0000001100111101110110111110110101111001110101111
0000001100111101011111111110110110000111010111111
0000001100101111100111011110101111101100110111111
0000001011111110101111011001111101110101101100111
0000001011111010110111001101111100111101011101111
0000001011110111111011010111010111110011001101111
0000001011110111011110010110101111101110110110111
0000001011110100111101101101101110111011101111101
0000001011101111011110110111010111011111010010111
0000001011101110111110010110011111111011010110111
0000001011100111110110110110111101111010101110111
0000001011011101110111010111011011110111101011101
0000001011011101110111010111011011100111101111101
0000001011011100110111010111011011110111101111101
0000001011010111100111101101101100111011101111111
0000001011001101110111010111011011110111101111101
0000001010111111001010111011110111110111111001011
0000001001111100011111011100111100110111101111111
0000001001110111111110011111110101011011011010111
0000001001110111110111110100111011110110011111101
0000000111101010011011101110100111011111111011111
0000000111011011111011011011110110110111001011111
0000000111011011010101101101111011011111011011111
0000000111000111000111011011011011011111111111111
0000000110111101111101011101110011101101101110111
0000000110111011101011111010111011011110110101111
0000000101111011101101110101111101001111011110111
0000000101011011011101101101111011011111011011111
0000000011101101111101101101111011011011101101111
