000000000000000000011000010110011
000000000000000000011001100001011
000000000000000000100010001001111
000000000000000000101010110000011
000000000000000001000011100100101
000000000000000001000100001111001
000000000000000001000100010001111
000000000000000001001110000010101
000000000000000001010101100000011
000000000000000001010110010000011
000000000000000001010111000000011
000000000000000001100000001101011
000000000000000001100010001001011
000000000000000010000111100010001
000000000000000010001100001010011
000000000000000010010000011100101
000000000000000010100000010110011
000000000000000010100000011010011
000000000000000010100000100011011
000000000000000010101100010000011
000000000000000010110010001000011
000000000000000011000010000100111
000000000000000011001000010001011
000000000000000100000010100100111
000000000000000100000110100001101
000000000000000100100101000000111
000000000000000101000000001110011
000000000000000101000100010100101
000000000000000101001000100010101
000000000000000110000000010101011
000000000000000110000001010010011
000000000000001000000101100001011
000000000000001000001001100010101
000000000000001000001101000100011
000000000000001000010001000100111
000000000000001000010100001101001
000000000000001001000000110010101
000000000000001001010000010001011
000000000000001001100000100001101
000000000000001010000011001000101
000000000000001010100110000000011
000000000000001100000000010101011
000000000000001100001000100010011
000000000000001100101000000001011
000000000000010000011000100100101
000000000000010000100010011000011
000000000000010000100100010110001
000000000000010000110001001000101
000000000000010001000001000001111
000000000000010001000001000011101
000000000000010001000010001101001
000000000000010001000010010000111
000000000000010001000100100010011
000000000000010001000100101000011
000000000000010001010000010110001
000000000000010001011000000100101
000000000000010001101000001000101
000000000000010010000100000111001
000000000000010010001000001010011
000000000000010010010000100100101
000000000000010010011000100000101
000000000000010100001100000001011
000000000000010100010001000100101
000000000000010100100000000110011
000000000000010100101000100000011
000000000000011000001010001000011
000000000000011000010001000100011
000000000000100000000011100100101
000000000000100000001000010010111
000000000000100000001000111100001
000000000000100000001001001110001
000000000000100000001001011100001
000000000000100000001001100001101
000000000000100000001100000110101
000000000000100000011000001001101
000000000000100000011001000010101
000000000000100000100001110010001
000000000000100001000100001011001
000000000000100001010100000010011
000000000000100001010100000010101
000000000000100001100000010110001
000000000000100001100100000101001
000000000000100010000000011110001
000000000000100010000010000010111
000000000000100010010000000110011
000000000000100010010000001100101
000000000000100010010010000010101
000000000000100010100100001000101
000000000000100010100110000000101
000000000000100010100110000001001
000000000000100011000001000001011
000000000000100011000001000001101
000000000000100011000101000000011
000000000000100011110000000001001
000000000000100100000000110001101
000000000000100100000010001000111
000000000000100100001000001100101
000000000000100100001100010000011
000000000000100100011000010000101
000000000000100100011000100000101
000000000000100100100010000100011
000000000000100110100010000000011
000000000000100110101000000000011
000000000000101000001000110000011
000000000000101000001100001000101
000000000000101000011000000001011
000000000000101001000000101000011
000000000000101100001010000000011
000000000001000000000001001010111
000000000001000000000001100101011
000000000001000000000011000101101
000000000001000000000011010001101
000000000001000000000011010010011
000000000001000000000101100100101
000000000001000000000101110001001
000000000001000000000110000110101
000000000001000000001010010010011
000000000001000000001100100100101
000000000001000000010011010010001
000000000001000000010100010001101
000000000001000000010100010110001
000000000001000000011010010010001
000000000001000000011100000000111
000000000001000000100001100100011
000000000001000000100010100010011
000000000001000000100101100100001
000000000001000000101100100100001
000000000001000000110001001010001
000000000001000001000001100010011
000000000001000001000010000011011
000000000001000001000010000100111
000000000001000001010001000100101
000000000001000001010010000011001
000000000001000001010010001000011
000000000001000001100000100101001
000000000001000001100001000010011
000000000001000001100010000010101
000000000001000001100010010100001
000000000001000001100100000100101
000000000001000010000000011101001
000000000001000010000000011110001
000000000001000010000110000110001
000000000001000010001000100000111
000000000001000010100000010001011
000000000001000010100000110001001
000000000001000011000010100001001
000000000001000011010001000000101
000000000001000100001010000000111
000000000001000100010010000010101
000000000001000100100001001010001
000000000001000110000001010001001
000000000001000110000010010000101
000000000001000110100001000001001
000000000001001000000010001010011
000000000001001000001000010001011
000000000001001000001001001001001
000000000001001000010000010001011
000000000001001000100000100001101
000000000001001001000100000000111
000000000001001010000010000011001
000000000001001010000010010000011
000000000001001010000011000000101
000000000001010000000010000110011
000000000001010000000010001001101
000000000001010000001001000010011
000000000001010000010000000110011
000000000001010000100000100100011
000000000001010000100001100000011
000000000001010000100010000010011
000000000001010000100010001000101
000000000001010010001001000000011
000000000001010100100100000000011
000000000001100000001010000100011
000000000001100000100010000001011
000000000010000000001001010001011
000000000010000000001100001011001
000000000010000000001100110100001
000000000010000000010001001001011
000000000010000000010100000110011
000000000010000000011100000000111
000000000010000000100001010001101
000000000010000000100001010010011
000000000010000000100010000111001
000000000010000000101000001100011
000000000010000000101001000100011
000000000010000001000010100100011
000000000010000001000010100100101
000000000010000001000011000100101
000000000010000001001000010101001
000000000010000001001000011000101
000000000010000001010100000010101
000000000010000001011001000100001
000000000010000001100001000001101
000000000010000001100100000011001
000000000010000010000001100100011
000000000010000010000110000001101
000000000010000010001001000001011
000000000010000010001100000100011
000000000010000010010000000101011
000000000010000010010000101010001
000000000010000010010001000100011
000000000010000010100100000101001
000000000010000011100000000100101
000000000010000100000000101001101
000000000010000100000001110100001
000000000010000100001100001000011
000000000010000100100010000010011
000000000010000100100100001001001
000000000010000101100000000010011
000000000010000101101000000010001
000000000010000101110000000010001
000000000010000110000010001100001
000000000010000110100000100000011
000000000010001000000100001001101
000000000010001000000100100100011
000000000010001000000101000001011
000000000010001000000101100000011
000000000010001000010000000110011
000000000010001000010010000001011
000000000010001000010010010000011
000000000010001000010100000100011
000000000010001000010100000101001
000000000010001000010100001001001
000000000010001000010100010000101
000000000010001000011000001010001
000000000010001000100100010001001
000000000010001000110010000001001
000000000010001000111000000000101
000000000010001001000000110010001
000000000010001001001001000000011
000000000010001001010010000000011
000000000010001010000000001001101
000000000010001010000100000001101
000000000010001011000010000001001
000000000010001100001010000001001
000000000010001100100010000000011
000000000010010000000010001000111
000000000010010000001000001010011
000000000010010000100000101001001
000000000010010000100010001000011
000000000010010001000001001000011
000000000010011000100001000000101
000000000010100000001101000000011
000000000010100000010001000010101
000000000010100010000000001010011
000000000011000000001010000000111
000000000100000000010000010101101
000000000100000000010010101000011
000000000100000000100001000001111
000000000100000000100001001001101
000000000100000000100100001110001
000000000100000000100100010100011
000000000100000000101000000110011
000000000100000000101000001010011
000000000100000000101010011000001
000000000100000000101100000001011
000000000100000000101100100100001
000000000100000000110000010100101
000000000100000001000001010001101
000000000100000001000011100001001
000000000100000001000101101000001
000000000100000001001000001010101
000000000100000001001000001110001
000000000100000001010001100001001
000000000100000001100000010001011
000000000100000010000011100100001
000000000100000010000100000101101
000000000100000010000100010001011
000000000100000010000101000100101
000000000100000010010011000000101
000000000100000011000010000010011
000000000100000100000000110101001
000000000100000100001100001000011
000000000100000100001100011000001
000000000100000100011000100100001
000000000100000100100000100011001
000000000100000100100010000001101
000000000100000100110000001100001
000000000100000101000000100010011
000000000100000110000000100110001
000000000100000110000100000010011
000000000100001000000010001001011
000000000100001000000101010100001
000000000100001000000110000010101
000000000100001000001100010000011
000000000100001000010010001000011
000000000100001000100100000001101
000000000100001000101000001001001
000000000100001000101000001100001
000000000100001000101000010010001
000000000100001001000001000000111
000000000100001001010001000000011
000000000100001001100100000000101
000000000100001010000001100000101
000000000100001010000010010010001
000000000100001010010001000000101
000000000100001101000100000001001
000000000100010000000010100001011
000000000100010000001001000001101
000000000100010000001001001000011
000000000100010000001001001000101
000000000100010000010110000000101
000000000100010000100100000100011
000000000100010000100100001000011
000000000100010000110000000101001
000000000100010000110000010001001
000000000100010010000000010000111
000000000100010100000010100000101
000000000100010100000101000000101
000000000100100000001000001100101
000000000100100000100000000110011
000000000100100000100000010010101
000000000100100000101000000100011
000000000100100010000010000010101
000000000100100010000011000000101
000000000100100010100000100000011
000000000101000000000110000000111
000000000101000000001000001010011
000000000101000000001000010100011
000000000101000000001110000000011
000000000101000000100000100010011
000000000101010010000000010000011
000000000101010100000001000000011
000000000110000000010100000000111
000000000110000000101000000001011
000000000110000010000100000100011
000000000110000100000100001000011
000000001000000001000000011010011
000000001000000001000000101100101
000000001000000001000001010010011
000000001000000001000001100100101
000000001000000001000010011010001
000000001000000001000011010010001
000000001000000001001000001010011
000000001000000010000000100001111
000000001000000010000100000101011
000000001000000010000111000001001
000000001000000010000111100000001
000000001000000010001011000100001
000000001000000010011010010000001
000000001000000010100000010001101
000000001000000010100000011001001
000000001000000010101010010000001
000000001000000011010010001000001
000000001000000100000011000011001
000000001000000100001000001001101
000000001000000100010000101001001
000000001000000100010100001000101
000000001000000100100000001100101
000000001000000100101010001000001
000000001000000101100100001000001
000000001000000110000101000001001
000000001000000110100000001000011
000000001000000110101000001000001
000000001000001000000001010010011
000000001000001000000011010010001
000000001000001000000101100100001
000000001000001000001001001001001
000000001000001000010000000101011
000000001000001000010000001110001
000000001000001000010100100000011
000000001000001000010100100001001
000000001000001000011000000100101
000000001000001000011000000110001
000000001000001000100100001000101
000000001000001001001000001001001
000000001000001001001001000001001
000000001000001001010000010001001
000000001000001010000000011010001
000000001000001010000000100011001
000000001000001010000100100100001
000000001000010000000100000110011
000000001000010000000100110000011
000000001000010000001000000011011
000000001000010000010001010000011
000000001000010000011001000000101
000000001000010001010000010000011
000000001000010010001000000001011
000000001000010010110000000010001
000000001000010100000000100100011
000000001000010100000100000110001
000000001000010100001001000000101
000000001000100000000101000010101
000000001000100000001000000101101
000000001000100000010101000000101
000000001000100000100001100000101
000000001000100001100000100000101
000000001000110000000010010000101
000000001001000001000001001001001
000000001001001000000010100000011
000000001001001000000100010000011
000000001001010000000100000100011
000000001001010000001000000010011
000000001001100000001000000100101
000000001010000000100000010000111
000000001010000001000100000010101
000000001010000100010000001000101
000000001010001000000010000001101
000000001100000010000010000001011
000000010000000100000001001010101
000000010000000100000010000101011
000000010000000100000010110100001
000000010000000100000010111000001
000000010000000100000011001100001
000000010000000100000100010100101
000000010000000100000100110010001
000000010000000100000101010100001
000000010000000100001000110001001
000000010000000100001010010000011
000000010000000100010000010011001
000000010000000100010010001000011
000000010000001000000100000011011
000000010000001000000101001100001
000000010000001000001000001001011
000000010000001000001010001000011
000000010000001000100000001000111
000000010000001000100100010001001
000000010000001000100110010000001
000000010000001010001000000100011
000000010000001010001000001000011
000000010000001010001000011000001
000000010000001100000001011000001
000000010000010000000100100101001
000000010000010000001000010001011
000000010000010000001100010000101
000000010000010000100001001010001
000000010000010000100100100001001
000000010000010000101000000010011
000000010000010000110001000000101
000000010000010001000000100101001
000000010000010001001010000001001
000000010000010011000000010000101
000000010000010100000010010100001
000000010000100000100101000001001
000000010000100101000100000010001
000000010000101000001100000010001
000000010001000000100110000001001
000000010001001000001000000100101
000000010010000001000001000010011
000000010010000001000100000011001
000000010010000010000010000001011
000000010010000010000100000101001
000000010010000100000100001001001
000000010010001000000100010001001
000000010100001000100000100000011
