0000000000100101110111
0000000000100110101111
0000000000101011001111
0000000000110010101111
0000000000110100111011
0000000000111001010111
0000000001001010011111
0000000001010110001111
0000000001010110010111
0000000001011001101011
0000000001011100011011
0000000001011101100011
0000000001100011010111
0000000001100011011011
0000000001100100101111
0000000001100101010111
0000000001100101110011
0000000001101000111011
0000000001101001100111
0000000001101010001111
0000000001101011000111
0000000001101100010111
0000000010001100101111
0000000010001110010111
0000000010001110100111
0000000010010010101111
0000000010010011110101
0000000010010101001111
0000000010011001010111
0000000010011101001101
0000000010011110001101
0000000010011110010101
0000000010100011001111
0000000010100011011011
0000000010100100011111
0000000010100100110111
0000000010100110010111
0000000010100110100111
0000000010101001001111
0000000010101001110011
0000000010101010100111
0000000010101011001011
0000000010101100011011
0000000010101100100111
0000000010101110010011
0000000010110001101011
0000000010110010010111
0000000010110010101011
0000000010110010101101
0000000010110100100111
0000000010111000100111
0000000010111001000111
0000000011000101011011
0000000011000110010111
0000000011000110101011
0000000011001001010111
0000000011001001101011
0000000011001010010111
0000000011001010100111
0000000011011001000111
0000000100000110101111
0000000100001010011111
0000000100001100101111
0000000100010100111011
0000000100010101001111
0000000100011001011101
0000000100011010011011
0000000100011101011001
0000000100100010101111
0000000100100011001111
0000000100100011101011
0000000100100011111001
0000000100100101010111
0000000100100101110011
0000000100100110001111
0000000100100110100111
0000000100100110101011
0000000100100110101101
0000000100101000111101
0000000100101001011101
0000000100101001100111
0000000100101010001111
0000000100101011001011
0000000100101100010111
0000000100101100011011
0000000100101100110101
0000000100101110001101
0000000100110000111101
0000000100110001101011
0000000100110010001111
0000000100110010100111
0000000100110100101011
0000000100111000011011
0000000100111000101101
0000000100111001001011
0000000100111001010101
0000000101000011110011
0000000101000100101111
0000000101000101001111
0000000101000101010111
0000000101000101110011
0000000101000110101101
0000000101001001001111
0000000101001001100111
0000000101001010011011
0000000101001011001101
0000000101001100011101
0000000101001100100111
0000000101001100101101
0000000101010101001101
0000000101011010001011
0000000101011011000011
0000000101100001010111
0000000101100001101011
0000000101100001101101
0000000101100010011011
0000000101100010101011
0000000101100010101101
0000000101100010110011
0000000101100011001101
0000000101100100101011
0000000101100101010011
0000000101100110001011
0000000101101001100011
0000000101101110000011
0000000101110000110011
0000000101110001001011
0000000101110011000011
0000000101110100001011
0000000110000011010111
0000000110000101001111
0000000110000101010111
0000000110000101011011
0000000110000110101011
0000000110001001001111
0000000110001010011011
0000000110001011000111
0000000110001011001011
0000000110010001101011
0000000110010010001111
0000000110010010101011
0000000110010100001111
0000000110010101001011
0000000110100010011011
0000000110100010101011
0000000110100011000111
0000000110100011001011
0000000110100101000111
0000000110101001000111
0000001000001100111101
0000001000010111010011
0000001000010111110001
0000001000011010011011
0000001000011101010011
0000001000100011010111
0000001000100101001111
0000001000100101100111
0000001000100101110011
0000001000100101111001
0000001000101001110011
0000001000101100011101
0000001000110001011011
0000001000110001101101
0000001000110010010111
0000001000110010110101
0000001000110100100111
0000001000110100110101
0000001000110110000111
0000001000111000011101
0000001000111000110101
0000001000111001001101
0000001000111010010011
0000001000111010011001
0000001000111100010011
0000001000111100100101
0000001000111101000011
0000001000111101001001
0000001001000001111011
0000001001000011010111
0000001001000011101011
0000001001000100011111
0000001001000101111001
0000001001000110010111
0000001001001001010111
0000001001001001100111
0000001001001011100011
0000001001001100011101
0000001001001110010101
0000001001010001011011
0000001001010010010111
0000001001010011000111
0000001001010011010011
0000001001010100010111
0000001001010100100111
0000001001010110010101
0000001001010111000011
0000001001011000110101
0000001001011001000111
0000001001011010100011
0000001001011100001011
0000001001011100010011
0000001001011100011001
0000001001011101000011
0000001001100001110011
0000001001100001110101
0000001001100010001111
0000001001100010010111
0000001001100011001011
0000001001100011001101
0000001001100011010101
0000001001100100110101
0000001001100101000111
0000001001100101100011
0000001001100101100101
0000001001101000010111
0000001001101000011101
0000001001101000111001
0000001001101001010011
0000001001101010000111
0000001001101010001101
0000001001101100001101
0000001001110000110101
0000001001110001010011
0000001001110010010011
0000001001110010010101
0000001001110101000011
0000001001111000010011
0000001001111010000011
0000001010000010011111
0000001010000011001111
0000001010000100011111
0000001010000100111101
0000001010000101100111
0000001010000110010111
0000001010000110011101
0000001010001001100111
0000001010001001110011
0000001010001010001111
0000001010001010010111
0000001010001010011011
0000001010001010011101
0000001010001100011011
0000001010010010011101
0000001010010011010011
0000001010010100010111
0000001010010110010011
0000001010011000110011
0000001010011000110101
0000001010100011001011
0000001010100011010011
0000001010100100100111
0000001010100100110011
0000001010100101001011
0000001010100101001101
0000001010100110001101
0000001010110000110011
0000001010110010000111
0000001010110011000011
0000001010110100100011
0000001010110110000011
0000001011000001100111
0000001011000010010111
0000001011000110000111
0000001011000110010011
0000001011001000010111
0000001011001001000111
0000001011001001010011
0000001011001001100011
0000001011001010000111
0000001011001100001011
0000001011010100010011
0000001011010110000011
0000001011100010010011
0000001011100101000011
0000001011101000010011
0000001011101001000011
0000001011101100000011
0000001100000101001111
0000001100000101110011
0000001100001000011111
0000001100001010001111
0000001100001010010111
0000001100001010011011
0000001100010001011011
0000001100010100011011
0000001100010100110011
0000001100011010001011
0000001100100001010111
0000001100111000001011
0000001101000100010111
0000001101000100011011
0000001101100001000111
0000001101100010000111
0000010000010001101111
0000010000010100111011
0000010000011000110111
0000010000011010100111
0000010000100011011011
0000010000100011101011
0000010000100011111001
0000010000100100111011
0000010000100101110101
0000010000100110101011
0000010000101000111011
0000010000101001011101
0000010000101001100111
0000010000101011011001
0000010000101100110101
0000010000101110110001
0000010000101111100001
0000010000110001011101
0000010000110010011101
0000010000110010100111
0000010000110100011011
0000010000110100101011
0000010000110101011001
0000010000110111001001
0000010000111000100111
0000010000111000110101
0000010000111011000101
0000010000111011001001
0000010000111100110001
0000010000111110001001
0000010000111110010001
0000010001000011111001
0000010001000100101111
0000010001000101011011
0000010001000101101011
0000010001000110101101
0000010001000111001011
0000010001000111101001
0000010001001001001111
0000010001001001101011
0000010001001010110011
0000010001001011010011
0000010001001011110001
0000010001001110100101
0000010001010000111011
0000010001010010011011
0000010001010100011011
0000010001010100111001
0000010001011000100111
0000010001011010010011
0000010001011100101001
0000010001100000101111
0000010001100001111001
0000010001100010101011
0000010001100010101101
0000010001100010110101
0000010001100010111001
0000010001100011101001
0000010001100100001111
0000010001100100100111
0000010001100101010011
0000010001100101010101
0000010001101000011011
0000010001101000100111
0000010001101000101011
0000010001101000111001
0000010001101001000111
0000010001101100001011
0000010001101110000011
0000010001101110000101
0000010001110010001101
0000010001110100010101
0000010001110100100011
0000010001110100101001
0000010001111000100011
0000010001111000100101
0000010001111010000101
0000010001111100001001
0000010010000010110111
0000010010000100101111
0000010010000101010111
0000010010000101110011
0000010010000110101011
0000010010001001101011
0000010010001010100111
0000010010001100011101
0000010010001100101011
0000010010010000111101
0000010010011000100111
0000010010011000110101
0000010010011100010101
0000010010100000101111
0000010010100000110111
0000010010100001100111
0000010010100001110101
0000010010100011001101
0000010010100100010111
0000010010100110000111
0000010010100110001011
0000010010100110010101
0000010010101000111001
0000010010101001100011
0000010010101001100101
0000010010101010000111
0000010010101100000111
0000010010101110000011
0000010010110000110101
0000010010110010001101
0000010010110100010011
0000010010110100100011
0000010010111000100011
0000010010111000100101
0000010010111001000101
0000010010111010000101
0000010011000001101011
0000010011000010100111
0000010011000010110101
0000010011000100100111
0000010011000100101011
0000010011000100101101
0000010011000101010101
0000010011000101100011
0000010011000110001011
0000010011001000101101
0000010011001001010101
0000010011001010000111
0000010011001010100101
0000010011001100001011
0000010011001100001101
0000010011010000100111
0000010011010101000101
0000010011011000010101
0000010011011000100101
0000010011011010000101
0000010011100000101011
0000010011100000101101
0000010011100000110101
0000010011100001100101
0000010011100100001101
0000010011100100010101
0000010011100100100011
0000010011100101000101
0000010011101000100011
0000010011101001000011
0000010011101001000101
0000010011101100000101
0000010011110100000101
0000010100000101110011
0000010100000110001111
0000010100001001001111
0000010100001001011101
0000010100001001100111
0000010100001001101101
0000010100001100110101
0000010100010000111011
0000010100010001101011
0000010100010010110011
0000010100010100110011
0000010100011000101101
0000010100011001001011
0000010100100001101011
0000010100100010011101
0000010100100010100111
0000010100100011001011
0000010100100011010011
0000010100100011100011
0000010100100100110011
0000010100100110010101
0000010100101000110011
0000010100110000101011
0000010100110001000111
0000010100110001001011
0000010100110001010101
0000010100110100100011
0000010100111001000011
0000010101000001100111
0000010101000011001011
0000010101000011010011
0000010101000011100011
0000010101000100001111
0000010101000100110011
0000010101000101010011
0000010101000101100011
0000010101001000100111
0000010101001001000111
0000010101001001100011
0000010101010000110011
0000010101010001100011
0000010101011001000011
0000010101100001001011
0000010101100010001011
0000010101100010010011
0000010101100010100011
0000010101100100001011
0000010101101000100011
0000010101101001000011
0000010110001000011101
0000010110100010100011
0000010110101001000011
0000010110110001000011
0000010111000100001011
0000011000010010101011
0000011000010100110011
0000011000100001011011
0000011000100001101011
0000011000100101000111
0000011000101000011011
0000011000101001010011
0000011001000010100111
0000011001000100101011
0000011001000101001011
0000011001010000110011
0000100001000010011111
0000100001000010111011
0000100001000100011111
0000100001000100110111
0000100001000101001111
0000100001000101110011
0000100001000101110101
0000100001001000101111
0000100001001000110111
0000100001001001001111
0000100001001001010111
0000100001001001110101
0000100001001010001111
0000100001001011001101
0000100001001110100011
0000100001010101001101
0000100001010110010011
0000100001011000101011
0000100001011001000111
0000100001011001001011
0000100001011001100011
0000100001011010001011
0000100001011100010011
0000100001011100100011
0000100001011101000011
0000100001100010010111
0000100001100010011011
0000100001100100010111
0000100001100100011011
0000100001101000010111
0000100001101000100111
0000100010000100011111
0000100010000100110111
0000100010000101100111
0000100010000101110011
0000100010001000101111
0000100010001001010111
0000100010001001011101
0000100010001001101101
0000100010001001111001
0000100010001010001111
0000100010001011001101
0000100010010000101111
0000100010010001001111
0000100010010001110101
0000100010010001111001
0000100010010100100111
0000100010010101001011
0000100010011000011101
0000100010011010000111
0000100010011100001101
0000100010100001011011
0000100010100001101101
0000100010100001111001
0000100010100010011101
0000100010100011001011
0000100010100011011001
0000100010100100001111
0000100010100100010111
0000100010100100011011
0000100010100100100111
0000100010100101001101
0000100010101001000111
0000100010101001011001
0000100010101001100101
0000100010101010001011
0000100010101011001001
0000100010101100100101
0000100010110000110101
0000100010110001000111
0000100010110001001101
0000100010110001100101
0000100010110010110001
0000100010110100100011
0000100010110110000101
0000100010111000011001
0000100010111010000101
0000100010111100001001
0000100011000010010111
0000100011000011010101
0000100011000101100101
0000100011001000010111
0000100011001001000111
0000100011001001001101
0000100011001001010011
0000100011001001010101
0000100011001001100101
0000100011001001101001
0000100011001010000111
0000100011010001000111
0000100011010001001101
0000100011010001101001
0000100011010010010101
0000100011010101000011
0000100011011000010101
0000100011011001000011
0000100011100001011001
0000100011100010011001
0000100011100011001001
0000100011100100001101
0000100011100100010011
0000100011101000100011
0000100011101000100101
0000100011101000101001
0000100011101001000101
0000100011101001001001
0000100011101010001001
0000100011110001000101
0000100011110001001001
0000100011110100001001
0000100100001001110101
0000100100010001001111
0000100100010001100111
0000100100010001110101
0000100100010001111001
0000100100010011001011
0000100100010100001111
0000100100010100111001
0000100100010101101001
0000100100010111000011
0000100100011010001011
0000100100100001010111
0000100100100010001111
0000100100100010111001
0000100100100101010101
0000100100101001010101
0000100100101010000111
0000100100101010001011
0000100100101011000101
0000100100101110000101
0000100100110000110101
0000100100110001000111
0000100100110001010101
0000100100110001100101
0000100100110010001011
0000100100110101000011
0000100100111000010101
0000100100111000101001
0000100101000010110011
0000100101000011011001
0000100101000011101001
0000100101000100010111
0000100101001000100111
0000100101010001001011
0000100101010001001101
0000100101010010001011
0000100101010100001011
0000100101100001010101
0000100101100010001101
0000100101101001000101
0000100110000101001101
0000100110000110010101
0000100110001010001011
0000100110010001001011
0000100110010100001101
0000100110010101000011
0000100110100001010011
0000100110100001100101
0000100110100010001011
0000100110100010001101
0000100110100010010011
0000100110100101000101
0000100110100110000101
0000100110110001000101
0000100111001000100011
0000100111001001000101
0000101000100010001111
0000101000100010010111
0000101000100011001101
0000101000100011010011
0000101000100011100101
0000101000100100011011
0000101000100100011101
0000101000100100110011
0000101000100101001101
0000101000100101010011
0000101000100110001101
0000101001000100101011
0000101001000101010011
0000101001000101100011
0000101001000110010011
0000101001001001000111
0000101001100010001011
0000101001100010010101
0000101010001001000111
0000101010100010001011
0000101010100010010011
0000101010100100100011
0000101100010001010011
0000101100100010100011
0000101101000100100011
0000110001000100100111
0000110001000100101011
0000110001001000101011
0000110010001001010011
