00000000001000000000110000000010100000000111
00000000001000010000010000000001100001000011
00000000001000000001110000000010100000000011
00000000000000000001000001000100000101010101
00000000000000010000000001000100000101010101
00000000010000000001000000000100000101010101
00000000000001000100000000000100000101010101
00000000000000000100010000010000000101010101
00000000000001000001000000010000000101010101
00000000010000000001000000010000000101010101
00000000000001000100000000010000000101010101
00000000010000000100000000010000000101010101
00000000000001010000000001000000000101010101
00000000000100000000000100000001010001010101
00000000000000000000010000010100010001010101
00000000000000010000000000010100010001010101
00000000000000000000010100000100010001010101
00000000000000000100000100000100010001010101
00000000000000010000010000000100010001010101
00000000000000000100000001010000010001010101
00000000000000010000000001010000010001010101
00000000000000000001010000010000010001010101
00000000000000010001000000010000010001010101
00000000000100000001000000010000010001010101
00000000000100000100000000010000010001010101
00000000010000000001000001000000010001010101
00000000010000000100000001000000010001010101
00000000010000000100000100000000010001010101
00000000000100000001010000000000010001010101
00000000000100000100010000000000010001010101
00000000000000000000010001000101000001010101
00000000000000000100010000000101000001010101
00000000000000010000010000000101000001010101
00000000000001000100000000000101000001010101
00000000000000000100000100010001000001010101
00000000000000010000000100010001000001010101
00000000000001000000010000010001000001010101
00000000000000010001000000010001000001010101
00000000010000000001000000010001000001010101
00000000000000010100000000010001000001010101
00000000000001010000000000010001000001010101
00000000000000000100010001000001000001010101
00000000000000010001000001000001000001010101
00000000000100000001000001000001000001010101
00000000010000000001000001000001000001010101
00000000000000010100000001000001000001010101
00000000000100010000000001000001000001010101
00000000010000000100000100000001000001010101
00000000010000010000000100000001000001010101
00000000000000000001000100010100000001010101
00000000000000010000010000010100000001010101
00000000000100010000000000010100000001010101
00000000000000000001010001000100000001010101
00000000000000010000010001000100000001010101
00000000010000000001000001000100000001010101
00000000000001000100000001000100000001010101
00000000010000000100000001000100000001010101
00000000000001010000000001000100000001010101
00000000000000010000010100000100000001010101
00000000000000010100000100000100000001010101
00000000000001000001010000000100000001010101
00000000010000010000010000000100000001010101
00000000010001000000010000000100000001010101
00000000000000010100000100010000000001010101
00000000010000010000000100010000000001010101
00000000000100000001010000010000000001010101
00000000010000000100010000010000000001010101
00000000000100010001000000010000000001010101
00000000000000000000010000010001010100010101
00000000000100000100000000000100010100010101
00000000000000000100010000010000010100010101
00000000010000000001000000010000010100010101
00000000010000000100000000010000010100010101
00000000000100000000000101000000010100010101
00000000010000000001000001000000010100010101
00000000000100000100010000000000010100010101
00000000000000000001010000000101000100010101
00000000000001000000010000000101000100010101
00000000000001000001000000000101000100010101
00000000000000010100000000000101000100010101
00000000000000000001010000010001000100010101
00000000000000010000010000010001000100010101
00000000000000010001000000010001000100010101
00000000000000010100000000010001000100010101
00000000000100000100000000010001000100010101
00000000000000000000010101000001000100010101
00000000000000000100000101000001000100010101
00000000000000000101000001000001000100010101
00000000000001000001000001000001000100010101
00000000010000000001000001000001000100010101
00000000010000000100000001000001000100010101
00000000000000010001010000000001000100010101
00000000000001010000010000000001000100010101
00000000010000010000010000000001000100010101
00000000000000000100000001010100000100010101
00000000000000000001000100010100000100010101
00000000000000000100010000010100000100010101
00000000000000000101000000010100000100010101
00000000000001000001000000010100000100010101
00000000000001000100000000010100000100010101
00000000000000000101000001000100000100010101
00000000000001000100000001000100000100010101
00000000000001010000000001000100000100010101
00000000000000000100010100000100000100010101
00000000000001000000010100000100000100010101
00000000000001000001000100000100000100010101
00000000000001000001010000000100000100010101
00000000010000000001010000000100000100010101
00000000010001000000010000000100000100010101
00000000000001000101000000000100000100010101
00000000010000000101000000000100000100010101
00000000000000000001010001010000000100010101
00000000000000010000010001010000000100010101
00000000000001000001000100010000000100010101
00000000000001000100000100010000000100010101
00000000010000000001010000010000000100010101
00000000000100000100010000010000000100010101
00000000010000000100010000010000000100010101
00000000000001010001000000010000000100010101
00000000010000010001000000010000000100010101
00000000000001000001010001000000000100010101
00000000010000000001010001000000000100010101
00000000000001000101000001000000000100010101
00000000010000000101000001000000000100010101
00000000000001000000010000010001010000010101
00000000000001000100000000010001010000010101
00000000010000000100000000010001010000010101
00000000000000000001010001000001010000010101
00000000000000010000010001000001010000010101
00000000000100000000010001000001010000010101
00000000000000010001000001000001010000010101
00000000000001000001000001000001010000010101
00000000000001000100000001000001010000010101
00000000000100010000000001000001010000010101
00000000010000010000000100000001010000010101
00000000000100000100010000000001010000010101
00000000000001000101000000000001010000010101
00000000000100010001000000000001010000010101
00000000000000000100000001010100010000010101
00000000000000000100010000010100010000010101
00000000000000010000010000010100010000010101
00000000000100000000000101000100010000010101
00000000000000000100010001000100010000010101
00000000000000000101000001000100010000010101
00000000000100000100000001000100010000010101
00000000000000010000010100000100010000010101
00000000000100000000010100000100010000010101
00000000000100010000010000000100010000010101
00000000000100000101000000000100010000010101
00000000000101000001000000000100010000010101
00000000000000000100010001010000010000010101
00000000000000010001000001010000010000010101
00000000000000000100010100010000010000010101
00000000000001000000010100010000010000010101
00000000000001000001000100010000010000010101
00000000010000000100000100010000010000010101
00000000000100000001010000010000010000010101
00000000000001000100010000010000010000010101
00000000010000000100010000010000010000010101
00000000000100000101000000010000010000010101
00000000010100000001000000010000010000010101
00000000000000000100010101000000010000010101
00000000000100000000010101000000010000010101
00000000000100000001000101000000010000010101
00000000000100000100000101000000010000010101
00000000000100000001010001000000010000010101
00000000010000000001010001000000010000010101
00000000000100010001000001000000010000010101
00000000010000010001000001000000010000010101
00000000000100000101000100000000010000010101
00000000001000000001010000001000100000010101
00000000000000000001010001000101000000010101
00000000000000010100000001000101000000010101
00000000000001000001000100000101000000010101
00000000000000010100010000000101000000010101
00000000000001000001010000010001000000010101
00000000000000010100010000010001000000010101
00000000000101000000010000010001000000010101
00000000000000000100010101000001000000010101
00000000000000000101000101000001000000010101
00000000000001000001000101000001000000010101
00000000010000000001000101000001000000010101
00000000000100000001010001000001000000010101
00000000000000010100010001000001000000010101
00000000010000000100010001000001000000010101
00000000000001000101000001000001000000010101
00000000010000000101000001000001000000010101
00000000000100010001000001000001000000010101
00000000010001000001000001000001000000010101
00000000010001000100000001000001000000010101
00000000010000000100010100000001000000010101
00000000000100010000010100000001000000010101
00000000010000010000010100000001000000010101
00000000010000000101000100000001000000010101
00000000000001010001010000000001000000010101
00000000000001000000010100010100000000010101
00000000000100000100010000010100000000010101
00000000000001000101000000010100000000010101
00000000010000000100000101000100000000010101
00000000000001000001010001000100000000010101
00000000000100000100010001000100000000010101
00000000010000010000010001000100000000010101
00000000000001000101000001000100000000010101
00000000000100000101000001000100000000010101
00000000010000000101000001000100000000010101
00000000000001000100010100000100000000010101
00000000000001010001010000000100000000010101
00000000000100000100010001010000000000010101
00000000000001000001000000000001010101000101
00000000010000000001000000000100010101000101
00000000000000000000010100010000010101000101
00000000000000010000000100010000010101000101
00000000000100000000000100010000010101000101
00000000000100000000010000010000010101000101
00000000000000000001010001000000010101000101
00000000000100000000010001000000010101000101
00000000000100000001000100000000010101000101
00000000000100010000000100000000010101000101
00000000000000000001010000000101000101000101
00000000000000000100010000000101000101000101
00000000000100000000010000000101000101000101
00000000000000000101000000010001000101000101
00000000000100000001000000010001000101000101
00000000000000010100000000010001000101000101
00000000000001000000010100000001000101000101
00000000000001000001000100000001000101000101
00000000000001010000000100000001000101000101
00000000010000000100010000000001000101000101
00000000000101000000010000000001000101000101
00000000010001000000010000000001000101000101
00000000000000010000000101000100000101000101
00000000000001000000000101000100000101000101
00000000000000010001000001000100000101000101
00000000000000010100000001000100000101000101
00000000000001000100000001000100000101000101
00000000000001010000000001000100000101000101
00000000000100000001000100000100000101000101
00000000000000010001010000000100000101000101
00000000010000000001010000000100000101000101
00000000000000010100010000000100000101000101
00000000000000000001000101010000000101000101
00000000000000000100010001010000000101000101
00000000000000010000010001010000000101000101
00000000000001000100000001010000000101000101
00000000000100000000010100010000000101000101
00000000000100000001000100010000000101000101
00000000000001010000000100010000000101000101
00000000010000000001010000010000000101000101
00000000010000000100010000010000000101000101
00000000010001000000010000010000000101000101
00000000000001010001000000010000000101000101
00000000000000010000010101000000000101000101
00000000000100000001010001000000000101000101
00000000000101000000010001000000000101000101
00000000000000010000010000000101010001000101
00000000000100000000010000000101010001000101
00000000000001000001000000000101010001000101
00000000000100000001000000010001010001000101
00000000000000000001000101000001010001000101
00000000000000000101000001000001010001000101
00000000000100000001000001000001010001000101
00000000000100000100000001000001010001000101
00000000000000000100010100000001010001000101
00000000000000010000010100000001010001000101
00000000000000010100000100000001010001000101
00000000000100010000000100000001010001000101
00000000000000010001010000000001010001000101
00000000000100010000010000000001010001000101
00000000000101000000010000000001010001000101
00000000000100000101000000000001010001000101
00000000000000010000010000010100010001000101
00000000000100000000010000010100010001000101
00000000000000000101000000010100010001000101
00000000000000010100000000010100010001000101
00000000000100000100000000010100010001000101
00000000000000000100010100000100010001000101
00000000000000010100000100000100010001000101
00000000000101000000000100000100010001000101
00000000000000010001010000000100010001000101
00000000000100000001010000000100010001000101
00000000000000010100010000000100010001000101
00000000000100000100000001010000010001000101
00000000000000010000010100010000010001000101
00000000000100000000010100010000010001000101
00000000000000010001010000010000010001000101
00000000000100000101000000010000010001000101
00000000000101000001000000010000010001000101
00000000010001000001000000010000010001000101
00000000010100000001000000010000010001000101
00000000010000000001000101000000010001000101
00000000000100000001010001000000010001000101
00000000010100000001000001000000010001000101
00000000000100010000010100000000010001000101
00000000000100000101010000000000010001000101
00000000000100000001000000010101000001000101
00000000000000000100010001000101000001000101
00000000000000010000010001000101000001000101
00000000000000010100000001000101000001000101
00000000010000010000000100000101000001000101
00000000000001000001010000000101000001000101
00000000000000010100010000000101000001000101
00000000000001000100010000000101000001000101
00000000010000000100010000000101000001000101
00000000000100010000010000000101000001000101
00000000000100010001000000000101000001000101
00000000000000010100000100010001000001000101
00000000010000000100000100010001000001000101
00000000000001000100010000010001000001000101
00000000000101000001000000010001000001000101
00000000000000010000010101000001000001000101
00000000010000000001000101000001000001000101
00000000000100010000000101000001000001000101
00000000000000010001010100000001000001000101
00000000000100010000010100000001000001000101
00000000010000010001000100000001000001000101
00000000010000010100000100000001000001000101
00000000000100010001010000000001000001000101
00000000000000010001010000010100000001000101
00000000000100000100010000010100000001000101
00000000000100000101000000010100000001000101
00000000000000010001000101000100000001000101
00000000010000000001000101000100000001000101
00000000000001010000000101000100000001000101
00000000010000010000000101000100000001000101
00000000010000000100010001000100000001000101
00000000010000010000010001000100000001000101
00000000010000010100000001000100000001000101
00000000010000010000010100000100000001000101
00000000010000010001000100000100000001000101
00000000000100010001010000000100000001000101
00000000010001000001010000000100000001000101
00000000010000010100010000000100000001000101
00000000010001000100010000000100000001000101
00000000000001000001000101010000000001000101
00000000000100000001010001010000000001000101
00000000000001000101000001010000000001000101
00000000000100000101000001010000000001000101
00000000000000010001010100010000000001000101
00000000010000010001000100010000000001000101
00000000000100010001010000010000000001000101
00000000010001000001010000010000000001000101
00000000000100010101000000010000000001000101
00000000010000010101000000010000000001000101
00000000000001010000010101000000000001000101
00000000000000010001000000000101010100000101
00000000000000000001010000010001010100000101
00000000000000010000010000010001010100000101
00000000000001000000010000010001010100000101
00000000000000010001000000010001010100000101
00000000010000000001000000010001010100000101
00000000000100000100000000010001010100000101
00000000010000000100000000010001010100000101
00000000000001010000000000010001010100000101
00000000000100010000000000010001010100000101
00000000000000000100010001000001010100000101
00000000000001000000010001000001010100000101
00000000000001000100000001000001010100000101
00000000000001000001010000000001010100000101
00000000000100000001000001000100010100000101
00000000000100010000000100000100010100000101
00000000000000010001010000000100010100000101
00000000010000010001000000000100010100000101
00000000000001010000000100010000010100000101
00000000000100010000000100010000010100000101
00000000000101000000000100010000010100000101
00000000000001000100010000010000010100000101
00000000000100010000010000010000010100000101
00000000010001000000010000010000010100000101
00000000000100010001000000010000010100000101
00000000000001000100000101000000010100000101
00000000000100010000010001000000010100000101
00000000000000010001010100000000010100000101
00000000000001000100010100000000010100000101
00000000000100010001000100000000010100000101
00000000000101000001000100000000010100000101
00000000000001000000000100010101000100000101
00000000000100000001000001000101000100000101
00000000000001000001000100000101000100000101
00000000000001000100000100000101000100000101
00000000000001000100010000000101000100000101
00000000000100010000010000000101000100000101
00000000010001000000010000000101000100000101
00000000000100010001000000000101000100000101
00000000000001000000000101010001000100000101
00000000000000010001010000010001000100000101
00000000000100000001010000010001000100000101
00000000010001000000010000010001000100000101
00000000000100010001000000010001000100000101
00000000010001000001000000010001000100000101
00000000000001000001010001000001000100000101
00000000000101000000010001000001000100000101
00000000000001000101000001000001000100000101
00000000010000000101000001000001000100000101
00000000010100000100000001000001000100000101
00000000000001000001010100000001000100000101
00000000010001010000000100000001000100000101
00000000010000010100010000000001000100000101
00000000000000000100010001010100000100000101
00000000010000000001000100010100000100000101
00000000000001000100000100010100000100000101
00000000000001000101000000010100000100000101
00000000010001000001000000010100000100000101
00000000000001000000010101000100000100000101
00000000000100000001000101000100000100000101
00000000000001000001010100000100000100000101
00000000000001000101010000000100000100000101
00000000000100010001010000000100000100000101
00000000010000010100010000000100000100000101
00000000010001000100010000000100000100000101
00000000000001000000010101010000000100000101
00000000000001000001000101010000000100000101
00000000010000000001000101010000000100000101
00000000000100000100010100010000000100000101
00000000000001000101000100010000000100000101
00000000010000000101010000010000000100000101
00000000000001000001010101000000000100000101
00000000000001000101010001000000000100000101
00000000000001000001000001000101010000000101
00000000000100010000010000000101010000000101
00000000000100010001000000000101010000000101
00000000000000000001000101010001010000000101
00000000000001000001010000010001010000000101
00000000000100000101000000010001010000000101
00000000000100010001000000010001010000000101
00000000010001000001000000010001010000000101
00000000010000000001000101000001010000000101
00000000000000010001010001000001010000000101
00000000000100000100010001000001010000000101
00000000000001000101000001000001010000000101
00000000000100010001000001000001010000000101
00000000000100010001000100000001010000000101
00000000010000000001000001010100010000000101
00000000000001000001000101000100010000000101
00000000000100010001010000000100010000000101
00000000000100010100010000000100010000000101
00000000010001010000010000000100010000000101
00000000010000000001000101010000010000000101
00000000000100000001010100010000010000000101
00000000000001000100010100010000010000000101
00000000000100000100010100010000010000000101
00000000010000000100010100010000010000000101
00000000000100010000010100010000010000000101
00000000000100000101010000010000010000000101
00000000010001000100010000010000010000000101
00000000010001010001000000010000010000000101
00000000000100000001010101000000010000000101
00000000000100000100010101000000010000000101
00000000000100000101010001000000010000000101
00000000010000000101010001000000010000000101
00000000000100010001010001000000010000000101
00000000010000010101000001000000010000000101
00000000001000000101010000001000100000000101
00000000000001000001000100010101000000000101
00000000010000010000000100010101000000000101
00000000000000010001000101000101000000000101
00000000000000010001010100000101000000000101
00000000000001000100010100000101000000000101
00000000000001000000010101010001000000000101
00000000000001000001000101010001000000000101
00000000010000000001000101010001000000000101
00000000000001000001010100010001000000000101
00000000010000010000010100010001000000000101
00000000010000000101000100010001000000000101
00000000010000010100000100010001000000000101
00000000000001000101010000010001000000000101
00000000000100010000010101000001000000000101
00000000010000000101000101000001000000000101
00000000000100010001000101000001000000000101
00000000000001000101010001000001000000000101
00000000000100000101010001000001000000000101
00000000000100010001010001000001000000000101
00000000000100010100010001000001000000000101
00000000000100010100010100000001000000000101
00000000000000010001010001010100000000000101
00000000000100000001010001010100000000000101
00000000000100000100010001010100000000000101
00000000000001000100010100010100000000000101
00000000000001000101000100010100000000000101
00000000000001000001010101000100000000000101
00000000000001000101010001010000000000000101
00000000001000000010010000100000100001001001
00000000001000100000010000000100100010001001
00000000001000010010010000100000100000001001
00000000000001000000000001010000010101010001
00000000000001000100000000010000010101010001
00000000000000010000010001000000010101010001
00000000000000010000010100000000010101010001
00000000000100000100000100000000010101010001
00000000000000010000000101000001000101010001
00000000000000010000010001000001000101010001
00000000000100000000010001000001000101010001
00000000010000000100000001000001000101010001
00000000000100010000000001000001000101010001
00000000000100000000010100000001000101010001
00000000000001000100000000010100000101010001
00000000000001000100000001000100000101010001
00000000000100000000010100000100000101010001
00000000000001000100000100000100000101010001
00000000010000000100010000000100000101010001
00000000000100010000010000000100000101010001
00000000000001000000010001010000000101010001
00000000000000010001000001010000000101010001
00000000000001000001000001010000000101010001
00000000000100000100000001010000000101010001
00000000010001000000010000010000000101010001
00000000000001000000010101000000000101010001
00000000010000000100000101000000000101010001
00000000000001000001010001000000000101010001
00000000000100010100000001000000000101010001
00000000010000000100000001000001010001010001
00000000000100010000000001000001010001010001
00000000000001000000010100000001010001010001
00000000000000010001010000000001010001010001
00000000000000010000010000010100010001010001
00000000000000010001000000010100010001010001
00000000000100000001000000010100010001010001
00000000000000000100010100000100010001010001
00000000000000010001010000000100010001010001
00000000000100000001010000000100010001010001
00000000000000010001000001010000010001010001
00000000000100000101000000010000010001010001
00000000000000010000010101000000010001010001
00000000000100010000000101000000010001010001
00000000000100000101000001000000010001010001
00000000000100000101010000000000010001010001
00000000000000010001000001000101000001010001
00000000010000000001000001000101000001010001
00000000010000000100000001000101000001010001
00000000000000010001010000000101000001010001
00000000000001000001010000000101000001010001
00000000000100000100010000000101000001010001
00000000010001000000010000000101000001010001
00000000000000000100000101010001000001010001
00000000000000010001000100010001000001010001
00000000010000000001000100010001000001010001
00000000000001000100010000010001000001010001
00000000010000000100010000010001000001010001
00000000010001000000010000010001000001010001
00000000010000010100000000010001000001010001
00000000000001000000010101000001000001010001
00000000010000000101000001000001000001010001
00000000010000000100010100000001000001010001
00000000010000000101000100000001000001010001
00000000010000010001000100000001000001010001
00000000000000000100000101010100000001010001
00000000000000010000010001010100000001010001
00000000000001000100010000010100000001010001
00000000010001000000010000010100000001010001
00000000000001000001010001000100000001010001
00000000000100000001010100000100000001010001
00000000000100000100010100000100000001010001
00000000010000010001010000000100000001010001
00000000010000010100010000000100000001010001
00000000010000000100000101010000000001010001
00000000000001000001010001010000000001010001
00000000000100000101000001010000000001010001
00000000000100000101010000010000000001010001
00000000000000000100000100000101010100010001
00000000000100000000010000010001010100010001
00000000010000000001000000010001010100010001
00000000010000000001000001000001010100010001
00000000010000010000000001000001010100010001
00000000010000000100000100000001010100010001
00000000010000010000000100000001010100010001
00000000000001000001010000000001010100010001
00000000000100000100010000000001010100010001
00000000000001000000010100000100010100010001
00000000000100000001010000000100010100010001
00000000000100000101000000000100010100010001
00000000000000010000010001010000010100010001
00000000000100000000010001010000010100010001
00000000000100010000000001010000010100010001
00000000000001000000010100010000010100010001
00000000000001000001010000010000010100010001
00000000000001000000010101000000010100010001
00000000000100000000010101000000010100010001
00000000000001000001000101000000010100010001
00000000000001000100000101000000010100010001
00000000000100000100000101000000010100010001
00000000000001000001010100000000010100010001
00000000000100000100010100000000010100010001
00000000010000000100010100000000010100010001
00000000010000010000010100000000010100010001
00000000000100000101010000000000010100010001
00000000001000000100010010000000100100010001
00000000000001000001010000000101000100010001
00000000010000000101000000000101000100010001
00000000000100000001010000010001000100010001
00000000010000010000010000010001000100010001
00000000000100000101000000010001000100010001
00000000000000010000010101000001000100010001
00000000010000010000010001000001000100010001
00000000000100000101000001000001000100010001
00000000010000000101000001000001000100010001
00000000000100010000010100000001000100010001
00000000010000010000010100000001000100010001
00000000010000010001010000000001000100010001
00000000000000000100000101010100000100010001
00000000000001000001000001010100000100010001
00000000000001000001000100010100000100010001
00000000000100000100010000010100000100010001
00000000000100010000010000010100000100010001
00000000010000010100000000010100000100010001
00000000000001000001010100000100000100010001
00000000010000000101000100000100000100010001
00000000010001000001010000000100000100010001
00000000000100000100000101010000000100010001
00000000000100000001010100010000000100010001
00000000000100000101010000010000000100010001
00000000010000010000010101000000000100010001
00000000000100000101000101000000000100010001
00000000010000000101000101000000000100010001
00000000010001000000010000000101010000010001
00000000000001000001010000010001010000010001
00000000010000000101000000010001010000010001
00000000000100000100010001000001010000010001
00000000010000000100010001000001010000010001
00000000010000000101000001000001010000010001
00000000010000000100010100000001010000010001
00000000010000010000010100000001010000010001
00000000000100000101010000000001010000010001
00000000010000010100010000000001010000010001
00000000000100000001000001010100010000010001
00000000000100000101000001000100010000010001
00000000000001000000010101010000010000010001
00000000010000000100010001010000010000010001
00000000000100000001010101000000010000010001
00000000000100000100010101000000010000010001
00000000000100000101000101000000010000010001
00000000010000000101010001000000010000010001
00000000000100000000010101000101000000010001
00000000010000010000010001000101000000010001
00000000000100000101000100010001000000010001
00000000000100000101010000010001000000010001
00000000010000010100010000010001000000010001
00000000000100000100010101000001000000010001
00000000000100000101010001000001000000010001
00000000010000000101010001000001000000010001
00000000010000010001010001000001000000010001
00000000010000010101000001000001000000010001
00000000010000000101010100000001000000010001
00000000010000010100010100000001000000010001
00000000000100000001010001010100000000010001
00000000010000010000010001010100000000010001
00000000010000000100010100010100000000010001
00000000010000010100010000010100000000010001
00000000000100000001010101000100000000010001
00000000000100000100010101000100000000010001
00000000010000000100010101000100000000010001
00000000000100000101000101000100000000010001
00000000000100000101010001010000000000010001
00000000000100000101010100010000000000010001
00000000001000001000011000000000110000100001
00000000000000010000010000000101010101000001
00000000000100000000010000000101010101000001
00000000000100000001000000000101010101000001
00000000000001000000010000010001010101000001
00000000000001000001000000010001010101000001
00000000010000000100000001000001010101000001
00000000010000000100000100000001010101000001
00000000010000010000000100000001010101000001
00000000000100000001010000000001010101000001
00000000010000000100010000000001010101000001
00000000000100000001010000000100010101000001
00000000010000010000010000000100010101000001
00000000000100000001000100010000010101000001
00000000010000010000000100010000010101000001
00000000000001000001010001000000010101000001
00000000000100000001010001000000010101000001
00000000000100000100010001000000010101000001
00000000000100000000010001000101000101000001
00000000010000000100010000000101000101000001
00000000010000010001000000000101000101000001
00000000000000010000000101010001000101000001
00000000000100000000010100010001000101000001
00000000010000000100010001000001000101000001
00000000010000000101010000000001000101000001
00000000000001000000010101000100000101000001
00000000010000000101010000000100000101000001
00000000000001000001000101010000000101000001
00000000010000000100010101000000000101000001
00000000000100000001000000010101010001000001
00000000000100000001010000000101010001000001
00000000010000010001000000000101010001000001
00000000010000010000000100010001010001000001
00000000010000000101000001000001010001000001
00000000010000000101000100000001010001000001
00000000000100000001000101010000010001000001
00000000000100000001010100010000010001000001
00000000010000010000010101000000010001000001
00000000010000000101010001000000010001000001
00000000000100000000010100010101000001000001
00000000000100000000010101000101000001000001
00000000010000000100010001000101000001000001
00000000010000000101010000000101000001000001
00000000000001000000010101010001000001000001
00000000010000000101010001000001000001000001
00000000010000000101010100000001000001000001
00000000000100000000010101010100000001000001
00000000010000000101010001000100000001000001
00000000000100000001010101010000000001000001
00000000010000000100010101010000000001000001
00000000010000000101010100010000000001000001
00000000000001000000000100010101010100000001
00000000000100000001000001000101010100000001
00000000000100000000010001010100010100000001
00000000010000000100010100000100010100000001
00000000000100000000010101010000010100000001
00000000000100000000010101010100000100000001
00000000000100000000010001010101010000000001
