0000000000000000010101000101000101010101
0000000000000001010001010100010001010101
0000000000000001010001010101000100010101
0000000000000001010100010100010100010101
0000000000000011000100010011000100010011
0000000000000100000101000100010101010101
0000000000000100000101010001000101010101
0000000000000100000101010001010101010001
0000000000000100000101010100010001010101
0000000000000100010001010101000001010101
0000000000000100010001010101000101000101
0000000000000100010100010001010100010101
0000000000000100010100010101010000010101
0000000000000100010101000100010100010101
0000000000000100010101010100010000010101
0000000000000101000001000101010001010101
0000000000000101000001010100010001010101
0000000000000101000100010100000101010101
0000000000000101000100010101000100010101
0000000000000101000100010101000101000101
0000000000000101000101000100010101000101
0000000000000101000101000101000100010101
0000000000000101000101000101010000010101
0000000000000101000101010101000000010101
0000000000000101010000010100010100010101
0000000000000101010001010000010001010101
0000000000001001000100011001000100011001
0000000000010000000101000101000101010101
0000000000010000010001010001010100010101
0000000000010000010100010001000101010101
0000000000010000010100010100010001010101
0000000000010000010100010100010101010001
0000000000010000010100010101000001010101
0000000000010000010100010101010000010101
0000000000010000010100010101010001000101
0000000000010000010101000001000101010101
0000000000010000010101000100010001010101
0000000000010000010101000101000100010101
0000000000010000010101000101010001000101
0000000000010000010101010000010100010101
0000000000010000010101010000010101010001
0000000000010000010101010001000100010101
0000000000010000010101010001000101010001
0000000000010000010101010100000101010001
0000000000010001000001000101010100010101
0000000000010001000001010000010101010101
0000000000010001000001010100000101010101
0000000000010001000101000000010101010101
0000000000010001000101000100010100010101
0000000000010001000101000101010100000101
0000000000010001000101010000010001010101
0000000000010001000101010000010101000101
0000000000010001000101010001000101000101
0000000000010001000101010001010000010101
0000000000010001000101010100010000010101
0000000000010001000101010101000001010001
0000000000010001010000000101010101000101
0000000000010001010000000101010101010001
0000000000010001010000010001010100010101
0000000000010001010000010001010101000101
0000000000010001010000010100010101010001
0000000000010001010000010101000001010101
0000000000010001010001000001010100010101
0000000000010001010001000100010101000101
0000000000010001010001000101000101010001
0000000000010001010001010000010101010001
0000000000010001010001010001010000010101
0000000000010001010001010001010100000101
0000000000010001010001010100000100010101
0000000000010001010001010100000101000101
0000000000010001010001010100000101010001
0000000000010001010001010100010000010101
0000000000010001010100000001010101000101
0000000000010001010100000100010101010001
0000000000010001010100000101000100010101
0000000000010001010100000101010000010101
0000000000010001010100010001000101000101
0000000000010001010100010001010001000101
0000000000010001010100010101000001000101
0000000000010001010101000100000100010101
0000000000010001010101000101010000000101
0000000000010010001000100011001000100011
0000000000010010001000110010001000100011
0000000000010100000000010100010101010101
0000000000010100000001000100010101010101
0000000000010100000001000101010101000101
0000000000010100000001010001000101010101
0000000000010100000100010001000101010101
0000000000010100000100010001010001010101
0000000000010100000100010001010100010101
0000000000010100000101000100010001010101
0000000000010100000101000100010100010101
0000000000010100000101000101000100010101
0000000000010100000101000101010001000101
0000000000010100000101010001000101000101
0000000000010100000101010001010001000101
0000000000010100010000010001010100010101
0000000000010100010001000001010001010101
0000000000010100010001000001010101000101
0000000000010100010001000100010100010101
0000000000010100010001000101000101000101
0000000000010100010001000101010001000101
0000000000010100010001010000010100010101
0000000000010100010001010000010101000101
0000000000010100010001010100000100010101
0000000000010100010100000001010100010101
0000000000010100010100000001010101000101
0000000000010100010100010000010101000101
0000000000010100010100010001000100010101
0000000000010100010100010001010000010101
0000000000010101000001000001000101010101
0000000000010101000001000101000100010101
0000000000010101000100000100010100010101
0000000000100001000100010011000100010011
0000000000100001000100110001000100010011
0000000000100001000100110001000100110001
0000000001000000000101000100010101010101
0000000001000000010001010001010001010101
0000000001000000010001010100010100010101
0000000001000000010001010101010100000101
0000000001000000010100000100010101010101
0000000001000000010100010001000101010101
0000000001000000010100010101000100010101
0000000001000000010100010101010100010001
0000000001000000010101000100000101010101
0000000001000000010101000101000001010101
0000000001000000010101000101000100010101
0000000001000000010101000101000101000101
0000000001000000010101010000010101000101
0000000001000000010101010100000101000101
0000000001000000010101010100010001000101
0000000001000001000001000101010001010101
0000000001000001000001000101010100010101
0000000001000001000100010001010001010101
0000000001000001000100010100000101010101
0000000001000001000100010101000001010101
0000000001000001000100010101000100010101
0000000001000001000101000001010101010001
0000000001000001000101000101010001000101
0000000001000001000101010000010100010101
0000000001000001000101010000010101000101
0000000001000001000101010001000100010101
0000000001000001000101010001000101010001
0000000001000001010000000101010001010101
0000000001000001010000010001010101000101
0000000001000001010000010001010101010001
0000000001000001010000010101000100010101
0000000001000001010000010101010100010001
0000000001000001010001000100010001010101
0000000001000001010001000101000100010101
0000000001000001010001000101010100000101
0000000001000001010001010001000100010101
0000000001000001010001010100000001010101
0000000001000001010001010100000100010101
0000000001000001010001010100010001000101
0000000001000001010001010100010001010001
0000000001000001010001010101010000000101
0000000001000001010100000001010101010001
0000000001000001010100000101010000010101
0000000001000001010100000101010101000001
0000000001000001010100010000000101010101
0000000001000001010100010000010001010101
0000000001000001010100010001000101000101
0000000001000001010100010001010001010001
0000000001000001010100010100000100010101
0000000001000001010100010101000001000101
0000000001000001010100010101000100000101
0000000001000001010101010000000101010001
0000000001000001010101010000010000010101
0000000001000001010101010000010100010001
0000000001000001010101010100000001000101
0000000001000100000001000101010001010101
0000000001000100000001010000010101010101
0000000001000100000001010101010001010001
0000000001000100000100000101010100010101
0000000001000100000100010101000101010001
0000000001000100000100010101010100000101
0000000001000100000101000000010101010101
0000000001000100000101000001000101010101
0000000001000100000101000100010101000101
0000000001000100000101000100010101010001
0000000001000100000101000101000001010101
0000000001000100000101010001010000010101
0000000001000100000101010001010100010001
0000000001000100000101010100000101000101
0000000001000100000101010100000101010001
0000000001000100010000010000010101010101
0000000001000100010000010001010101000101
0000000001000100010000010101000101000101
0000000001000100010000010101010001010001
0000000001000100010001000101000101000101
0000000001000100010001010001000101000101
0000000001000100010001010001010000010101
0000000001000100010001010001010001010001
0000000001000100010001010001010100000101
0000000001000100010001010100000101000101
0000000001000100010100000000010101010101
0000000001000100010100000100010100010101
0000000001000100010100000101000101000101
0000000001000100010100010001010001000101
0000000001000100010100010100000101000101
0000000001000100010100010100010100000101
0000000001000100010100010101000001000101
0000000001000100010100010101000100000101
0000000001000100010101000000010101000101
0000000001000100010101000100000101000101
0000000001000100010101000101000001000101
0000000001000100010101000101000001010001
0000000001000100010101010000000101000101
0000000001000100010101010000010100000101
0000000001000100010101010100000001010001
0000000001000100010101010100000100000101
0000000001000100010101010100010000000101
0000000001000100010101010101000000000101
0000000001000101000000000101010100010101
0000000001000101000000000101010101000101
0000000001000101000000010001000101010101
0000000001000101000000010001010100010101
0000000001000101000000010101000101010001
0000000001000101000001000001010100010101
0000000001000101000001000100010100010101
0000000001000101000001000101010000010101
0000000001000101000001000101010001010001
0000000001000101000001010001000101010001
0000000001000101000001010001010001000101
0000000001000101000001010100000001010101
0000000001000101000001010100000101010001
0000000001000101000100000001010100010101
0000000001000101000100000101000101000101
0000000001000101000100000101000101010001
0000000001000101000100010001000101000101
0000000001000101000100010001010000010101
0000000001000101000100010100000101010001
0000000001000101000100010101000001000101
0000000001000101000101000001000100010101
0000000001000101000101000001010001000101
0000000001000101000101010000000101010001
0000000001000101000101010001000000010101
0000000001000101000101010001010000000101
0000000001000101000101010100000001000101
0000000001000101010000000001010101000101
0000000001000101010000000101010100000101
0000000001000101010000010000010001010101
0000000001000101010000010001010001000101
0000000001000101010000010001010100000101
0000000001000101010000010101000001000101
0000000001000101010001000001010000010101
0000000001000101010001000001010100000101
0000000001000101010001000100010100000101
0000000001000101010001010000000001010101
0000000001000101010001010001000001000101
0000000001000101010001010001010000000101
0000000001000101010100000000010101000101
0000000001000101010100000101000001000101
0000000001000101010100010000010000010101
0000000001000101010100010001000100000101
0000000001000101010100010100000100000101
0000000001000101010100010101000000000101
0000000001010000000100000101000101010101
0000000001010000000100000101010100010101
0000000001010000000100010000010101010101
0000000001010000000100010001000101010101
0000000001010000000100010101000101000101
0000000001010000000101010100010001000101
0000000001010000010000000101000101010101
0000000001010000010000000101010001010101
0000000001010000010000000101010101000101
0000000001010000010000010001000101010101
0000000001010000010001000000010101010101
0000000001010000010001000001000101010101
0000000001010000010001000001010001010101
0000000001010000010001000100000101010101
0000000001010000010001000100010001010101
0000000001010000010001000101000100010101
0000000001010000010001000101000101000101
0000000001010000010001000101010000010101
0000000001010000010001010001000100010101
0000000001010000010100000001000101010101
0000000001010000010100010001000001010101
0000000001010000010100010001000101000101
0000000001010000010100010100010001000101
0000000001010000010101000001000100010101
0000000001010000010101010000010001000101
0000000001010000010101010100000001000101
0000000001010001000000010001010100010101
0000000001010001000000010001010101000101
0000000001010001000000010100010101000101
0000000001010001000001000100010101000101
0000000001010001000100000001010001010101
0000000001010001000100000001010100010101
0000000001010001000100000100000101010101
0000000001010001000100010000010101000101
0000000001010001000100010001010000010101
0000000001010001000100010001010001000101
0000000001010001010000000100010001010101
0000000001010001010000000100010100010101
0000000001010001010000010001000100010101
0000000001010001010001000000010100010101
0000000001010100010001000001000001010101
0000000010000001000100011001000100011001
0000000010000001000110010001000100011001
0000000010000001000110010001000110010001
0000000100000001000001000101000101010101
0000000100000001000001000101010100010101
0000000100000001000001010001010001010101
0000000100000001000001110000001100000111
0000000100000001000101000001010001010101
0000000100000001000101000001010101000101
0000000100000001000101000101010000010101
0000000100000001000101010000010001010101
0000000100000001000101010000010100010101
0000000100000001000101010100000001010101
0000000100000001000101010100010000010101
0000000100000001000101010101010000000101
0000000100000001001001010010000100100101
0000000100000001010001000001010100010101
0000000100000001010001000101000101000101
0000000100000001010001010001000001010101
0000000100000001010100000100010100010101
0000000100000011000000010000011100000111
0000000100000011000000110000010100000111
0000000100000011000001010000011100000011
0000000100000011000001110000001100000101
0000000100000011000001110000010100000011
0000000100000100000001000101010101000101
0000000100000100000100000100010101010101
0000000100000100000100010100000101010101
0000000100000100000100010100010001010101
0000000100000100000100010101010100000101
0000000100000100000101000000010101010101
0000000100000100000101000001010101010001
0000000100000100000101000100010001010101
0000000100000100000101000100010101000101
0000000100000100000101000101000100010101
0000000100000100000101000101010100010001
0000000100000100000101010000010101010001
0000000100000100000101010001000100010101
0000000100000100000101010100000001010101
0000000100000100000101010100000101010001
0000000100000100000101010100010001000101
0000000100000100010000010001010101010001
0000000100000100010000010100000101010101
0000000100000100010000010100010001010101
0000000100000100010000010101000101010001
0000000100000100010000010101010001010001
0000000100000100010001000001010001010101
0000000100000100010001010000010001010101
0000000100000100010001010101010001000001
0000000100000100010100000101000001010101
0000000100000100010100000101000101010001
0000000100000100010100010001000100010101
0000000100000100010100010001010001000101
0000000100000100010100010001010101000001
0000000100000100010100010100000100010101
0000000100000100010100010101000000010101
0000000100000100010100010101000100000101
0000000100000100010101000000010001010101
0000000100000100010101000000010101000101
0000000100000100010101000001000001010101
0000000100000100010101000001010100010001
0000000100000100010101000100000100010101
0000000100000100010101010000000100010101
0000000100000100010101010000000101010001
0000000100000100010101010000010001000101
0000000100000100010101010000010101000001
0000000100000100010101010100000001000101
0000000100000100010101010100000100000101
0000000100000100010101010100010000000101
0000000100000101000000010001010001010101
0000000100000101000000010001010100010101
0000000100000101000000010100010001010101
0000000100000101000000010101010001010001
0000000100000101000000110000001100000111
0000000100000101000000110000011100000011
0000000100000101000001000100000101010101
0000000100000101000001000101000100010101
0000000100000101000001010001000100010101
0000000100000101000100000001010101000101
0000000100000101000100000100010101010001
0000000100000101000100000101000001010101
0000000100000101000100000101010000010101
0000000100000101000100010001000001010101
0000000100000101000100010001010100000101
0000000100000101000100010100000001010101
0000000100000101000100010100010000010101
0000000100000101000100010100010001010001
0000000100000101000101000001010101000001
0000000100000101000101000100010000010101
0000000100000101000101000101000000010101
0000000100000101000101000101010000010001
0000000100000101000101010000010001010001
0000000100000101000101010000010100010001
0000000100000101000101010001000100000101
0000000100000101000101010100000001010001
0000000100000101000101010100010000010001
0000000100000101001000010010000100100101
0000000100000101001000010010010100100001
0000000100000101010000010101000001010001
0000000100000101010000010101010000010001
0000000100000101010001000001000001010101
0000000100000101010001000001010001000101
0000000100000101010001000001010101000001
0000000100000101010001000101000100000101
0000000100000101010001010001000000010101
0000000100000101010001010001000001010001
0000000100000101010100000001010101000001
0000000100000101010100000100010100010001
0000000100000101010100000101000001000101
0000000100000101010100000101000001010001
0000000100000101010100010001000001010001
0000000100000101010100010100010000000101
0000000100000101010101000000010100010001
0000000100000101010101000001000001000101
0000000100000101010101000001000100000101
0000000100000101010101000001010000010001
0000000100000111000000110000001100000101
0000000100000111000001010000001100000011
0000000100001001000000010100100101001001
0000000100001001000010010100000101001001
0000000100001001010000010100100100001001
0000000100001001010010010100000100001001
0000000100010000000100010000001100110011
0000000100010000000100010000010101010101
0000000100010000000100010000100110011001
0000000100010000000100010001001000110011
0000000100010000000100010001010001010101
0000000100010000000100010001100010011001
0000000100010000000100010010001100110001
0000000100010000000100010011001000110001
0000000100010000000100010100010101010001
0000000100010000000101000001010001010101
0000000100010000000101000001010101000101
0000000100010000000101000100010100010101
0000000100010000001100110010000100010001
0000000100010000010000010000010101010101
0000000100010000010000010001010100010101
0000000100010000010000010001010101000101
0000000100010000010000010100010100010101
0000000100010000010000010101000101010001
0000000100010000010000010101010001000101
0000000100010000010001000001010101010001
0000000100010000010001000100010101000101
0000000100010000010001000101000101010001
0000000100010000010001010000010100010101
0000000100010000010001010000010101000101
0000000100010000010001010101010000000101
0000000100010000010100000100010101010001
0000000100010000010100000101000101000101
0000000100010000010100010000010101000101
0000000100010000010100010001000101000101
0000000100010000010100010100000001010101
0000000100010000010100010101000001000101
0000000100010000010101000000010101010001
0000000100010000010101000001000001010101
0000000100010000010101000001010100000101
0000000100010000010101000100000101010001
0000000100010000010101000101000001010001
0000000100010000010101010000010000010101
0000000100010000010101010000010001000101
0000000100010000010101010000010100000101
0000000100010000010101010100000100000101
0000000100010000010101010100000100010001
0000000100010000100110011000000100010001
0000000100010001000000010001001000110011
0000000100010001000000010001010001010101
0000000100010001000000010001100010011001
0000000100010001000001000001010101000101
0000000100010001000001000101000001010101
0000000100010001000001010000010100010101
0000000100010001000001010001010100000101
0000000100010001000101000100000101000101
0000000100010001000101010000010001010001
0000000100010001010000010100000101010001
0000000100010001010000010100010000010101
0000000100010001010001000001010000010101
0000000100010001010001010000010000010101
0000000100010001010100000100000100010101
0000000100010001010100010001000001000101
0000000100010001010100010100000001010001
0000000100010001010101000100000001000101
0000000100010001010101000100000100000101
0000000100010100000001010000010101010001
0000000100010100000001010001000101010001
0000000100010100000001010001010001010001
0000000100010100000001010100000101010001
0000000100010100000100000101010100000101
0000000100010100000100010000010001010101
0000000100010100000100010000010101000101
0000000100010100000101000000010101010001
0000000100010100000101000001010001010001
0000000100010100000101000101000100000101
0000000100010100000101010000010001010001
0000000100010100010000000101000100010101
0000000100010100010000010001010000010101
0000000100010100010000010001010100000101
0000000100010100010000010100000100010101
0000000100010100010000010100000101010001
0000000100010100010001000001010000010101
0000000100010100010100000001010001010001
0000000100010100010100000101000100000101
0000000100010100010100010000010000010101
0000000100010100010100010001000100000101
0000000100010101000001000100000101010001
0000000100010101000001000101000100000101
0000000100010101000100010000010100000101
0000000100010101000101000100000100000101
0000000100010101010000000101000100000101
0000000100010101010000010000010000010101
0000000100010101010001000001010000000101
0000000100100001001000010000010100100101
0000000100100001001001010010000100000101
0000000100100101001000010010000100000101
0000000101000001000001000100010001010101
0000000101000001000001000100010100010101
0000000101000001000100000101000001010101
0000000101000001000100000101010000010101
0000000101000001000100010000010001010101
0000000101000001010001000001000100010101
0000000101000001010100000100010000010101
0000000101000100000100010001000101000101
0000000101000100000100010001010001000101
0000000101000100000101000001000100010101
0000000101000100010000010000010001010101
0000000101000100010000010001010001000101
0000000101000100010001010000010000010101
0000000101000101000001000001000100010101
0000000101000101000001000100010000010101
0000000101000101000100010000010000010101
0000000101010000010000010001000001010101
0000000101010000010000010001000100010101
