0000000000000000000000001001010111
0000000000000000000000001001101011
0000000000000000000000001100101011
0000000000000000000000100010001111
0000000000000000000000101101000011
0000000000000000000001000010110011
0000000000000000000101011000000011
0000000000000000001000011010001001
0000000000000000001010000100100101
0000000000000000010000101000100101
0000000000000000011000001000100011
0000000000000000100000001001101001
0000000000000000100000001010011001
0000000000000000100000010100000111
0000000000000000100000011000001011
0000000000000000100000100100001011
0000000000000000100001000001000111
0000000000000000100001000100011001
0000000000000000100001001000001011
0000000000000000100001001010000101
0000000000000000100001100010000011
0000000000000000100010000000001111
0000000000000000100010000010100101
0000000000000000100010000100001011
0000000000000000100010001000010011
0000000000000000100010100001000011
0000000000000000100011000010000011
0000000000000000100011100000000101
0000000000000000100100000100001101
0000000000000000100100010001000011
0000000000000000100100100000101001
0000000000000000100110001000000011
0000000000000000101000000100010101
0000000000000000101000010001000101
0000000000000000101000100100000011
0000000000000000110000000000010111
0000000000000000110000000000101011
0000000000000001000000000011001011
0000000000000001000001000001100011
0000000000000001000001000100010101
0000000000000001000001000101000011
0000000000000001000001010001000101
0000000000000001000100000001001011
0000000000000001000100000010010011
0000000000000001000100010001000011
0000000000000001000100100100000011
0000000000000001001000010000100101
0000000000000001001010010000000101
0000000000000001001101000000000011
0000000000000001010000010001000101
0000000000000001010000011000000011
0000000000000001010001100000000011
0000000000000001010110000000000011
0000000000000001011001000000000011
0000000000000001100000000000001111
0000000000000001100000000000011011
0000000000000001100000000000101011
0000000000000001100000000000110011
0000000000000001100000000001001011
0000000000000001100000000001100011
0000000000000001100000000011000011
0000000000000001100000000110000011
0000000000000001100000001100000011
0000000000000001100000010000001011
0000000000000001100000010010000011
0000000000000001100000100001000011
0000000000000001100001000000001011
0000000000000001100001000000100011
0000000000000001100010000000010011
0000000000000001100100000000001011
0000000000000001101000000000000111
0000000000000010000000100100100101
0000000000000010000001000100010011
0000000000000010000001010000100101
0000000000000010000001100001000101
0000000000000010000010010000011001
0000000000000010000010100010000101
0000000000000010000100000001001101
0000000000000010000100000100100101
0000000000000010000100010010000101
0000000000000010000110000000110001
0000000000000010000110000001000101
0000000000000010001000000000001111
0000000000000010001000000010100101
0000000000000010001000101000000101
0000000000000010010000000000011101
0000000000000010010000000110000101
0000000000000010010000011000000101
0000000000000010010001000000100011
0000000000000010010001000100000011
0000000000000010011100000000000101
0000000000000010100000000000001111
0000000000000010100000000000101101
0000000000000010100000000001001101
0000000000000010100000000001010101
0000000000000010100000000010100101
0000000000000010100000000011000011
0000000000000010100000000011000101
0000000000000010100000000101000101
0000000000000010100000001010000101
0000000000000010100000001100000011
0000000000000010100000001100000101
0000000000000010100000010001000101
0000000000000010100000010010000101
0000000000000010100000010100000101
0000000000000010100000100001000101
0000000000000010100001000000100101
0000000000000010100001000001000101
0000000000000010100010000000001011
0000000000000010100010000000010101
0000000000000010100100000000001101
0000000000000010101100000000000011
0000000000000010110000000000000111
0000000000000011000000000000010111
0000000000000011000000000000101011
0000000000000011000000000001010011
0000000000000011010000000000000111
0000000000000100000000100100001101
0000000000000100000001000001001011
0000000000000100000001000010001101
0000000000000100000001010101000001
0000000000000100000010001000010101
0000000000000100000011000000001101
0000000000000100000100000100101001
0000000000000100000100010100000101
0000000000000100000100100000001101
0000000000000100000110000001000011
0000000000000100000110000100000011
0000000000000100000110010000001001
0000000000000100001000000000001111
0000000000000100001000000000011101
0000000000000100001000000010101001
0000000000000100001000010100001001
0000000000000100001001010000001001
0000000000000100001010100000001001
0000000000000100010000000000011011
0000000000000100010000000001101001
0000000000000100010000000100100011
0000000000000100010000000110001001
0000000000000100100000000000011011
0000000000000100100000000000011101
0000000000000100100000000000101011
0000000000000100100000000000101101
0000000000000100100000000001010011
0000000000000100100000000010011001
0000000000000100100000000100101001
0000000000000100100000001000001011
0000000000000100100000001000001101
0000000000000100100000001001001001
0000000000000100100000001100001001
0000000000000100100000010010001001
0000000000000100100000011000000101
0000000000000100100000100000001011
0000000000000100100000100000001101
0000000000000100100000100000101001
0000000000000100100000100001001001
0000000000000100100000100010001001
0000000000000100100000100100001001
0000000000000100100001000000101001
0000000000000100100001000010000101
0000000000000100100001100000000101
0000000000000100100010000000011001
0000000000000100101000000000001011
0000000000000100101000000000001101
0000000000000100101000100000000011
0000000000000100110000000000001011
0000000000000100110000000000001101
0000000000000101000000000000100111
0000000000000101000000000001001011
0000000000000101000000010010000011
0000000000000101000000100010000101
0000000000000101000100000000001011
0000000000000101001000000000001011
0000000000000101001000000000001101
0000000000000101100000000000010011
0000000000000101100000000000100011
0000000000000101100000000001000011
0000000000000101100000010000000011
0000000000000101100001000000000011
0000000000000101100100000000000011
0000000000001000000000010100010011
0000000000001000000000100010010011
0000000000001000000001000010100011
0000000000001000000001000100011001
0000000000001000000001100001010001
0000000000001000000010000000110011
0000000000001000000010000001010101
0000000000001000000010000110000011
0000000000001000000100000010011001
0000000000001000000100001000000111
0000000000001000000101000011000001
0000000000001000001000000000011011
0000000000001000001000000101010001
0000000000001000001000010000100011
0000000000001000001001000000001101
0000000000001000001010100000010001
0000000000001000010000000000011101
0000000000001000010000000110010001
0000000000001000010100100000001001
0000000000001000011000000001010001
0000000000001000011100000000010001
0000000000001000100000000000101101
0000000000001000100000000000110011
0000000000001000100000000000111001
0000000000001000100000000001010101
0000000000001000100000000010010011
0000000000001000100000000010011001
0000000000001000100000001000010011
0000000000001000100000001000110001
0000000000001000100000001010010001
0000000000001000100000001100010001
0000000000001000100000010001010001
0000000000001000100000010010000011
0000000000001000100000010010010001
0000000000001000100000100001010001
0000000000001000100000100010010001
0000000000001000100001000000011001
0000000000001000100001000000110001
0000000000001000100001000001010001
0000000000001000100001000010010001
0000000000001000100001000100010001
0000000000001000100010100000000101
0000000000001000100011000000001001
0000000000001000100100000000010011
0000000000001000100100000000011001
0000000000001000100100100000000011
0000000000001000101000000000010101
0000000000001000101001000000000011
0000000000001000110000000000010011
0000000000001000110000000000011001
0000000000001001000000000001000111
0000000000001001000000000100010011
0000000000001001000000100010000011
0000000000001001000001000000001011
0000000000001001000001000100000011
0000000000001001000010001000000011
0000000000001001000100000000010011
0000000000001001100000000000100011
0000000000001001100010000000000011
0000000000001010000000000100010101
0000000000001010000000010001000101
0000000000001010000001000100000101
0000000000001010001000000000010101
0000000000001100000000001000001011
0000000000010000000000010010010011
0000000000010000000000100100100101
0000000000010000000000110000110001
0000000000010000000001001000110001
0000000000010000000010000100110001
0000000000010000000010010001100001
0000000000010000000100000001010101
0000000000010000000100010010100001
0000000000010000000100100000100101
0000000000010000001000010100100001
0000000000010000001001000000010011
0000000000010000001010000000100011
0000000000010000010000000100001011
0000000000010000010000000100010101
0000000000010000010000000110100001
0000000000010000010001100000100001
0000000000010000011000001000000011
0000000000010000100000000001100011
0000000000010000100000000001110001
0000000000010000100000000010100101
0000000000010000100000000010101001
0000000000010000100000000011010001
0000000000010000100000000011100001
0000000000010000100000000100100101
0000000000010000100000000100101001
0000000000010000100000001000100011
0000000000010000100000001000110001
0000000000010000100000001010001001
0000000000010000100000001010100001
0000000000010000100000001100100001
0000000000010000100000010010100001
0000000000010000100000100001100001
0000000000010000100000100100000101
0000000000010000100000110000010001
0000000000010000100001000010100001
0000000000010000100001001000000101
0000000000010000100001010000001001
0000000000010000100010000000100011
0000000000010000100010000000110001
0000000000010000100010000010100001
0000000000010000100010000100100001
0000000000010000100100000000100101
0000000000010000100100000000101001
0000000000010000100100000010000101
0000000000010000100100000010100001
0000000000010000100110000000010001
0000000000010000101000000000100101
0000000000010000101000000000101001
0000000000010000101010000000001001
0000000000010000110000000000100011
0000000000010000110000000000110001
0000000000010000110010000000000101
0000000000010001000000010000100011
0000000000010001000000100001000011
0000000000010001000001000010000011
0000000000010001000010000000100011
0000000000010001000010000000110001
0000000000010001000010000100000011
0000000000010001000100001000000011
0000000000010001001000010000000011
0000000000010001010001000000000101
0000000000010001100000000001000011
0000000000010001100001000000000011
0000000000010010000000001000010101
0000000000010010000000010000100101
0000000000010010000000100000100101
0000000000010010000100000000100101
0000000000010010010000100000000101
0000000000010010100000000010000101
0000000000010010100001000000000101
0000000000100000000001000011000101
0000000000100000000010000000001111
0000000000100000000010000001010101
0000000000100000000010000101010001
0000000000100000000010001001100001
0000000000100000000100000001010101
0000000000100000000100000011010001
0000000000100000000100001011000001
0000000000100000000100100101000001
0000000000100000000101001001000001
0000000000100000000110000000001011
0000000000100000000110010001000001
0000000000100000000110100000000011
0000000000100000001001000100100001
0000000000100000001100000000001101
0000000000100000010000000001000111
0000000000100000010000000001110001
0000000000100000010000000111000001
0000000000100000010000001001000101
0000000000100000010000010001001001
0000000000100000010001000010001001
0000000000100000010001000100000011
0000000000100000010001100001000001
0000000000100000011100000001000001
0000000000100000100000000001000111
0000000000100000100000000001010011
0000000000100000100000000010110001
0000000000100000100000000011000011
0000000000100000100000000011100001
0000000000100000100000000101000101
0000000000100000100000000101010001
0000000000100000100000001000101001
0000000000100000100000001001000011
0000000000100000100000001001001001
0000000000100000100000001101000001
0000000000100000100000010001000101
0000000000100000100000010001010001
0000000000100000100000010001100001
0000000000100000100000010010001001
0000000000100000100000010011000001
0000000000100000100000100001000011
0000000000100000100000100001100001
0000000000100000100000100100001001
0000000000100000100000101000010001
0000000000100000100000110000100001
0000000000100000100001000000010101
0000000000100000100001000001000011
0000000000100000100001000001100001
0000000000100000100001000100000101
0000000000100000100010000001000011
0000000000100000100010000001000101
0000000000100000100010000001010001
0000000000100000100010000011000001
0000000000100000100100000001001001
0000000000100000100100000001100001
0000000000100000100100000101000001
0000000000100000101000000001000101
0000000000100000101000000001010001
0000000000100000101100000000100001
0000000000100000110000000001000011
0000000000100000110000000001100001
0000000000100001000000000010001011
0000000000100001000000000100000111
0000000000100001000000000101100001
0000000000100001000001000000100011
0000000000100001000001000001000011
0000000000100001000001000100000011
0000000000100001000010000010000011
0000000000100001010000000001000011
0000000000100001100000000001000101
0000000000100001100000000001010001
0000000000100001100000000010000011
0000000000100001100000100000000011
0000000000100010000000001010000101
0000000000100010000000010000010101
0000000000100010000000010100000101
0000000000100010000000100001000101
0000000000100010000001000001000101
0000000000100010000010000001000101
0000000000100010000010000001010001
0000000000100010000100000001010001
0000000000100010100000000010000101
0000000000100010100000000100000101
0000000000100010100000010000000101
0000000000100010100000100000000101
0000000000100010100001000000000101
0000000000100100000000100000101001
0000000000100100000001000001001001
0000000000100100000001010000000011
0000000000100100000100000001001001
0000000000100100000100000100001001
0000000001000000000100000010010011
0000000001000000000100000010100101
0000000001000000000100000011001001
0000000001000000000100000101010001
0000000001000000000100010100000101
0000000001000000001000000010010101
0000000001000000001000000111000001
0000000001000000001000011000010001
0000000001000000001000100000000111
0000000001000000001000100001100001
0000000001000000001000101010000001
0000000001000000001001010010000001
0000000001000000001100001000010001
0000000001000000010000000100010101
0000000001000000010000000100101001
0000000001000000010000000110000011
0000000001000000010000010010001001
0000000001000000010000011010000001
0000000001000000010000100010010001
0000000001000000010100000100000101
0000000001000000010100100000100001
0000000001000000100000000010010011
0000000001000000100000000010010101
0000000001000000100000000110000011
0000000001000000100000000110001001
0000000001000000100000000110010001
0000000001000000100000000111000001
0000000001000000100000001000101001
0000000001000000100000001000110001
0000000001000000100000001010000101
0000000001000000100000001010100001
0000000001000000100000001101000001
0000000001000000100000001110000001
0000000001000000100000010000010011
0000000001000000100000010000100101
0000000001000000100000010001001001
0000000001000000100000010010001001
0000000001000000100000010010010001
0000000001000000100000100010000011
0000000001000000100000100010001001
0000000001000000100000100010010001
0000000001000000100000100011000001
0000000001000000100000100100010001
0000000001000000100001000010000101
0000000001000000100001000010100001
0000000001000000100001001000000101
0000000001000000100001100001000001
0000000001000000100010000000100101
0000000001000000100010000010000011
0000000001000000100010000010001001
0000000001000000100010000010010001
0000000001000000100010000011000001
0000000001000000100010000100000101
0000000001000000100010000100001001
0000000001000000100011000001000001
0000000001000000100100000000010011
0000000001000000100100000001010001
0000000001000000100100000010001001
0000000001000000100100000010010001
0000000001000000100101000000100001
0000000001000000101000000010000101
0000000001000000101000000010100001
0000000001000000101000000110000001
0000000001000000110000000010000011
0000000001000000110000000010001001
0000000001000000110000000010010001
0000000001000000110000000011000001
0000000001000000110000000100000101
0000000001000000110000001000001001
0000000001000000111000000001000001
0000000001000001000000010000001011
0000000001000001000000100000010011
0000000001000001000000100010000011
0000000001000001000001000000100011
0000000001000001000001000100010001
0000000001000001000100000010000011
0000000001000001001000100000000101
0000000001000001010000001000000011
0000000001000001010000100000001001
0000000001000001100000000010010001
0000000001000001100000000100000011
0000000001000001100000010000000011
0000000001000010000000010010000101
0000000001000010000000100010000101
0000000001000010000001000010000101
0000000001000010000100000010000101
0000000001000010001000000010000101
0000000001000010001000010000010001
0000000001000010010001000000000101
0000000001000010100000000010010001
0000000001000010100000001000000101
0000000001000010100000010000000101
0000000001000010100001000000010001
0000000001000100000001000000010101
0000000001000100000001000001000101
0000000001000100000001000010001001
0000000001000100000010000001001001
0000000001000100000010000010001001
0000000001000100000100000001000101
0000000001000100000100000010001001
0000000001000100001000000010001001
0000000001000100100000010000001001
0000000001000100100000100000001001
0000000001000110000001000000001001
0000000010000000010000000010010101
0000000010000000010000000100000111
0000000010000000010000000100011001
0000000010000000010000000111000001
0000000010000000100000000100000111
0000000010000000100000001000000111
0000000010000000100000001000110001
0000000010000000100000001001100001
0000000010000000100000001011000001
0000000010000000100000001100000011
0000000010000000100000001110000001
0000000010000000100000010001010001
0000000010000000100000010100000011
0000000010000000100000010100000101
0000000010000000100000010101000001
0000000010000000100000010110000001
0000000010000000100000100010010001
0000000010000000100000100100000011
0000000010000000100000100100000101
0000000010000000100000100100001001
0000000010000000100000100100100001
0000000010000000100000100101000001
0000000010000000100000100110000001
0000000010000000100001000000011001
0000000010000000100001000001000101
0000000010000000100001000100001001
0000000010000000100001000100010001
0000000010000000100001000100100001
0000000010000000100001000110000001
0000000010000000100010000010000101
0000000010000000100010000100000011
0000000010000000100010000100001001
0000000010000000100010000100010001
0000000010000000100010000100100001
0000000010000000100100000100000011
0000000010000000100100000100000101
0000000010000000100100000100001001
0000000010000000100100000100100001
0000000010000000100100000101000001
0000000010000000100100000110000001
0000000010000000101000000100000011
0000000010000000101000000100000101
0000000010000000101000000101000001
0000000010000000101000000110000001
0000000010000000101000010000001001
0000000010000000101001000000100001
0000000010000000110000000011000001
0000000010000000110000000100000011
0000000010000000110000000110000001
0000000010000001000000001000001011
0000000010000001000000010000000111
0000000010000001000000010000010011
0000000010000001000000010100000011
0000000010000001000000100000001011
0000000010000001000000100000010101
0000000010000001000001000000010011
0000000010000001000001000100001001
0000000010000001000010000000100011
0000000010000001000010000100010001
0000000010000001001000001000001001
0000000010000001001001000001000001
0000000010000001010000000100000011
0000000010000001100000000100000101
0000000010000001100000001000000011
0000000010000001100001000000010001
0000000010000001100100000001000001
0000000010000010000000100000100101
0000000010000010000000100100000101
0000000010000010000001000000010101
0000000010000010000010010000001001
0000000010000010010000000100000101
0000000010000010100000001000000101
0000000010000010100000010000000101
0000000010000011000000010000000101
0000000010000100000001000100001001
0000000010000100000100000001001001
0000000010000100010000000100001001
0000000010000100100000001000001001
0000000010000100100000100000001001
0000000010000110000000100000001001
0000000010001000000010000000110001
0000000010001000000010000100010001
0000000010001000010000000100010001
