00000111101111011111111111111
00000111101111111110111111111
00000111110111101111111111111
00001011101111111110111111111
00001011111011111101111111111
00001011111111011111111101111
00001011111111101111111011111
00001011111111110111110111111
00001011111111111110111011111
00001101110111011111111111111
00001101110111111011111111111
00001101110111111101111111111
00001101111011111101111111111
00001101111110111111101111111
00001101111111011111101111111
00001101111111011111110111111
00001101111111111011110111111
00001101111111111101110111111
00001101111111111111010111111
00001110110111011111111111111
00001110110111111101111111111
00001110111011011111111111111
00001110111011101111111111111
00001110111011111011111111111
00001110111011111101111111111
00001110111101101111111111111
00001110111110111111101111111
00001110111110111111110111111
00001110111111011111101111111
00001110111111011111110111111
00001110111111101111011111111
00001110111111101111101111111
00001110111111111011101111111
00001110111111111101101111111
00001110111111111101110111111
00001110111111111110101111111
00001110111111111110110111111
00001110111111111111001111111
00001110111111111111010111111
00001111010111011111111111111
00001111011011101111111111111
00001111011101011111111111111
00001111011101101111111111111
00001111011101110111111111111
00001111011101111011111111111
00001111011101111101111111111
00001111011110111011111111111
00001111011111110111011111111
00001111011111111011101111111
00001111011111111101110111111
00001111011111111110111011111
00001111100111011111111111111
00001111101110011111111111111
00001111101110111101111111111
00010011011111111111011111111
00010011111111011111111011111
00010011111111110111111101111
00010101011111111111011111111
00010101101111111110111111111
00010101110111111011111111111
00010101111011011111111111111
00010101111011111110111111111
00010101111110011111111111111
00010101111110111111101111111
00010101111111011111110111111
00010101111111011111111101111
00010101111111101111111011111
00010101111111110111110111111
00010101111111110111111101111
00010101111111111110110111111
00010101111111111111011011111
00010101111111111111100111111
00010110110111111101111111111
00010110111101110111111111111
00010110111110111111101111111
00010110111111011111110111111
00010110111111101111101111111
00010110111111111011110111111
00010110111111111101101111111
00010110111111111111001111111
00010111001111111101111111111
00010111011011110111111111111
00010111011101111011111111111
00010111011110011111111111111
00010111011110111101111111111
00010111011110111110111111111
00010111011110111111111011111
00010111011110111111111111101
00010111011111101111011111111
00010111011111111101111101111
00010111011111111110111101111
00010111100111111101111111111
00010111101011111011111111111
00010111101101101111111111111
00010111101101111101111111111
00010111101110111110111111111
00010111101110111111111011111
00010111101111001111111111111
00010111101111011111011111111
00010111101111011111111110111
00010111101111011111111111101
00010111101111101110111111111
00010111101111101111101111111
00010111101111111011111111101
00010111101111111101111011111
00010111101111111110111110111
00010111110011110111111111111
00010111110101111011111111111
00010111110101111111111111011
00010111110110111111111101111
00010111110111101011111111111
00010111110111101111110111111
00010111110111111011110111111
00010111110111111101111011111
00010111110111111101111101111
00010111110111111101111110111
00010111110111111101111111011
00010111110111111110111111011
00010111111001111011111111111
00010111111001111111111110111
00010111111010111111111110111
00010111111011011111111110111
00010111111011110111110111111
00010111111011110111111011111
00010111111011110111111101111
00010111111011110111111110111
00010111111011111011110111111
00010111111011111011111110111
00010111111011111101111011111
00010111111011111101111110111
00010111111011111110111101111
00010111111101011111111101111
00010111111101101111111101111
00010111111101110111111101111
00010111111101111011111101111
00010111111101111101111101111
00010111111101111111011111011
00010111111110111101111011111
00010111111111011101111011111
00010111111111011110111011111
00010111111111011111101110111
00010111111111011111110101111
00010111111111011111110110111
00010111111111011111111010111
00010111111111011111111100111
00010111111111101111101101111
00010111111111101111101111011
00010111111111110110111101111
00010111111111110111011101111
00010111111111110111100111111
00010111111111110111110111011
00010111111111111011110011111
00010111111111111101011011111
00010111111111111101011110111
00010111111111111101011111011
00010111111111111101101011111
00010111111111111101101101111
00010111111111111101101110111
00010111111111111101110011111
00010111111111111101111001111
00011001101111111110111111111
00011001110111111011111111111
00011001111101011111111111111
00011001111101111111101111111
00011001111110101111111111111
00011001111110111111011111111
00011001111110111111101111111
00011001111111011111111101111
00011001111111101111111011111
00011001111111110111110111111
00011001111111111110110111111
00011001111111111110111111011
00011001111111111111010111111
00011001111111111111101011111
00011010011111111111011111111
00011010111101111111011111111
00011010111101111111101111111
00011010111110111111011111111
00011010111110111111101111111
00011010111111110111111101111
00011010111111111011111110111
00011010111111111101101111111
00011010111111111110101111111
00011010111111111111010111111
00011011011011011111111111111
00011011011011111011111111111
00011011011101011111111111111
00011011011101111011111111111
00011011011110111111011111111
00011011011111011101111111111
00011011011111011110111111111
00011011011111011111011111111
00011011011111101111011111111
00011011011111110111011111111
00011011011111111001111111111
00011011011111111010111111111
00011011011111111011011111111
00011011011111111101011111111
00011011011111111101110111111
00011011011111111110101111111
00011011011111111111001111111
00011011011111111111011101111
00011011101011011111111111111
00011011101011111011111111111
00011011101101101111111111111
00011011101110101111111111111
00011011101110111110111111111
00011011101110111111111011111
00011011101110111111111101111
00011011101111011111011111111
00011011101111101101111111111
00011011101111101110111111111
00011011101111101111111111011
00011011101111111101111101111
00011011101111111110111110111
00011011101111111111101011111
00011011110011111011111111111
00011011110101110111111111111
00011011110101111111111110111
00011011110110111111111101111
00011011110111011111111011111
00011011110111110011111111111
00011011110111110111110111111
00011011110111111011111011111
00011011110111111101111101111
00011011110111111101111110111
00011011110111111110111011111
00011011111010111111011111111
00011011111011011111101111111
00011011111011011111110111111
00011011111011011111111011111
00011011111011101111110111111
00011011111011101111111011111
00011011111011110111110111111
00011011111011110111111011111
00011011111011111011110111111
00011011111011111011111011111
00011011111011111100111111111
00011011111011111101111111011
00011011111011111110111101111
00011011111101011111011111111
00011011111101011111111011111
00011011111101101111101111111
00011011111101110111110111111
00011011111101111011111110111
00011011111101111101011111111
00011011111101111111011110111
00011011111110011111011111111
00011011111110011111111011111
00011011111110011111111101111
00011011111110101111111101111
00011011111110111110011111111
00011011111110111110110111111
00011011111110111111011011111
00011011111110111111011101111
00011011111110111111011110111
00011011111111001111111011111
00011011111111010111111101111
00011011111111011110111011111
00011011111111011111001111111
00011011111111011111010111111
00011011111111011111011011111
00011011111111011111101011111
00011011111111011111101110111
00011011111111011111111001111
00011011111111100111110111111
00011011111111101111110011111
00011011111111110110110111111
00011011111111110111010111111
00011011111111110111100111111
00011011111111110111110101111
00011011111111111011011011111
00011011111111111011101011111
00011011111111111101011011111
00011011111111111110101011111
00011011111111111110101101111
00011100101111111011111111111
00011100110111111011111111111
00011100111011011111111111111
00011100111101101111111111111
00011100111111111101101111111
00011100111111111110110111111
00011100111111111111011011111
00011101011011011111111111111
00011101011011111011111111111
00011101011101101111111111111
00011101011111101101111111111
00011101011111111011011111111
00011101011111111101101111111
00011101011111111110110111111
00011101100111111011111111111
00011101101011011111111111111
00011101101011111011111111111
00011101101101011111111111111
00011101101101101111111111111
00011101101101110111111111111
00011101101101111011111111111
00011101101110110111111111111
00011101101110111111011111111
00011101101110111111101111111
00011101101110111111111011111
00011101101111011110111111111
00011101101111011111011111111
00011101101111011111111101111
00011101101111011111111110111
00011101101111101110111111111
00011101101111110011111111111
00011101101111110101111111111
00011101101111110110111111111
00011101101111111010111111111
00011101101111111011011111111
00011101101111111011101111111
00011101101111111011111110111
00011101101111111101011111111
00011101101111111101101111111
00011101101111111110011111111
00011101101111111110101111111
00011101101111111110111011111
00011101101111111110111101111
00011101110110011111111111111
00011101110110101111111111111
00011101110110110111111111111
00011101110110111011111111111
00011101110110111111011111111
00011101110110111111101111111
00011101110110111111111101111
00011101110110111111111110111
00011101110111011011111111111
00011101110111111011011111111
00011101110111111111011011111
00011101111010011111111111111
00011101111011011101111111111
00011101111011011111101111111
00011101111011011111110111111
00011101111011011111111011111
00011101111011011111111101111
00011101111011111101101111111
00011101111101101111110111111
00011101111101101111111011111
00011101111110110111101111111
00011101111110110111110111111
00011101111110111101101111111
00011101111110111111011011111
00011101111110111111101101111
00011101111111011011101111111
00011101111111011101101111111
00011101111111011110110111111
00011101111111011111011011111
00011101111111011111101101111
00011101111111101110110111111
00011101111111101111011011111
00011101111111110110110111111
00011101111111110111011011111
00011101111111111010110111111
00011101111111111011010111111
00011101111111111011011011111
00011101111111111011101101111
00011101111111111101011011111
00011101111111111101100111111
00011101111111111101101011111
00011101111111111101101101111
00011101111111111110010111111
00011101111111111110011011111
00011101111111111110100111111
00011101111111111110101101111
00011101111111111111010011111
00011110011011011111111111111
00011110011011111011111111111
00011110011011111111111011111
00011110101011011111111111111
00011110101101110111111111111
00011110110011011111111111111
00011110110011111011111111111
00011110110011111111111101111
00011110110101011111111111111
00011110110101110111111111111
00011110110110011111111111111
00011110110110111011111111111
00011110110111011101111111111
00011110110111011110111111111
00011110110111011111011111111
00011110110111011111101111111
00011110110111101110111111111
00011110110111111011101111111
00011110110111111101110111111
00011110110111111111011101111
00011110111001101111111111111
00011110111011001111111111111
00011110111011011110111111111
00011110111011011111101111111
00011110111011011111110111111
00011110111011011111111011111
00011110111011101101111111111
00011110111011110110111111111
00011110111011111101101111111
00011110111101100111111111111
00011110111111011101101111111
00011110111111100110111111111
00011110111111101110110111111
00011110111111110110111011111
00011110111111111001101111111
00011110111111111011001111111
00011110111111111100110111111
00011110111111111101100111111
00011110111111111110110011111
00011111001101011111111111111
00011111001101111011111111111
00011111010101101111111111111
00011111010110011111111111111
00011111010110111011111111111
00011111011001110111111111111
00011111011001111011111111111
00011111011010101111111111111
00011111011010111011111111111
00011111011011101111011111111
00011111011011110111011111111
00011111011101011011111111111
00011111011101101011111111111
00011111011101101111011111111
00011111011101111011011111111
00011111011110110111011111111
00011111011110111011011111111
00011111100110101111111111111
00011111101011001111111111111
00011111101101011101111111111
00100101111011111111011111111
00100101111101111110111111111
00100101111110011111111111111
00100101111110111111101111111
00100101111111011111101111111
00100101111111011111111011111
00100101111111011111111111011
00100101111111101111110111111
00100101111111111111010111111
00100101111111111111100111111
00100110101111111110111111111
00100110111011110111111111111
00100110111101011111111111111
00100110111101111011111111111
00100110111101111110111111111
00100110111111011111111101111
00100110111111101111011111111
00100110111111111110111101111
00100111011011111011111111111
00100111011101011111111111111
00100111011110011111111111111
00100111011110111110111111111
00100111011111011011111111111
00100111011111011111011111111
00100111011111011111101111111
00100111011111111101111101111
00100111011111111111101011111
00100111101011110111111111111
00100111101011111011111111111
00100111101101111110111111111
00100111101111010111111111111
00100111101111011111101111111
00100111101111101111110111111
00100111101111110110111111111
00100111101111110111011111111
00100111101111110111110111111
00100111101111111011110111111
00100111101111111101110111111
00100111101111111111011011111
00100111110011110111111111111
00100111110101111011111111111
00100111110110111101111111111
00100111110111101111111011111
00100111110111110111101111111
00100111110111111011110111111
00100111111001111011111111111
00101001110111111101111111111
00101001111110011111111111111
00101001111110111111101111111
00101010101111111110111111111
00101010101111111111011111111
00101010110111111101111111111
00101010111011111111011111111
00101010111101111111011111111
00101010111110011111111111111
00101010111110110111111111111
00101010111110111111101111111
00101010111111001111111111111
00101010111111011111110111111
00101010111111011111111101111
00101010111111011111111111011
00101010111111100111111111111
00101010111111101111101111111
00101010111111101111111011111
00101010111111110111110111111
00101010111111110111111101111
00101010111111111011101111111
00101010111111111011111110111
00101010111111111110101111111
00101010111111111110111111101
00101010111111111111001111111
00101010111111111111100111111
00101010111111111111101101111
00101010111111111111110011111
00101011001111111101111111111
00101011011011111011111111111
00101011011101111101111111111
00101011011110011111111111111
00101011011110111111111011111
00101011011111001111111111111
00101011011111011101111111111
00101011011111011111011111111
00101011011111011111110111111
00101011011111101111101111111
00101011011111111101111011111
00101011011111111110111110111
00101011100111111101111111111
00101011101011111101111111111
00101011101101111110111111111
00101011101110110111111111111
00101011101110111111011111111
00101011101110111111111011111
00101011101110111111111111101
00101011101111011111110111111
00101011101111100111111111111
00101011101111110111011111111
00101011101111110111110111111
00101011101111110111111111011
00101011101111111011111111101
00101011101111111101110111111
00101011101111111110110111111
00101011101111111110111111011
00101011101111111111010111111
00101011101111111111011110111
00101011101111111111110011111
00101011110011111011111111111
00101011110011111101111111111
00101011110101111101111111111
00101011110101111111111111011
00101011110110110111111111111
00101011110110111110111111111
00101011110110111111111101111
00101011110111011111111111011
00101011110111101111101111111
00101011110111101111111011111
00101011110111101111111111011
00101011110111110101111111111
00101011110111110111110111111
00101011110111111101111011111
00101011110111111101111101111
00101011110111111101111111011
00101011111001011111111111111
00101011111001110111111111111
00101011111001111011111111111
00101011111001111101111111111
00101011111001111110111111111
00101011111001111111111110111
00101011111001111111111111101
00101011111010111111011111111
00101011111010111111111110111
00101011111011011101111111111
00101011111011011111110111111
00101011111011011111111011111
00101011111011110111111011111
00101011111011111011111011111
00101011111011111011111110111
00101011111011111101011111111
00101011111011111101101111111
00101011111011111101111011111
00101011111011111101111110111
00101011111011111101111111101
00101011111011111110111011111
00101011111011111111011111101
00101011111100111101111111111
00101011111100111110111111111
00101011111100111111111111011
00101011111101011111011111111
00101011111101011111111101111
00101011111101101111101111111
00101011111101110111110111111
00101011111101110111111101111
00101011111101110111111111011
00101011111101111011111101111
00101011111101111101011111111
00101011111101111101110111111
00101011111101111101111101111
00101011111101111110111101111
00101011111101111110111111011
00101011111110011111011111111
00101011111110011111111011111
00101011111110101111111011111
00101011111110110111110111111
00101011111110110111111011111
00101011111110111011111011111
00101011111110111101111011111
00101011111110111110011111111
00101011111110111110110111111
00101011111110111110111011111
00101011111110111110111110111
00101011111110111111011011111
00101011111110111111011101111
00101011111110111111101111101
00101011111110111111111011101
00101011111111001111101111111
00101011111111001111111011111
00101011111111010111110111111
00101011111111011011111101111
00101011111111011110111111011
00101011111111011111001111111
00101011111111011111010111111
00101011111111011111110011111
00101011111111011111110101111
00101011111111011111110111011
00101011111111100111111011111
00101011111111101011111011111
00101011111111101101111011111
00101011111111101110111011111
00101011111111101111100111111
00101011111111101111101011111
00101011111111101111101110111
00101011111111101111101111101
00101011111111110111010111111
00101011111111110111100111111
00101011111111110111110011111
00101011111111110111110110111
00101011111111111010111110111
00101011111111111010111111011
00101011111111111011101101111
00101011111111111011101111101
00101011111111111011110011111
00101011111111111011111001111
00101011111111111101110011111
00101011111111111101111001111
00101011111111111101111100111
00101011111111111101111101101
00101011111111111110011111011
00101011111111111110110011111
00101011111111111110110110111
00101011111111111111001011111
00101011111111111111001111101
00101100101111111011111111111
00101100101111111111011111111
00101100111011111111011111111
00101100111101111111011111111
00101100111101111111110111111
00101100111110111111101111111
00101100111111011111011111111
00101100111111011111111111011
00101100111111101011111111111
00101100111111101110111111111
00101100111111110111111101111
00101100111111111011101111111
00101100111111111011111111101
00101100111111111110101111111
00101100111111111111001111111
00101100111111111111011101111
00101101010111111011111111111
00101101011101110111111111111
00101101011101111111110111111
00101101011110111011111111111
00101101011111101110111111111
00101101011111111011111110111
00101101011111111110111011111
00101101011111111111011101111
00101101011111111111101110111
00101101100111111011111111111
00101101101101110111111111111
00101101101110011111111111111
00101101101110111011111111111
00101101101110111101111111111
00101101101110111111011111111
00101101101110111111101111111
00101101101110111111111101111
00101101101110111111111111101
00101101101111110111011111111
00101101101111111011111110111
00101101101111111101110111111
00101101101111111101111110111
00101101101111111110111011111
00101101101111111111011110111
00101101101111111111101110111
00101101110011111011111111111
00101101110101011111111111111
00101101110110011111111111111
00101101110110111101111111111
00101101110110111111101111111
00101101110110111111111101111
00101101110111001111111111111
00101101110111011011111111111
00101101110111011101111111111
00101101110111011111011111111
00101101110111011111110111111
00101101110111011111111011111
00101101110111011111111111011
00101101110111011111111111101
00101101110111110101111111111
00101101110111110111111111101
00101101110111111001111111111
00101101110111111011101111111
00101101110111111011110111111
00101101110111111011111101111
00101101110111111011111110111
00101101110111111011111111101
00101101110111111100111111111
00101101110111111101110111111
00101101110111111101111011111
00101101110111111101111111011
00101101110111111111100111111
00101101110111111111101011111
00101101110111111111110101111
00101101110111111111111001111
00101101111001111111111110111
00101101111010101111111111111
00101101111010111111111111011
00101101111011101111110111111
00101101111101011111111110111
00101101111101110111110111111
00101101111101111011111110111
00101101111101111101110111111
00101101111101111111011110111
00101101111101111111101110111
00101101111101111111110111011
00101101111110011111111111011
00101101111110111011101111111
00101101111110111011110111111
00101101111110111101110111111
00101101111110111101111111011
00101101111110111111011101111
00101101111110111111101110111
00101101111110111111101111011
00101101111111001111111110111
00101101111111011110111011111
00101101111111011110111111011
00101101111111011111011110111
00101101111111011111110111011
00101101111111011111111010111
00101101111111011111111110011
00101101111111101011111110111
00101101111111101101110111111
00101101111111101110110111111
00101101111111101110111011111
00101101111111101111110111011
00101101111111110011111110111
00101101111111110111011111101
00101101111111110111111011101
00101101111111111011011101111
00101101111111111011011110111
00101101111111111011100111111
00101101111111111011101110111
00101101111111111011110111011
00101101111111111011111010111
00101101111111111011111011101
00101101111111111011111110011
00101101111111111100111111011
00101101111111111101010111111
00101101111111111101100111111
00101101111111111101110011111
00101101111111111101110111011
00101101111111111101110111101
00101101111111111110101011111
00101101111111111111010101111
00101110011011111011111111111
00101110011011111111111011111
00101110011101111011111111111
00101110011110111111101111111
00101110011111011011111111111
00101110011111011111011111111
00101110011111110101111111111
00101110011111110110111111111
00101110011111111001111111111
00101110011111111010111111111
00101110011111111011101111111
00101110011111111011111110111
00101110011111111011111111011
00101110011111111101011111111
00101110011111111101101111111
00101110011111111101111011111
00101110011111111110101111111
00101110011111111110111011111
00101110011111111111001111111
00101110101011111111111101111
00101110101101111011111111111
00101110101101111111110111111
00101110101110011111111111111
00101110101110111101111111111
00101110101110111111111101111
00101110101110111111111111101
00101110101111011011111111111
00101110101111011110111111111
00101110101111011111011111111
00101110101111011111111101111
00101110101111011111111111011
00101110101111101111011111111
00101110101111101111111110111
00101110101111111011111110111
00101110101111111011111111101
00101110101111111110111101111
00101110101111111111011101111
00101110110011111111111101111
00101110110110111101111111111
00101110110110111111111101111
00101110110111001111111111111
00101110110111011111111101111
00101110110111101110111111111
00101110110111101111111111011
00101110110111111011111110111
00101110110111111101111011111
00101110110111111110111101111
00101110111001011111111111111
00101110111001110111111111111
00101110111001111011111111111
00101110111001111111111110111
00101110111001111111111111101
00101110111010110111111111111
00101110111010111111111111101
00101110111011100111111111111
00101110111011101111011111111
00101110111011101111111101111
00101110111011101111111111101
00101110111011110011111111111
00101110111011110101111111111
00101110111011110110111111111
00101110111011110111011111111
00101110111011110111111011111
00101110111011110111111101111
00101110111011111011111111101
00101110111011111101111011111
00101110111011111101111111101
00101110111011111111011110111
00101110111011111111101101111
00101110111011111111111010111
00101110111100101111111111111
00101110111100111111101111111
00101110111100111111110111111
00101110111101011111011111111
00101110111101011111110111111
00101110111101011111111101111
00101110111101101011111111111
00101110111101101110111111111
00101110111101101111011111111
00101110111101101111111110111
00101110111101110111011111111
00101110111101110111110111111
00101110111101111011011111111
00101110111101111011101111111
00101110111101111011110111111
00101110111101111011111101111
00101110111101111011111110111
00101110111101111101011111111
00101110111101111110101111111
00101110111101111110110111111
00101110111101111110111111101
00101110111101111111001111111
00101110111101111111010111111
00101110111101111111011111011
00101110111101111111011111101
00101110111101111111110011111
00101110111101111111110110111
00101110111110101111111101111
00101110111110110111101111111
00101110111110110111111101111
00101110111110111101101111111
00101110111110111101110111111
00101110111110111110111111101
00101110111110111111101101111
00101110111110111111101110111
00101110111110111111101111011
00101110111110111111101111101
00101110111110111111110101111
00101110111110111111110110111
00101110111111001111011111111
00101110111111001111111101111
00101110111111010111111101111
00101110111111011110101111111
00101110111111011110111111101
00101110111111011111011101111
00101110111111011111101101111
00101110111111011111101111011
00101110111111011111111001111
00101110111111100111111110111
00101110111111101101011111111
00101110111111101110011111111
00101110111111101110111101111
00101110111111101110111111101
00101110111111101111001111111
00101110111111101111011110111
00101110111111101111011111011
00101110111111101111111010111
00101110111111110011101111111
00101110111111110011111110111
00101110111111110110101111111
00101110111111110110111101111
00101110111111110110111111101
00101110111111110111001111111
00101110111111111010111111101
00101110111111111011011110111
00101110111111111011100111111
00101110111111111011101101111
00101110111111111011101110111
00101110111111111011101111011
00101110111111111011101111101
00101110111111111011111010111
00101110111111111011111110011
00101110111111111100111111101
00101110111111111101011101111
00101110111111111101110011111
00101110111111111101111011011
00101110111111111110101101111
00101110111111111110101110111
00101110111111111110101111011
00101110111111111110101111101
00101110111111111110110111101
00101110111111111111001101111
00101110111111111111001110111
00101110111111111111001111011
00101110111111111111001111101
00101110111111111111010110111
00101111001011111111111110111
00101111001101111111110111111
00101111001110011111111111111
00101111001110111101111111111
00101111001110111111111101111
00101111001110111111111111101
00101111001111011101111111111
00101111001111101110111111111
00101111001111110111011111111
00101111001111110111111111011
00101111001111111101110111111
00101111001111111101111110111
00101111001111111111011101111
00101111001111111111110111011
00101111010101011111111111111
00101111010101110111111111111
00101111010101111111111011111
00101111010101111111111101111
00101111010101111111111111011
00101111010110011111111111111
00101111010111001111111111111
00101111010111011011111111111
00101111010111011101111111111
00101111010111011111011111111
00101111010111011111110111111
00101111010111011111111110111
00101111010111011111111111011
00101111010111011111111111101
00101111010111101111111111011
00101111010111111011111111011
00101111010111111101111111011
00101111010111111110111110111
00101111010111111111110111011
00101111010111111111111110011
00101111011001011111111111111
00101111011001111011111111111
00101111011010111011111111111
00101111011011101011111111111
00101111011011101111101111111
00101111011011101111111101111
00101111011011111011101111111
00101111011011111011111110111
00101111011011111011111111011
00101111011011111110111011111
00101111011100111101111111111
00101111011100111111111011111
00101111011100111111111111011
00101111011101011101111111111
00101111011101011110111111111
00101111011101011111011111111
00101111011101011111110111111
00101111011101011111111101111
00101111011101011111111111101
00101111011101110101111111111
00101111011101110111110111111
00101111011101110111111111011
00101111011101111001111111111
00101111011101111100111111111
00101111011101111101101111111
00101111011101111101111101111
00101111011101111101111110111
00101111011101111110111011111
00101111011101111110111111011
00101111011101111111101111101
00101111011101111111110101111
00101111011110011011111111111
00101111011110111010111111111
00101111011110111011111101111
00101111011110111011111111011
00101111011110111110111011111
00101111011110111111110111011
00101111011110111111111011011
00101111011111010111011111111
00101111011111011001111111111
00101111011111011101011111111
00101111011111011101101111111
00101111011111011101111011111
00101111011111011101111111101
00101111011111011111011101111
00101111011111011111011110111
00101111011111011111011111011
00101111011111101110101111111
00101111011111101110111011111
00101111011111101110111101111
00101111011111101111101110111
00101111011111110011111111011
00101111011111110110111110111
00101111011111110111011111011
00101111011111110111111110011
00101111011111111001111111011
00101111011111111010111011111
00101111011111111010111110111
00101111011111111010111111011
00101111011111111011011111011
00101111011111111011101111101
00101111011111111011110111011
00101111011111111100111011111
00101111011111111101011101111
00101111011111111101101111011
00101111011111111110011011111
00101111011111111110111010111
00101111100101111111111110111
00101111100110011111111111111
00101111100110111101111111111
00101111100110111111111101111
00101111100110111111111111101
00101111100111001111111111111
00101111100111011011111111111
00101111100111011101111111111
00101111100111011111011111111
00101111100111011111101111111
00101111100111011111110111111
00101111100111011111111111011
00101111100111011111111111101
00101111100111101110111111111
00101111100111101111111111011
00101111100111111101111110111
00101111100111111111011110111
00101111100111111111101110111
00101111101001110111111111111
00101111101010110111111111111
00101111101010111101111111111
00101111101010111111111110111
00101111101011011101111111111
00101111101011100111111111111
00101111101011101111111110111
00101111101011110111011111111
00101111101011110111111111011
00101111101011111011111110111
00101111101011111101111110111
00101111101011111111011110111
00101111101011111111101110111
00101111101011111111111010111
00101111101011111111111110011
00101111101101101111111110111
00101111101110010111111111111
00101111101110011111011111111
00101111101110011111101111111
00101111101110011111110111111
00101111101110011111111011111
00101111101110011111111110111
00101111101110101111011111111
00101111101110110101111111111
00101111101110110111101111111
00101111101110110111111101111
00101111101110110111111111101
00101111101110111011111101111
00101111101110111101011111111
00101111101110111101110111111
00101111101110111101111011111
00101111101110111101111110111
00101111101110111111011101111
00101111101110111111011111101
00101111101110111111110101111
00101111101110111111111001111
00101111101110111111111100111
00101111101111001111111110111
00101111101111010111011111111
00101111101111010111111111011
00101111101111011101110111111
00101111101111011110111111011
00101111101111011111011110111
00101111101111011111110111011
00101111101111100111011111111
00101111101111101101111110111
00101111101111101110111110111
00101111101111101111011110111
00101111101111101111101110111
00101111101111101111111110011
00101111101111110111001111111
00101111101111110111011101111
00101111101111110111011110111
00101111101111110111011111101
00101111101111110111101111011
00101111101111111001110111111
00101111101111111010111110111
00101111101111111011011101111
00101111101111111011011110111
00101111101111111011100111111
00101111101111111100111011111
00101111101111111100111110111
00101111101111111101011110111
00101111101111111101110011111
00101111101111111101110101111
00101111101111111101110110111
00101111101111111110111101011
00101111101111111111010101111
00101111101111111111011010111
00101111101111111111011100111
00101111110011100111111111111
00101111110011101011111111111
00101111110011101111111011111
00101111110011101111111101111
00101111110011101111111111011
00101111110011110111011111111
00101111110011111011111110111
00101111110011111111011101111
00101111110011111111111010111
00101111110101011111111101111
00101111110101110111101111111
00101111110101110111111101111
00101111110101111101111110111
00101111110101111111101111011
00101111110101111111111100111
00101111110101111111111101011
00101111110110011111111101111
00101111110110111011111101111
00101111110110111101111111011
00101111110110111111011101111
00101111110110111111111100111
00101111110110111111111101011
00101111110111001111101111111
00101111110111001111111011111
00101111110111001111111101111
00101111110111011011111101111
00101111110111011101111011111
00101111110111011101111101111
00101111110111011111011101111
00101111110111011111101111011
00101111110111011111110101111
00101111110111011111111101011
00101111110111101011101111111
00101111110111101101111111011
00101111110111101110101111111
00101111110111101110111011111
00101111110111101110111101111
00101111110111101111101111011
00101111110111101111110111011
00101111110111101111111011011
00101111110111101111111101011
00101111110111110011101111111
00101111110111110101111110111
00101111110111110111001111111
00101111110111111010111110111
00101111110111111011101101111
00101111110111111011101111011
00101111110111111100111011111
00101111110111111100111110111
00101111110111111101101111011
00101111110111111101110011111
00101111110111111101111010111
00101111110111111101111011011
00101111110111111101111101011
00101111110111111101111110011
00101111110111111110011101111
00101111110111111110110110111
00101111111001110101111111111
00101111111001110111110111111
00101111111001110111111011111
00101111111001111011111110111
00101111111001111101111110111
00101111111001111110111110111
00101111111001111111111010111
00101111111001111111111100111
00101111111001111111111110011
00101111111010111011110111111
00101111111010111111111010111
00101111111011011101111011111
00101111111011011110111011111
00101111111011011111011110111
00101111111011011111101111011
00101111111011011111111010111
00101111111011100111111011111
00101111111011101011111101111
00101111111011101101111101111
00101111111011101111110101111
00101111111011101111111001111
00101111111011101111111100111
00101111111011110011111110111
00101111111011110110111011111
00101111111011110111010111111
00101111111011110111011011111
00101111111011110111111010111
00101111111011110111111011011
00101111111011111011011101111
00101111111011111011011110111
00101111111011111011100111111
00101111111011111011101101111
00101111111011111011101110111
00101111111011111011110111011
00101111111011111011111010111
00101111111011111011111101011
00101111111011111011111110011
00101111111011111100111011111
00101111111011111101011101111
00101111111011111110011110111
00101111111011111110111010111
00101111111011111111011100111
00101111111100111011111101111
00101111111100111101110111111
00101111111101011111011110111
00101111111101011111111100111
00101111111101101110111101111
00101111111101101111101110111
00101111111101101111111010111
00101111111101101111111100111
00101111111101110011110111111
00101111111101110110111101111
00101111111101110111100111111
00101111111101110111110101111
00101111111101110111110110111
00101111111101111001110111111
00101111111101111010111110111
00101111111101111011011101111
00101111111101111011110111011
00101111111101111101011110111
00101111111101111101110110111
00101111111101111110101111011
00101111111101111110111101011
00101111111101111111011110011
00101111111101111111110110011
00101111111110011111011101111
00101111111110011111101111011
00101111111110101011111101111
00101111111110101111011101111
00101111111110101111101110111
00101111111110101111111100111
00101111111110110101110111111
00101111111110110111011101111
00101111111110110111111100111
00101111111110111010110111111
00101111111110111011011101111
00101111111110111011101101111
00101111111110111011110101111
00101111111110111011111001111
00101111111110111011111101011
00101111111110111100110111111
00101111111110111101011101111
00101111111110111101011111011
00101111111110111101110011111
00101111111110111101110101111
00101111111110111101110111011
00101111111110111101111011011
00101111111111001110101111111
00101111111111001110111011111
00101111111111001111101110111
00101111111111001111111010111
00101111111111001111111100111
00101111111111010111001111111
00101111111111010111101111011
00101111111111011011011101111
00101111111111011011011110111
00101111111111011011101101111
00101111111111011011110111011
00101111111111011011111101011
00101111111111011101101101111
00101111111111011101110011111
00101111111111011101111001111
00101111111111011110101111011
00101111111111011111001101111
00101111111111011111001110111
00101111111111011111001111011
00101111111111011111010101111
00101111111111011111010110111
00101111111111011111011001111
00101111111111011111011100111
00101111111111011111100111011
00101111111111011111101101011
00101111111111100111101110111
00101111111111101010111101111
00101111111111101011100111111
00101111111111101011101110111
00101111111111101011110111011
00101111111111101011111110011
00101111111111101100111011111
00101111111111101110011011111
00101111111111101110101110111
00101111111111101110101111011
00101111111111101110110101111
00101111111111101110111001111
00101111111111101110111010111
00101111111111101110111100111
00101111111111101110111101011
00101111111111110011100111111
00101111111111110101100111111
00101111111111110101110011111
00101111111111110101110110111
00101111111111110101111011011
00101111111111110101111110011
00101111111111111001110011111
00101111111111111001110111011
00101111111111111010011101111
00101111111111111010101101111
00101111111111111010101110111
00101111111111111010101111011
00101111111111111010110011111
00101111111111111010110111011
00101111111111111010111001111
00101111111111111010111010111
00101111111111111010111101011
00101111111111111010111110011
00101111111111111011001101111
00101111111111111011100111011
00101111111111111100110011111
00101111111111111100111001111
00101111111111111100111011011
00110011010111110111111111111
00110011010111111101111111111
00110011011101011111111111111
00110011011111010111111111111
00110011011111111111101011111
00110011011111111111110101111
00110011101011110111111111111
00110011101011111101111111111
00110011101111111111101011111
00110011101111111111110101111
00110011110101011111111111111
00110011110101110111111111111
00110011110101111101111111111
00110011110101111111011111111
00110011110111111111010111111
00110011111010101111111111111
00110011111010110111111111111
00110011111010111101111111111
00110011111010111110111111111
00110011111010111111011111111
00110011111011111110101111111
00110011111011111111010111111
00110011111101011101111111111
00110011111101011111011111111
00110011111101111101011111111
00110101010111111111101111111
00110101010111111111110111111
00110101011011111111011111111
00110101011011111111101111111
00110101011101111111011111111
00110101011110111101111111111
00110101011110111110111111111
00110101011111011011111111111
00110101011111011111111111011
00110101011111100111111111111
00110101011111101111011111111
00110101011111110011111111111
00110101011111110111111101111
00110101011111110111111111011
00110101011111111001111111111
00110101011111111010111111111
00110101011111111011011111111
00110101011111111011111011111
00110101011111111101011111111
00110101011111111101101111111
00110101011111111101111101111
00110101011111111110011111111
00110101011111111110101111111
00110101011111111111010111111
00110101011111111111011101111
00110101011111111111011111011
00110101011111111111111001111
00110101101011110111111111111
00110101101101110111111111111
00110101101101111110111111111
00110101101110111110111111111
00110101101110111111011111111
00110101101111100111111111111
00110101101111110011111111111
00110101101111110101111111111
00110101101111110110111111111
00110101101111110111011111111
00110101101111110111110111111
00110101101111110111111101111
00110101101111111011111011111
00110101101111111101111110111
00110101101111111110111011111
00110101101111111110111111011
00110101101111111111011011111
00110101101111111111011111011
00110101101111111111110011111
00110101110101111110111111111
00110101110101111111111111011
00110101110110111101111111111
00110101110110111111101111111
00110101110111011011111111111
00110101110111011111101111111
00110101110111011111110111111
00110101110111101111110111111
00110101110111101111111011111
00110101110111110111110111111
00110101110111111001111111111
00110101110111111011101111111
00110101110111111011111110111
00110101110111111101110111111
00110101110111111101111011111
00110101110111111101111111011
00110101110111111110110111111
00110101110111111111010111111
00110101110111111111100111111
00110101110111111111101011111
00110101110111111111101111011
00110101110111111111110101111
00110101110111111111110110111
00110101111001111111011111111
00110101111010111110111111111
00110101111010111111101111111
00110101111010111111111110111
00110101111011011111101111111
00110101111011011111111011111
00110101111011011111111111011
00110101111011110111101111111
00110101111011110111111101111
00110101111011110111111110111
00110101111011111011101111111
00110101111011111110101111111
00110101111011111111001111111
00110101111011111111100111111
00110101111011111111101101111
00110101111100110111111111111
00110101111100111110111111111
00110101111100111111011111111
00110101111101011111101111111
00110101111101011111111011111
00110101111101011111111111011
00110101111101101110111111111
00110101111101101111110111111
00110101111101110111111111011
00110101111101111110011111111
00110101111101111110101111111
00110101111101111110111101111
00110101111101111110111111011
00110101111101111111010111111
00110101111101111111011011111
00110101111101111111011111011
00110101111101111111100111111
00110101111101111111110111011
00110101111110011011111111111
00110101111110011101111111111
00110101111110011110111111111
00110101111110011111110111111
00110101111110011111111101111
00110101111110011111111110111
00110101111110101111111011111
00110101111110101111111110111
00110101111110110111110111111
00110101111110110111111101111
00110101111110111101111110111
00110101111110111110101111111
00110101111110111110110111111
00110101111110111110111110111
00110101111110111111010111111
00110101111111001111101111111
00110101111111001111111011111
00110101111111001111111111011
00110101111111011011101111111
00110101111111011011111011111
00110101111111011011111101111
00110101111111011011111111011
00110101111111011101101111111
00110101111111011101111011111
00110101111111011101111111011
00110101111111011110101111111
00110101111111011110111011111
00110101111111011110111111011
00110101111111011111100111111
00110101111111011111101101111
00110101111111011111101110111
00110101111111011111110011111
00110101111111011111110111011
00110101111111011111111001111
00110101111111011111111010111
00110101111111011111111101011
00110101111111100111110111111
00110101111111100111111011111
00110101111111101011111011111
00110101111111101110111011111
00110101111111101111011011111
00110101111111101111110011111
00110101111111110011111101111
00110101111111110101111110111
00110101111111110101111111011
00110101111111110111010111111
00110101111111110111100111111
00110101111111110111110101111
00110101111111110111110110111
00110101111111110111110111011
00110101111111110111111001111
00110101111111111011010111111
00110101111111111011101011111
00110101111111111100111111011
00110101111111111101010111111
00110101111111111101011110111
00110101111111111101011111011
00110101111111111110101011111
00110101111111111110101111011
00110101111111111111100110111
00110110101011110111111111111
00110110101011111111111011111
00110110101011111111111101111
00110110101101011111111111111
00110110101101111111110111111
00110110101101111111111011111
00110110101110111110111111111
00110110101111011101111111111
00110110101111011110111111111
00110110101111101011111111111
00110110101111110110111111111
00110110101111110111011111111
00110110101111111001111111111
00110110101111111010111111111
00110110101111111011110111111
00110110101111111101011111111
00110110101111111101111011111
00110110101111111110011111111
00110110101111111110110111111
00110110101111111110111011111
00110110101111111110111110111
00110110101111111111001111111
00110110101111111111011101111
00110110101111111111110111011
00110110110101011111111111111
00110110110101110111111111111
00110110110101111111111110111
00110110110101111111111111011
00110110110110101111111111111
00110110110111101011111111111
00110110111010111111111110111
00110110111011111111110101111
00110110111101010111111111111
00110110111101011111011111111
00110110111101011111101111111
00110110111101011111111011111
00110110111101011111111101111
00110110111101111101011111111
00110110111101111111010111111
00110110111101111111101011111
00110110111110101111011111111
00110110111110101111111110111
00110110111111010111111110111
00110110111111011110101111111
00110110111111011111110101111
00110110111111101011011111111
00110110111111101011111101111
00110110111111101101011111111
00110110111111110110101111111
00110110111111110111111010111
00110110111111111011010111111
00110110111111111011110101111
00110110111111111101011110111
00110110111111111101101011111
00110110111111111111010101111
00110110111111111111101010111
00110111010101111111111101111
00110111010101111111111110111
00110111010110101111111111111
00110111010110111101111111111
00110111010110111110111111111
00110111010110111111110111111
00110111010110111111111101111
00110111010111011111111110111
00110111010111100111111111111
00110111010111101011111111111
00110111010111101111011111111
00110111010111101111101111111
00110111010111110111101111111
00110111010111111011110111111
00110111010111111101111011111
00110111010111111101111101111
00110111010111111111101101111
00110111010111111111101110111
00110111010111111111110101111
00110111011010111110111111111
00110111011010111111111011111
00110111011101011011111111111
00110111011101011111111101111
00110111011101111111110101111
00110111011110101110111111111
00110111011110101111111011111
00110111011110111010111111111
00110111011110111110101111111
00110111011111010111111110111
00110111011111011010111111111
00110111011111011110101111111
00110111011111011111111010111
00110111011111110101111101111
00110111011111111010111101111
00110111011111111010111110111
00110111011111111101011011111
00110111011111111101011101111
00110111011111111101101011111
00110111011111111101110101111
00110111011111111110101101111
00110111011111111110101110111
00110111011111111111010101111
00110111100111101011111111111
00110111100111110101111111111
00110111100111111010111111111
00110111100111111111101011111
00110111100111111111110101111
00110111101010101111111111111
00110111101010111110111111111
00110111101010111111111011111
00110111101010111111111101111
00110111101011011011111111111
00110111101011011111111011111
00110111101011100111111111111
00110111101011101011111111111
00110111101011110011111111111
00110111101011110111110111111
00110111101011110111111011111
00110111101011110111111101111
00110111101011111001111111111
00110111101011111010111111111
00110111101011111011111011111
00110111101011111011111101111
00110111101011111011111110111
00110111101011111011111111011
00110111101011111101111101111
00110111101011111111011011111
00110111101011111111011111011
00110111101011111111101101111
00110111101011111111110011111
00110111101011111111111001111
00110111101011111111111010111
00110111101101011111111011111
00110111101101111111110101111
00110111101101111111111010111
00110111101110101111011111111
00110111101110101111111011111
00110111101111010111011111111
00110111101111010111110111111
00110111101111101011111011111
00110111101111110101111011111
00110111101111110111010111111
00110111101111111010111011111
00110111101111111010111101111
00110111101111111101011011111
00110111101111111101011111011
00110111101111111101111010111
00110111110011110101111111111
00110111110011111111110101111
00110111110011111111111010111
00110111110101011011111111111
00110111110101011110111111111
00110111110101101011111111111
00110111110101101111111011111
00110111110101101111111111011
00110111110101110011111111111
00110111110101111001111111111
00110111110101111010111111111
00110111110101111011111101111
00110111110101111011111110111
00110111110101111011111111011
00110111110101111101111011111
00110111110101111101111110111
00110111110101111110111110111
00110111110101111111110110111
00110111110101111111111001111
00110111110101111111111010111
00110111110110101111110111111
00110111110110101111111011111
00110111110110111101011111111
00110111110110111111110101111
00110111110111010111101111111
00110111110111011110101111111
00110111110111011111110101111
00110111110111101011101111111
00110111110111101011110111111
00110111110111101011111011111
00110111110111101011111110111
00110111110111101111010111111
00110111110111101111101011111
00110111110111110101111011111
00110111110111110101111110111
00110111110111110111101011111
00110111110111110111110101111
00110111110111111010110111111
00110111110111111010111110111
00110111110111111011110101111
00110111110111111101011011111
00110111110111111101011110111
00110111110111111101101011111
00110111110111111101111010111
00110111110111111111010101111
00110111110111111111010110111
00110111110111111111101010111
00110111111010110110111111111
00110111111010110111110111111
00110111111010110111111101111
00110111111010111011111110111
00110111111010111100111111111
00110111111010111110111101111
00110111111010111110111110111
00110111111010111111111010111
00110111111010111111111100111
00110111111011010111111101111
00110111111011011111111010111
00110111111011110101111101111
00110111111011110111010111111
00110111111011110111101011111
00110111111011110111110101111
00110111111011110111111010111
00110111111011111010111101111
00110111111011111101110101111
00110111111011111110101101111
00110111111011111111011010111
00110111111100111010111111111
00110111111100111101011111111
00110111111101011011111011111
00110111111101011011111101111
00110111111101011101111011111
00110111111101011110011111111
00110111111101011110111011111
00110111111101011110111101111
00110111111101011111101101111
00110111111101011111110101111
00110111111101011111111001111
00110111111101011111111010111
00110111111101110111101011111
00110111111101110111110101111
00110111111101110111111010111
00110111111101111010111101111
00110111111101111101011011111
00110111111101111101011110111
00110111111101111110101110111
00110111111110011110101111111
00110111111110011111110101111
00110111111110011111111010111
00110111111110101101111011111
00110111111110101111001111111
00110111111110101111011011111
00110111111110101111111001111
00110111111110101111111010111
00110111111110111010110111111
00110111111110111101101011111
00110111111110111101111010111
00110111111110111110110101111
00110111111110111110111010111
00110111111111001110101111111
00110111111111010111100111111
00110111111111010111110101111
00110111111111010111110110111
00110111111111010111111010111
00110111111111011011010111111
00110111111111011011110101111
00110111111111011011111010111
00110111111111011101011110111
00110111111111011101101011111
00110111111111011101110101111
00110111111111011101111010111
00110111111111011110101011111
00110111111111011110101101111
00110111111111011110101110111
00110111111111011111101010111
00110111111111100111010111111
00110111111111100111101011111
00110111111111100111111010111
00110111111111101011011011111
00110111111111101011111001111
00110111111111101011111100111
00110111111111101101011011111
00110111111111110101101011111
00110111111111110101111001111
00110111111111110101111010111
00110111111111110110101011111
00110111111111110110110101111
00110111111111110110111010111
00110111111111110111010101111
00110111111111110111010110111
00110111111111111010101101111
00110111111111111010110101111
00110111111111111010111100111
00110111111111111101010101111
00110111111111111101011010111
00110111111111111101011100111
00111001111110101101111111111
00111010101101111111011111111
00111010101101111111110111111
00111010101111101101111111111
00111010101111110110111111111
00111010101111111011011111111
00111010101111111110110111111
00111010110101111111011111111
00111010110101111111101111111
00111010110110110111111111111
00111010110110111110111111111
00111010110110111111101111111
00111010110110111111111101111
00111010110110111111111110111
00111010110111011101111111111
00111010110111101101111111111
00111010110111110101111111111
00111010110111110111110111111
00111010110111110111111101111
00111010110111111011101111111
00111010110111111011111110111
00111010110111111100111111111
00111010110111111101011111111
00111010110111111101101111111
00111010110111111101110111111
00111010110111111101111101111
00111010110111111101111110111
00111010110111111110101111111
00111010110111111111100111111
00111010110111111111101101111
00111010110111111111110011111
00111010111010110111111111111
00111010111011011110111111111
00111010111011011111110111111
00111010111011110110111111111
00111010111011111101101111111
00111010111011111111101101111
00111010111101101111011111111
00111010111101101111101111111
00111010111101101111111110111
00111010111101111011011111111
00111010111101111111011011111
00111010111101111111101101111
00111010111101111111110110111
00111010111110110110111111111
00111010111110110111011111111
00111010111110110111111011111
00111010111110110111111101111
00111010111110111110110111111
00111010111110111111011011111
00111010111110111111101101111
00111010111111011011111110111
00111010111111011110110111111
00111010111111101101011111111
00111010111111101101101111111
00111010111111101101111101111
00111010111111101101111110111
00111010111111110110101111111
00111010111111110110110111111
00111010111111110110111101111
00111010111111110111101101111
00111010111111111011011110111
00111010111111111011110110111
00111010111111111101101101111
00111010111111111110101101111
00111010111111111111010110111
00111011010101011111111111111
00111011010101110111111111111
00111011010101111111111011111
00111011010101111111111101111
00111011010110110111111111111
00111011010110111110111111111
00111011010110111111111011111
00111011010110111111111101111
00111011010111011101111111111
00111011010111011111111110111
00111011010111110011111111111
00111011010111110101111111111
00111011010111110111011111111
00111011010111110111110111111
00111011010111110111111110111
00111011010111111011111011111
00111011010111111101111011111
00111011010111111101111101111
00111011010111111111011011111
00111011010111111111110011111
00111011011010111111011111111
00111011011010111111110111111
00111011011010111111111110111
00111011011011101011111111111
00111011011011111010111111111
00111011011011111101011111111
00111011011011111111101011111
00111011011101011101111111111
00111011011101011110111111111
00111011011101011111011111111
00111011011101011111110111111
00111011011101011111111101111
00111011011101111101011111111
00111011011110101111111101111
00111011011110111010111111111
00111011011110111110101111111
00111011011110111111101011111
00111011011110111111110101111
00111011011111010101111111111
00111011011111010111011111111
00111011011111011010111111111
00111011011111011101011111111
00111011011111101011111011111
00111011011111110111010111111
00111011011111111010111011111
00111011011111111010111101111
00111011011111111010111110111
00111011011111111101011011111
00111011011111111101011101111
00111011011111111101101011111
00111011011111111110101110111
00111011101010110111111111111
00111011101011011101111111111
00111011101011011111101111111
00111011101011011111110111111
00111011101011011111111011111
00111011101011101101111111111
00111011101011111110110111111
00111011101101011111011111111
00111011101101011111111101111
00111011101101101011111111111
00111011101101111101011111111
00111011101101111111110101111
00111011101111111101011011111
00111011101111111110110101111
00111011110101101101111111111
00111011110101101111101111111
00111011110101101111111011111
00111011110101111111011011111
00111011110101111111101101111
00111011110110101111111011111
00111011110110111010111111111
00111011110110111111110101111
00111011110111111101011011111
00111011111010110111011111111
00111011111010110111110111111
00111011111010111011011111111
00111011111010111110110111111
00111011111010111111011011111
00111011111011010111110111111
00111011111011011111010111111
00111011111011011111101011111
00111011111011011111110101111
00111011111011110101101111111
00111011111011111011010111111
00111011111101011011011111111
00111011111101011111011011111
00111011111101011111101101111
00111011111101101011101111111
00111011111101101101011111111
00111011111101101110101111111
00111011111101101111101011111
00111011111101111101011011111
00111011111101111110101101111
00111011111110101110110111111
00111011111110101111011011111
00111011111110110111010111111
00111011111110110111101011111
00111011111110110111110101111
00111011111110111010110111111
00111011111110111101011011111
00111011111110111110110101111
00111011111111010110110111111
00111011111111011110110101111
00111011111111101011011011111
00111011111111101101011011111
00111011111111101101101011111
00111011111111101101110101111
00111011111111111010101101111
00111101010110111111101111111
00111101010110111111111101111
00111101010111011011111111111
00111101010111111011011111111
00111101010111111101101111111
00111101010111111110110111111
00111101011010101111111111111
00111101011011101011111111111
00111101011011110111011111111
00111101011011111011101111111
00111101011011111111011101111
00111101011101101110111111111
00111101011101101111110111111
00111101011101111011011111111
00111101011101111101101111111
00111101011110111011011111111
00111101011111011101101111111
00111101011111101101110111111
00111101011111111011011101111
00111101101010101111111111111
00111101101010110111111111111
00111101101010111111011111111
00111101101010111111101111111
00111101101010111111111011111
00111101101010111111111101111
00111101101011011101111111111
00111101101011111110111011111
00111101101101010111111111111
00111101101101110101111111111
00111101101110101110111111111
00111101101110101111011111111
00111101101110110101111111111
00111101101110111101011111111
00111101101110111110101111111
00111101101110111111010111111
00111101101111010101111111111
00111101101111110101011111111
00111101101111110101110111111
00111101101111111010111011111
00111101101111111101010111111
00111101101111111110101011111
00111101110101011011111111111
00111101110101101111110111111
00111101110101101111111011111
00111101110101111011011111111
00111101110101111111011011111
00111101110110101101111111111
00111101110110101111101111111
00111101110110110101111111111
00111101110110111101011111111
00111101110110111110101111111
00111101110110111111101011111
00111101110111011010111111111
00111101110111111011010111111
00111101110111111101011011111
00111101110111111101101011111
00111101111011011101011111111
00111101111101101110101111111
00111101111101110110101111111
00111101111110101110110111111
00111101111110110101110111111
00111101111110111011010111111
00111101111111010101101111111
00111101111111010110111011111
00111101111111011010101111111
00111101111111011010111011111
00111101111111011101011011111
00111101111111101010110111111
00111101111111101101010111111
00111101111111110110101011111
00111110101010110111111111111
00111110101011011011111111111
00111110101011011101111111111
00111110101011011110111111111
00111110101011011111101111111
00111110101011011111111011111
00111110101011110110111111111
00111110101101110110111111111
00111110101101110111011111111
00111110101101110111110111111
00111110101101111011101111111
00111110101101111101110111111
00111110101101111110111011111
00111110110101011101111111111
00111110110101011111011111111
00111110110101011111101111111
00111110110101011111110111111
00111110110101110101111111111
00111110110101110111011111111
00111110110101110111101111111
00111110110101110111110111111
00111110110101111011101111111
00111110110110101110111111111
00111110110111011110101111111
00111110110111101010111111111
00111110110111101011101111111
00111110111010110110111111111
00111110111010110111101111111
00111110111010110111110111111
00111110111010111101101111111
00111110111011010110111111111
00111110111011011110101111111
00111110111011101011011111111
00111110111011101101011111111
00111110111011110101101111111
00111110111011110110101111111
00111110111011111011010111111
00111110111101011011101111111
00111110111101101011101111111
00111110111101110110101111111
00111110111110111010110111111
00111110111111011010101111111
00111110111111101101010111111
00111111010101011011111111111
00111111010101101111101111111
00111111010110101110111111111
00111111010111011010111111111
00111111010111011110110111111
00111111011010101011111111111
00111111011010101111101111111
00111111011010111011110111111
00111111011011010111011111111
00111111011011101011011111111
00111111011011101011110111111
00111111011101011010111111111
00111111011101011011011111111
00111111011101011011110111111
00111111011101110101101111111
00111111011111010101101111111
00111111011111011010101111111
00111111101010101101111111111
00111111101010110110111111111
00111111101011011011101111111
00111111101011011101011111111
00111111101101010111011111111
00111111101101101010111111111
00111111101110101011011111111
00111111101110101101011111111
00111111110101011011011111111
