00000001011011110101011101111011011111
00000001011110101111111000101111101111
00000001111000110011011010111111111111
00000010011110010101111100111111101111
00000010101101001110111011111011011111
00000010101101101111110011110011101111
00000010110110110111011110111101010111
00000010111010101111011110111011011011
00000010111011101110011110111110010111
00000010111111010011110101111101100111
00000010111111101110011010111110010111
00000011010011011101111011110101011111
00000011010101111111011110011010011111
00000011010111011101101101011011101111
00000011010111100110101111011101101111
00000011010111111011110011110001011111
00000011010111111101101110110001110111
00000011011010011110111010011111111011
00000011011100111010111011101101101111
00000011011101101110101010111011110111
00000011011101110110110110101111010111
00000011011110011010111101011111010111
00000011100101111111011110011010011111
00000011100111010111110101011011011111
00000011101011010111011011011101110111
00000011101101111011011101100101101111
00000011101111101111110011010010101111
00000100011101101101111001110110111111
00000100011110101111110110011101111101
00000100101101101111110010111011101111
00000100110111101011110111110100110111
00000100111011100111101011101110111101
00000100111100101110011101110111110111
00000100111100101111100110111011110111
00000101001111101011111110110001111011
00000101010110111000100111111111011111
00000101011001110111101111100101110111
00000101011011111011110101001101110111
00000101011101101101110110111100111011
00000101011111101110011101011110010111
00000101100011101011111110100111111011
00000101100101111011101101110011110111
00000101100110011111111100101101011111
00000101100111011001011111111011110011
00000101101100101110011101011111110111
00000101101110011011111001111010111101
00000101101111001110011101111110010111
00000101101111010111011011101110001111
00000101101111101110011101011110010111
00000101101111101110011101111100010111
00000101110011010111110010111011110111
00000101110011101111110010111011101011
00000101110101100110011111011110101111
00000101110101101111101110010111001111
00000101110110101110011111100110111101
00000101110110110011101111011101010111
00000101110110111110111011100101101011
00000101110111001011110011101101011111
00000101111000101110011101011111110111
00000101111000101110011101110111110111
00000101111001011101110010101111011111
00000101111001111011001110010111011111
00000101111001111111101110010011001111
00000101111011101110011101011110010111
00000101111100101110001101011111110111
00000101111100101110011100111111010111
00000101111100101110011101010111110111
00000101111100101110011101011111010111
00000101111100101110011101110111100111
00000101111110101110011100111110010111
00000101111110101110011101011110010111
00000101111111101010011101011110010111
00000101111111101110001101011110010111
00000101111111101110011100011110010111
00000101111111101110011101011100010111
00000110001010111111101110011010111111
00000110001011011101110101101101111111
00000110001111011010110111011101011111
00000110001111111100100111111110101011
00000110010110101110110110111011101111
00000110011000111111111110011010101111
00000110011010111111101110011010101111
00000110011100110101011010111111011111
00000110011101011111111001101010011111
00000110011101110110110111010110101111
00000110011110010111110101011110111011
00000110100101110010111011100111111111
00000110100101111110111110010101110111
00000110101001111111011001111101100111
00000110101011010111011011011101110111
00000110101100011011011101111111101011
00000110101110010110110101111101110111
00000110101110011011101011110011011111
00000110101110011100101111111110010111
00000110101110111011100110110110101111
00000110101111101101110110110001110111
00000110101111111011011101100011001111
00000110110100111101110100011111110111
00000110110100111101110110010111110111
00000110110101101110110101110111010111
00000110110101110111010110101110110111
00000110111001011001010111011111111011
00000110111001100011101011111101101111
00000110111001110101111111011010001111
00000110111101111101011001100110101111
00000111000110101110110110111011101111
00000111001100011011011101101111101111
00000111001101011011011101101110101111
00000111011100110110110111010110101111
00000111011101110010110111010110101111
00000111011101110110110111000110101111
00000111011101110110110111010100101111
00000111011101110110110111010110001111
00000111101011010011001101011101111111
00001000011011001111111010110111110111
00001000101011001110110111111011011111
00001000110101111010011111110111010111
00001000110111011011111101011101011011
00001000110111100111110110101110101111
00001000111011000111010111111011011111
00001000111011001111100101101011111111
00001000111110111110101101110100111011
00001001001110111100111110101011101111
00001001001111001110111101011101110111
00001001010101101111100011111111011101
00001001010111101111000111111110011011
00001001010111110100111110100111011111
00001001010111111011000111111110011011
00001001011011101010100111111010111111
00001001011101001001110111011111101111
00001001100111010111101011011011011111
00001001101001101110111110101101011111
00001001101011111011100110111111010011
00001001101110111101011110010011110111
00001001101111101011100110101101011111
00001001101111101011100110111101011011
00001001101111101111100110001101011111
00001001110101110110011111100111101101
00001001110101111101110110011101001111
00001001111000110111011110110111010111
00001001111001001111100111010111111101
00001001111001111110101101110101111001
00001001111101111110011101100101010111
00001001111111011100111001111100100111
00001001111111101110101010110011001111
00001010010010111110111110011011110111
00001010011111100011011111001111011101
00001010011111101110110011111011010011
00001010100110111111001111001110111101
00001010100110111111001111001111110101
00001010101111101001110111100111101101
00001010101111111011101001100101101111
00001010101111111100111101101000110111
00001010110110100110110011101111110111
00001010110110100110110011111011110111
00001010110110111111001101100011101111
00001010111001000111110011111011111011
00001010111011000111110011111011101011
00001010111011011110011101001011111011
00001010111011111100111101001011101101
00001010111100111111011101101001101011
00001010111110110001111100111110110011
00001010111111001110110011111011010011
00001010111111001110110110111100011101
00001010111111100110110011111011010011
00001010111111101110100011111011010011
00001010111111101110110010111100011101
00001010111111101110110011111011000011
00001011000110101111110001111011111011
00001011000111110111110111000110111101
00001011001010011111011011100101111111
00001011001011011111000101110111111101
00001011001011101101111011100101011111
00001011001011111101001110011101011111
00001011001111010111110111000110111101
00001011001111110111110111000100111101
00001011001111111011101001100101101111
00001011010001111011010101110111111011
00001011010100010111111111110011001111
00001011010110011110111001011111011101
00001011010110111110111101000101110111
00001011010111001111110010111001111011
00001011011001001011011101111111101011
00001011011001011101110001011111101111
00001011011101011001110010011111101111
00001011011101011001110110111111000111
00001011011110011110111001011101011101
00001011100101101011001011111111100111
00001011100101110010110011101111111011
00001011100110100111110011101111011101
00001011100110110010100111110111101111
00001011100111111011101001100101101111
00001011100111111011101100100101101111
00001011100111111011101101100101101011
00001011101100011010111110111110011011
00001011101100101011100101101111101111
00001011101111110011101001100101101111
00001011101111111011000101100101101111
00001011101111111011001001100101101111
00001011101111111011100001100101101111
00001011101111111011101001100101100111
00001011101111111011101001100101101011
00001011110001110101000101111111111101
00001011110001110101001101111011111101
00001011110011101010111011011001111011
00001011110011111010111011010001111011
00001011110011111110111001010101110011
00001011110100011001110101111111011011
00001011110100011101011101110110110111
00001011110110110011110111110101010011
00001011111011010100111101110110010111
00001011111011101111011100100110001111
00001011111110111001110101111010001011
00001100011001101111010101111111011011
00001100011010110111111101010111011011
00001100011011011111011110110001011111
00001100011011111110101010110110111011
00001100011101100111111010101101101111
00001100011101101111011101010100111111
00001100011110110011010101110110111111
00001100100011111011110101101011111011
00001100100101101010111111011100111111
00001100101010101111111100111011011011
00001100101010111111111010011001101111
00001100101111001010011101110111111011
00001100110101011111001010110011111111
00001100111001010111100111010110111111
00001100111010010101110100111110111111
00001100111011010011010101111011011111
00001100111100010101100101111110111111
00001100111111011110101100110001011111
00001101000101110111010011111101111011
00001101000111111101001101111011100111
00001101001010011111101110110011111011
00001101001010111111101100110011111011
00001101001010111111101110010011111011
00001101001100111010010101111111011111
00001101001111011001101111110110101011
00001101010010111111011001101111001111
00001101010011101101111101100011101111
00001101010011101111011001101111101011
00001101010100101100110110111111101111
00001101010110001110110110111011101111
00001101010110001111011101101101111011
00001101010111101100010111111011001111
00001101010111101100110111110011001111
00001101010111111011000111101110011011
00001101010111111110010011111101000111
00001101011111111010001101110011010111
00001101100011011001111111101010101111
00001101100100011101011110011101111111
00001101100101001011110111111001110111
00001101100101011011111111101001100111
00001101101010110111111011011000111011
00001101101010111010101111000111111011
00001101101010111101101100111100111011
00001101110101001001101111011110011111
00001101110101100010011011101111011111
00001101110101111011010110001011101111
00001101111001110110001011011101011111
00001101111011000111111011110100010111
00001101111011111110011010101011000111
00001110101001110111111111001001001111
00001110101111101100101011011100110111
00001110110100101001100110111111110111
00001110111001011000101110101111101111
00001110111010110110001010111100111111
00001110111110001100101011111010011111
00001110111111011101101001001000111111
00001110111111110011010100100110011111
00001111001011010101011001100111111111
00001111010101100110011010011110111111
00001111011100101010100011011011111111
00010001001111010111110011011110101111
00010001001111010111110101011110101111
00010001001111101011110101011111010111
00010001001111110111001111101101110101
00010001010100111011011011011011111111
00010001010100111111011011011011110111
00010001010101110011111100110111101111
00010001010101111011111100110111100111
00010001011011101001111110011101101111
00010001011110001111110011010111101111
00010001011110101001101101111111010111
00010001101011110101110101101101011111
00010001110110010001111101111110101111
00010001111010110010001111010111111111
00010010010101111110011100111010111111
00010010010101111111011100111010111101
00010010010110110011111101110001111111
00010010010111110101001101111110101111
00010010010111110111001101111110100111
00010010011010101111011100111101011111
00010010011010110101001111110111110111
00010010011011010110101111101010111111
00010010011011110101001111010111110111
00010010011011110111101111100010110111
00010010011100110101111010111111001111
00010010011110001010110111111101101111
00010010011110011010111101011111010111
00010010011110100101111010101111101111
00010010011111010011110101111011110011
00010010011111010100111011011011110111
00010010011111010110111101010111001111
00010010011111010111001101111010110111
00010010011111010111110101011011110011
00010010011111111001011110101100111101
00010010100100111111011101011100111111
00010010100101111110111110010101110111
00010010101101111110111110010101110011
00010010110010110011110100111111111011
00010010110011011111011111000110111011
00010010110011111000110111111011110011
00010010110011111101111101110001001111
00010010110101101111110001111101110101
00010010110101110101111110011001101111
00010010110101111001101111101011111001
00010010110110101011101100011111101111
00010010110111011011101010111111100011
00010010111001001111001101101011111111
00010010111001011111011100010111110111
00010010111001111111011101010010011111
00010010111010010111100111011111110101
00010010111011000101111011110111110101
00010010111100110011110100111111011101
00010010111100110111011111000111101101
00010010111100111111010111001001110111
00010010111101100111111000110111010111
00010010111101111001010101111100110111
00010010111110001011001101011111111011
00010010111110011100101111101011101011
00010010111110111111101000111101011001
00010010111111001111110011001011101011
00010011000101111111011110011010011111
00010011000101111111011110011010111101
00010011000110101111010011111111011101
00010011000111110110001011111011011111
00010011000111110111001011111001011111
00010011001001111110101101011111001111
00010011001101010101101111101111001111
00010011001111111010111101010011010111
00010011010001011100111110101101111111
00010011010010011111010110101111111011
00010011010011001111010101101111111011
00010011010011010111101011110011011111
00010011010011111100101011110101110111
00010011010100111111011110011010111101
00010011010101111011011110011010011111
00010011010101111011111000110111100111
00010011010101111110011100011010111111
00010011010101111111011100011010111101
00010011010101111111011110001010111101
00010011010101111111011110011010011101
00010011010110101111110011010111010111
00010011010110110111001101111110100111
00010011010110110111101011110001011111
00010011010111010011101011110010111111
00010011010111010011101011110011011111
00010011010111010110001101111010111111
00010011010111010111001101111010110111
00010011010111010111101011110001011111
00010011010111010111101011110010011111
00010011010111100010110111101111101011
00010011010111100110101111010101101111
00010011010111101000110111101101101111
00010011010111110011010101111011001111
00010011010111110011101011110001011111
00010011010111110101001101111110100111
00010011010111110110001011110011011111
00010011010111110110001101111010101111
00010011010111110110001101111110100111
00010011010111110111001011110001011111
00010011010111110111001101111010100111
00010011010111110111001101111100100111
00010011010111110111001101111110100011
00010011010111110111101011110001001111
00010011010111111000110101111001101111
00010011011010011010110101011111011111
00010011011010011010110101111011011111
00010011011011110001010110111101011111
00010011011011111101001011110001110111
00010011011101011111001101101011110011
00010011011110001010110101011111011111
00010011011110001011111110011110101101
00010011011110001111011010111010111101
00010011011110001111011110111100110101
00010011011110011010101101011111011101
00010011011110011010110101011011011111
00010011011110011010110101011111010111
00010011011110011010111101011011010111
00010011011110011010111101011111010101
00010011011110101110011010011010111111
00010011011111000111001101011010111111
00010011011111001101101011111101010011
00010011011111010111001100011010111111
00010011011111010111001101011010110111
00010011011111010111001101111010110011
00010011011111110101111010010011110011
00010011011111111001011110101100011101
00010011100010101101101111010111101111
00010011100101001011001111110111110111
00010011101001101001111001110111111011
00010011101001111111011110001101011101
00010011101011000111010011011101111111
00010011101011100111011111110101001101
00010011101101000101111111101110001111
00010011101101101001001111111111000111
00010011101101101010101111111011000111
00010011101110110100111111011110001101
00010011110001110010111111101101011101
00010011110010110100111011110111011101
00010011110011010101011001011110111111
00010011110011010101011010011110111111
00010011110100110101111010111111001101
00010011110101001001001111110111110111
00010011110101001011000111110111110111
00010011110101001011001111110011110111
00010011110101001011001111110110110111
00010011110101001111001111110110110101
00010011110110001111001111110110110101
00010011110111001111001111110010110101
00010011110111001111001111110110010101
00010011110111010100011110111110011011
00010011110111010111101010011111100101
00010011110111011010001111100111010111
00010011110111011100101110101101001111
00010011110111101111110010001111100101
00010011111010010100111011011111010111
00010011111011111100111011001010001111
00010011111101011101001101101011110011
00010011111111101110100010101010110111
00010100010101101111011011101100111111
00010100010110110110111100111111011011
00010100011010110011110100111111011111
00010100011110101001011011011101111111
00010100101011001111001111101100111111
00010100101011101111001111101100011111
00010100101011111001010111111101011101
00010100101100101111010001111111110111
00010100101101111011111100011011101011
00010100110101110010011100110111111111
00010100111001111110100111011101011011
00010100111101001001100111101110111111
00010100111101001011011101010111111011
00010100111101001011011101110111101011
00010100111101001101100111100110111111
00010100111101100110011111111010001111
00010100111111010101100111111110100011
00010100111111111010111010001110110011
00010101000111100111001111011011011111
00010101000111101110011110110110011111
00010101001011011100111111001111101101
00010101001100101111010001111111110111
00010101001101111010011110011101111011
00010101001101111110011110011101101011
00010101001110111000111101111111010011
00010101001111010011101111001111011011
00010101001111100101111011001111110101
00010101010100110110111101111011001111
00010101011001001111111011110101001111
00010101011011001111010011111011110101
00010101011011010011101111001111011011
00010101011101010011101111001111011011
00010101011111010010101111001111011011
00010101011111010011101011001111011011
00010101011111010011101111001101011011
00010101011111010011101111001111001011
00010101100011011100101100111111111101
00010101100100111110101101010111110111
00010101100100111110101101011111110011
00010101100111110101001011011011101111
00010101101000111100111011011011110111
00010101101001101100011111100111011111
00010101101001110110001110011111111101
00010101101011100111011111110101001101
00010101101101001111001100111110111011
00010101101101100011100111110110111101
00010101101101100111100111110110110101
00010101101101111110011110010100111011
00010101101110011111001111011001101101
00010101101111001111011110110100011011
00010101101111011001101111100011110101
00010101101111111100101001110010011111
00010101110010110111001111001111110101
00010101110010111011111010010110011111
00010101110111110111100110100101011011
00010101111111101100101001110010011111
00010101111111101100101001110110001111
00010110001101111001001111101111010111
00010110001101111101111110001100111101
00010110001110110101111010110011111101
00010110010100110111100011111101110111
00010110010100110111101001111101110111
00010110010100111111010100111010111111
00010110010100111111011100110010111111
00010110010100111111011100111010111101
00010110010101111110011100111010111101
00010110010101111110100111110101110011
00010110010101111111011100101010111101
00010110010101111111011100110010111101
00010110011001011111111001101010011111
00010110011011010001101111011011110111
00010110011011011010011111110101100111
00010110011011111010011101111010010111
00010110011101000111001101101011111111
00010110011101001111111010011101011011
00010110011101010111001101101001111111
00010110011101011011111010011011010111
00010110011110100111100010111111110011
00010110011111011010011101111010010111
00010110011111011010011111010101100111
00010110011111111001011110101100011101
00010110100100111010011101111111100111
00010110100101111110110110010101110111
00010110100101111110111110010101110011
00010110100110011101110101010011111111
00010110100110011111100011110111011101
00010110100110111111100100111011101011
00010110100111011111011101001100111011
00010110100111111100010111110111100011
00010110100111111101001010111011101011
00010110101111001111101001100110101111
00010110101111011001111111010011000111
00010110101111100101110111110100110011
00010110110001111000110110011111111101
00010110110010100111100011101110111111
00010110110011101101010011011111010111
00010110110111101000111111010101110011
00010110111000110100111111100111011101
00010110111010010111110111111000110011
00010110111010011110100110111011110011
00010110111011110100111011110010010111
00010110111110100111100111011101001011
00010110111110101101010011011001110111
00010110111111100011100111011101001011
00010110111111101010111010001110110011
00010111000110011010110101111011111101
00010111000110101111010001111111011101
00010111000110111110110101001111011101
00010111001001111111011110001101011101
00010111001100111100011010010111111111
00010111001110010101101100101111111101
00010111001110100111111011101001101011
00010111001110111011110011100100101111
00010111010011110111101001110111001011
00010111010110100111100110010111011111
00010111010110100111100110011011111101
00010111010110100111100110011111011101
00010111010110110111101001110001111011
00010111011010010100110011101111111101
00010111011011101101001001110001111111
00010111011100101111101100111101010011
00010111011101001111011010011101011011
00010111011111001111011010010101011011
00010111011111010010101011001111011011
00010111011111110010011110010101011011
00010111011111110101011010010011110011
00010111100100110111111010110001110111
00010111101000110100110111001111011111
00010111101010110111001111011110010011
00010111101011000111010011011001111111
00010111101011000111010011011101110111
00010111101011000111010011011101111011
00010111101101011111001001001111100111
00010111101110111001010010010111011111
00010111110010101001101111101101110011
00010111110010111110101001100011111011
00010111110011111011010010101110110011
00010111110101100100101010011101111111
00010111110110111110101001100101110011
00010111111100011100100101101110110111
00011001001010110111110111010011111011
00011001010010111111011001101111001111
00011001010100101011101101101101111111
00011001010100101111101001101101111111
00011001010100111011101100101101111111
00011001010101100110111110100111011111
00011001010101110100111110100111011111
00011001010110110100111010111111010111
00011001010111100100111110100111011111
00011001010111110100111110100110011111
00011001010111110100111110100111011011
00011001011011101001110110010101111111
00011001011100111110101001111101101011
00011001100101111111011010010101011111
00011001110100101011011011011010111111
00011001111101110101001011011100011111
00011001111101111010111010010100111011
00011001111110111110101001100100101111
00011010011001011011100111010101111111
00011010011001011110111001110101011111
00011010100100111111110110010111010111
00011010100101111110110110010101110111
00011010101011101111100111001001101111
00011010101101001111011101110110010111
00011010110011010110010101001111111111
00011011001001011100111101010111110111
00011011001010011011101111000111101111
00011011001010011111011010111001101111
00011011010100101010111111111100100111
00011011010100101100111101111101100111
00011011100101001011001111110110110111
00011011100101110111010100101100111111
00011011101010100101001011001111111111
00011011101101111101010010010110011111
00011011110101110101010100101100111111
00011011111001100110111111001010010111
00011011111101001010110010101111100111
00011011111101010111011010010101100111
00011100100101100110111011010101111111
00011100100101101110110011010101111111
00011100100101101110110101010101111111
00011100100101101110110110010101111111
00011100100101101110110111010100111111
00011100100101101110110111010101011111
00011100100101101110111001010101111111
00011100100101101110111110010100111111
00011100100101111110110110010101110111
00011100100101111110111110010100110111
00011100110011111110110100101011010111
00011100111011001001011010101101111111
00011101001001101011100110101011111111
00011101010010010110111010011101111111
00011101010010011110011010011101111111
00011101010010111101001100101111110111
00011101010010111101001100111101110111
00011101010010111110111001001101101111
00011101011001101010010100111111011111
00011101011100101011001111110100110111
00011101011110101001001011011001111111
00011101100101001001101011110111011111
00011101110010100100110010111111101111
00011101110101001001101111110100101111
00011110100100111010101001101111011111
00011110101111010100110100100111011111
00011110111001010110010010111010111111
00011110111011101110101001001010011111
00011111001101011001010010101111011111
00011111011100111010110010010100111111
