0000000000000000110001101011111
0000000000000001010111001001111
0000000000000100110101100010111
0000000000000101001101000111101
0000000000000101010000110110111
0000000000000101010110001101101
0000000000000110101100010011011
0000000000000111001001001001111
0000000000000111010010010010111
0000000000001001101101010000111
0000000000001010110000110010111
0000000000001011001110010001011
0000000000001011010101000011011
0000000000001100101100100101011
0000000000001110010010010010111
0000000000010001001101001010111
0000000000010001011001010010111
0000000000010001011100001101011
0000000000010010001101010001111
0000000000010010010011100101011
0000000000010010011101010000111
0000000000010010100001100110111
0000000000010010110111000010101
0000000000010011000011010110101
0000000000010100001010111001101
0000000000010100010110001001111
0000000000010100110010001001111
0000000000010101000110001011011
0000000000010101001100100100111
0000000000010101010001101100011
0000000000010101011110000010011
0000000000010101100000011110011
0000000000010110011100000011101
0000000000010110011100100000111
0000000000011000010010101001111
0000000000011000100011011010011
0000000000011001000101011000111
0000000000011001001010010100111
0000000000011001001010110000111
0000000000011001010000100011111
0000000000011010011100000100111
0000000000100001111010001010011
0000000000100010010010010101111
0000000000100010010100110001111
0000000000100010100101100011101
0000000000100010110010010100111
0000000000100010110110001000111
0000000000100011010001001101011
0000000000100011010010010010111
0000000000100011011000010101011
0000000000100011100000011011011
0000000000100011110100001001011
0000000000100100011100010011011
0000000000100101010011000011011
0000000000100101010011011000011
0000000000100101010011100011001
0000000000100101011001000111001
0000000000100101100011000010111
0000000000100110100111000000111
0000000000100110110100101000011
0000000000100111010010010000111
0000000000101000001001110011101
0000000000101000011000001101111
0000000000101000011000100011111
0000000000101000100111001001101
0000000000101000101101000110011
0000000000101000111010000110011
0000000000101000111100100010101
0000000000101001000110001010111
0000000000101001001100001010111
0000000000101001001101000110011
0000000000101011000000011110011
0000000000101011000001101100011
0000000000101011000011010010011
0000000000101011000110001001101
0000000000101101000001110100011
0000000000101101001101000100011
0000000000101110010010010100011
0000000000110000000011101011011
0000000000110000000101011010111
0000000000110000010001101011011
0000000000110000010010100110111
0000000000110000100110100101011
0000000000110000101010011010011
0000000000110001000110100010111
0000000000110001001001000101111
0000000000110001010011010100011
0000000000110100000011001010111
0000000000110101001101000000111
0000000001000000011111010110001
0000000001000000101110100111001
0000000001000001100011010100111
0000000001000001110010001010111
0000000001000010010101001111001
0000000001000011000010101011011
0000000001000011000111001010011
0000000001000011010101100000111
0000000001000011100100100100111
0000000001000011111000001010011
0000000001000100010001111001101
0000000001000100011001010001111
0000000001000100011010010001111
0000000001000100110000101010111
0000000001000100110000110100111
0000000001000101010010100100111
0000000001000101011110001001001
0000000001000101100010001001111
0000000001000101101011000000111
0000000001000101101011000010011
0000000001000110001011001011001
0000000001000110010001110100101
0000000001000110010001111000101
0000000001000110100010100101101
0000000001000110100011001010011
0000000001000110100100100010111
0000000001000110101000001111001
0000000001000110111000101000101
0000000001000111000001011011001
0000000001001000100101011001011
0000000001001000101100001110011
0000000001001000110001011001011
0000000001001001000001011100111
0000000001001001011001010100011
0000000001001001110000010100111
0000000001001011001000110001011
0000000001001011010001010100011
0000000001001100000101010011101
0000000001001100000101110001101
0000000001001100001001110000111
0000000001001100001100101010011
0000000001001100010010101000111
0000000001001100110101100000101
0000000001001101010001010001101
0000000001001110000100111000101
0000000001001110001010100010011
0000000001001110010011010000101
0000000001001110100110100000101
0000000001010000010011011100101
0000000001010000011000110101011
0000000001010000100011011001011
0000000001010001000011001001111
0000000001010001000101100100111
0000000001010001001000110001111
0000000001010001001010010010111
0000000001010001101100000101011
0000000001010010100001101100011
0000000001010010111000001100101
0000000001010011000011010001011
0000000001010011000101100010101
0000000001010011001010100000111
0000000001010100010100110010011
0000000001010100100011011000011
0000000001010110001010100001101
0000000001011000000110001010111
0000000001011000010101000110011
0000000001011001000101011000011
0000000001011010001011000010011
0000000001011100010001001010011
0000000001100000000110101010111
0000000001100000000111010101011
0000000001100000010100011011011
0000000001100000101001000110111
0000000001100000110101001010011
0000000001100001000100110100111
0000000001100001000101111000011
0000000001100011000010101001011
0000000001100100000010110010111
0000000001100100000011010101011
0000000001100100001000010101111
0000000001100100011000010101011
0000000010000001110000110011101
0000000010000010010011000101111
0000000010000010011000110101011
0000000010000010101000011111001
0000000010000010101100000111011
0000000010000011001000011110101
0000000010000011110010001011001
0000000010000100101001101000111
0000000010000110000011001010111
0000000010000110001011000101101
0000000010000110010100010110011
0000000010000110100001000111011
0000000010000110100001011001101
0000000010000110100011000110101
0000000010000110100011001001011
0000000010000111010010000110101
0000000010000111110010000010101
0000000010001000011000101101101
0000000010001000011010011011001
0000000010001000100100101111001
0000000010001000101000101101011
0000000010001000101001110010101
0000000010001001101000010100111
0000000010001001101000011000111
0000000010001010000011011100101
0000000010001010100100001111001
0000000010001011000110010001011
0000000010001011100110000100101
0000000010001100000101001011011
0000000010001100001001101000111
0000000010001100001100100011011
0000000010001100100100010100111
0000000010001101000001110001101
0000000010001101100000111000101
0000000010001110000011001001011
0000000010001110100000011101001
0000000010010000001101010101011
0000000010010000011100010111001
0000000010010001010000101101101
0000000010010001010010011100101
0000000010010001010110010000111
0000000010010001010110110000011
0000000010010001100100101000111
0000000010010001101010001000111
0000000010010010000001110010111
0000000010010010001101000111001
0000000010010011000010101001101
0000000010010100000101001101101
0000000010010100000111000101011
0000000010010100001001101000111
0000000010010100011100010011001
0000000010010101000111001000101
0000000010010101001000110001011
0000000010010101100100100000111
0000000010011000011000101001101
0000000010011000111000010010101
0000000010011001000110010100011
0000000010011001100010110000101
0000000010011010000010110100011
0000000010011010001001110000101
0000000010011100001100010001011
0000000010011100010010110000101
0000000010011101000101000100101
0000000010011101001101000000011
0000000010011110000010100100011
0000000010011111000000001010011
0000000010100000001011011100011
0000000010100000001100110110101
0000000010100000100011011001011
0000000010100001100010010011011
0000000010100001100010010100111
0000000010100001101101000100011
0000000010100010001101100010101
0000000010100010011100100010101
0000000010100011000010010011101
0000000010100011001000101001101
0000000010100011100010010001101
0000000010100100001000111010011
0000000010100100100011010100011
0000000010100110100100100001011
0000000010101000010010011001101
0000000010101001000011000011011
0000000010101011000001101000011
0000000010101011000010110000011
0000000010101110000100100100011
0000000010110001001001010100011
0000000010110001111001000000011
0000000010110010001000111000011
0000000010110010010001100001011
0000000010110101010001001000011
0000000011000000001101010101011
0000000011000001000011010100111
0000000011000001010000101100111
0000000011000001010000110011011
0000000011000010000010110101011
0000000011000010101001000101011
0000000011000010101001010010011
0000000011001000101000001101011
0000000011001001010001010010011
0000000011010000001100010101011
0000000100000001011011101000011
0000000100000010011011010100011
0000000100000010110000110011101
0000000100000010110100001100111
0000000100000010110100011001011
0000000100000010110101001100011
0000000100000011001100001101011
0000000100000011011101010000101
0000000100000011100001010011101
0000000100000100000110101011011
0000000100000100101111000010011
0000000100000101000110010010111
0000000100000101001011101100001
0000000100000101001110000101011
0000000100000101001111001000101
0000000100000101010000011110011
0000000100000101011010100010011
0000000100000101100100011110001
0000000100000110001001010011101
0000000100000110001101000101101
0000000100000110010000101100111
0000000100000110011000010101101
0000000100000110011010110100001
0000000100000110101011000100101
0000000100000110110011000001101
0000000100000111001010010011001
0000000100000111100110000100101
0000000100001000011010101001011
0000000100001000101000110110011
0000000100001000101100010010111
0000000100001001000101000111011
0000000100001001001100000101111
0000000100001001001101010000111
0000000100001001010000111010011
0000000100001001100001010011101
0000000100001001101000011010101
0000000100001001101110100000011
0000000100001001110001001001101
0000000100001010001010010011101
0000000100001010001111001000101
0000000100001010010010010110011
0000000100001010011000101101001
0000000100001010101010001001101
0000000100001011010011000011001
0000000100001100001010110100011
0000000100001100011010010001011
0000000100001100011100100010011
0000000100001100101000110110001
0000000100001100110010001001011
0000000100001101001101000010101
0000000100001101100000011010101
0000000100001101100000110010101
0000000100001101110100001000011
0000000100001101110100001000101
0000000100001110001101000100101
0000000100001110010010000100111
0000000100010000100100101110011
0000000100010000101000101101101
0000000100010000110001011011001
0000000100010000111100001010011
0000000100010001010000101101011
0000000100010001011000101001011
0000000100010010000101011001011
0000000100010010000111100110001
0000000100010010001011001010011
0000000100010010010100101000111
0000000100010010100010100100111
0000000100010010100100101000111
0000000100010010100110001011001
0000000100010011000010011110001
0000000100010100000110011010101
0000000100010100000110100100111
0000000100010100000110110100011
0000000100010100001001100100111
0000000100010100001100100101011
0000000100010100010010100100111
0000000100010101011010000001011
0000000100010101011010000011001
0000000100010110000010110001101
0000000100010110000110010100101
0000000100011000000100101001111
0000000100011000000110110010101
0000000100011000010010010111001
0000000100011000100101010001011
0000000100011001010001010000111
0000000100011010000011100001101
0000000100011010000101011000011
0000000100011010000110010100011
0000000100011010001001101000011
0000000100011010010000101101001
0000000100011010010010010110001
0000000100011010100100100000111
0000000100011010110100000011001
0000000100011011000100101000101
0000000100011100110110000000101
0000000100011101001010001000101
0000000100100000010100011101011
0000000100100000011001010011101
0000000100100000100110000111101
0000000100100001000011010011011
0000000100100001010000011101011
0000000100100001010001100110011
0000000100100001010010001111001
0000000100100001011100101000101
0000000100100010000111100011001
0000000100100010100011100011001
0000000100100011000110000010111
0000000100100011010000011000111
0000000100100011110100000011001
0000000100100100000111000110101
0000000100100100011100010001011
0000000100100101010100000110011
0000000100100110000111000100101
0000000100100111000000111001001
0000000100100111001110000000101
0000000100101000100100110001101
0000000100101000100100111000101
0000000100101000110001101000101
0000000100101001011000101000101
0000000100101001101100000100011
0000000100101010000011100011001
0000000100101010010010000010111
0000000100101011000110000010011
0000000100101100000110011000101
0000000100101100010001010010011
0000000100101100010001101000101
0000000100110000101100000110101
0000000100110000111100010000101
0000000100110001000001001010111
0000000100110010000011100100101
0000000100110010100011000001101
0000000100110010110100000100101
0000000100110010110101000000011
0000000100110011001010010000011
0000000100110011010100001000011
0000000100110011010110000000101
0000000100110100011100000100101
0000000100110100011100010000101
0000000100110110001010010000101
0000000100111000010010000111001
0000000100111100001001000100101
0000000100111100001001100000101
0000000100111100100000110000101
0000000100111101000010010000011
0000000101000000101000110011011
0000000101000000101101110000011
0000000101000001100000011001111
0000000101000001100100101001011
0000000101000010000011000101111
0000000101000010000011001001111
0000000101000010011001000001111
0000000101000010100011001100101
0000000101000011000001000111011
0000000101000011000110001010011
0000000101000011100010001001101
0000000101000100000011100101011
0000000101000100010101010100101
0000000101000100011001101000101
0000000101000100110000010101101
0000000101000110001100010010011
0000000101000110100011000010011
0000000101001000000101110100011
0000000101001000110001001001101
0000000101001001000100010100111
0000000101001010010000110010011
0000000101001011000000110010011
0000000101001100001000110100011
0000000101001101001001000010011
0000000101010000011001000001111
0000000101010000100000111010011
0000000101010000100100111000011
0000000101010000110000100110011
0000000101010100011001001000011
0000000101011000001001110000011
0000000101011100001000100100011
0000000101100000010010101010011
0000000101100001000100001011101
0000000101101010011000001000011
0000000101101011001000001000011
0000000101101110010000010000011
0000000101110010000001011000011
0000000110000010100100011001011
0000000110000100001010100110011
0000000110000100010100001011011
0000000110001000010001001101011
0000000110001001000100001101011
0000000110001001010001001100011
0000000110010010000010100100111
0000000110010100000100010010111
0000000110101001000000101000111
0000001000000100010100110001111
0000001000000101000011001110101
0000001000000101000100010110111
0000001000000101011010000101011
0000001000000101100100001001111
0000001000001000100101010001111
0000001000001000111011000101001
0000001000001001000011010111001
0000001000001001100000101011011
0000001000001001110001000001111
0000001000001010011000000111101
0000001000001010011000010011101
0000001000001010100001101110001
0000001000001010100100000111101
0000001000001010101001000110011
0000001000001010110000010110011
0000001000001010111000010100011
0000001000001010111011000100001
0000001000001011000001010111001
0000001000001011000010010011101
0000001000001011001000010100111
0000001000001011001000010101011
0000001000001011100100010100101
0000001000001100011000101011001
0000001000001100011010000011011
0000001000001101000011101010001
0000001000001101001001110010001
0000001000001101011000100001011
0000001000001110010010001100101
0000001000001110100100100011001
0000001000001111001100010001001
0000001000001111011000010001001
0000001000010000001101010101011
0000001000010000010010101001111
0000001000010000010011001110101
0000001000010000011101010101001
0000001000010001000110000111101
0000001000010001010001100100111
0000001000010001010110000110011
0000001000010001011101000100101
0000001000010001011101010100001
0000001000010001100001111010001
0000001000010001100100100001111
0000001000010001100101010001011
0000001000010001110100010110001
0000001000010001110101100000101
0000001000010010000110001011101
0000001000010010011000001110101
0000001000010010100001011101001
0000001000010010100110000101011
0000001000010011010110000101001
0000001000010011100000101100101
0000001000010011101000001010011
0000001000010100010001000111101
0000001000010100010010000111101
0000001000010100011001000011011
0000001000010100100100001110101
0000001000010100110000101110001
0000001000010101100100110000101
0000001000010110000110100000111
0000001000010110100010001100011
0000001000010110110010000100011
0000001000010111000001011000011
0000001000011000001000111000111
0000001000011000001010111000011
0000001000011000100101101000101
0000001000011000101100000111001
0000001000011001010100000111001
0000001000011010010001010101001
0000001000011010010011001010001
0000001000011010011001000010101
0000001000011010100000011101001
0000001000011011000101000100011
0000001000011100000101110001001
0000001000011100001101100010001
0000001000011101000100011001001
0000001000011110010001001000101
0000001000100001010001001101011
0000001000100001011001010001101
0000001000100001100000101110011
0000001000100001100001010011011
0000001000100010000100011011011
0000001000100010000100100101111
0000001000100010000101001011011
0000001000100010100000011101011
0000001000100010101000011011001
0000001000100010101000011101001
0000001000100010110101001000011
0000001000100011010010100001101
0000001000100011100010000101101
0000001000100011100110100000101
0000001000100011110000101001001
0000001000100100001100001001111
0000001000100101100100001001101
0000001000100110000100110101001
0000001000100110000101100101001
0000001000100110101000010100101
0000001000100110110000110001001
0000001000100110110001010001001
0000001000101000000100110100111
0000001000101000001100101001011
0000001000101000010010001011011
0000001000101000111011000000101
0000001000101001001000110000111
0000001000101001110001000001011
0000001000101001110100000101001
0000001000101011001110000001001
0000001000101011011010000001001
0000001000101100000100101100011
0000001000101101000000111001001
0000001000101110000100110000101
0000001000110000010011010100101
0000001000110000100100000110111
0000001000110000100101010001011
0000001000110001010100001101001
0000001000110100000100110001011
0000001000111000000111001001001
0000001000111000100010100001101
0000001000111011000001001000011
0000001001000000101001100011011
0000001001000000101011100010011
0000001001000001000010011011101
0000001001000001010011110001001
0000001001000001011100110000101
0000001001000001011110000011001
0000001001000001111010001000011
0000001001000010100011000101101
0000001001000011000100010100111
0000001001000011000100010111001
0000001001000011001110100000101
0000001001000011011010001000101
0000001001000100001001110010101
0000001001000100110001010100011
0000001001000101000001100111001
0000001001000110000101001010101
0000001001000110001010001001011
0000001001001000011001110000101
0000001001001000110001010100011
0000001001001010000001110010011
0000001001001010001011000011001
0000001001001010011000010001011
0000001001001010101000000110011
0000001001010000001011100010011
0000001001010000001100010101011
0000001001010000010001110001101
0000001001010000010011100011001
0000001001010000100000100110111
0000001001010001000110100001101
0000001001010001000111000011001
0000001001010001000111100000101
0000001001010011000010100011001
0000001001010011100010000010011
0000001001010100011001000001011
0000001001011010000101010000011
0000001001100000100010101100101
0000001001100001000001011010101
0000001001100001000100101001011
0000001001100001101000010100011
0000001001100010000010110100011
0000001001100011000001010001101
0000001001100110000101000001101
0000001001100110100000100001101
0000001001110001000100100001101
0000001001110001010001001000011
0000001001111001000100001000011
0000001010000001100100100001111
0000001010000010001100100101101
0000001010000010010000101101101
0000001010000011000010011001101
0000001010000100001001001011101
0000001010000100010110010001101
0000001010000100100110011000101
0000001010000100101101000100011
0000001010000100110110010000101
0000001010000110001001001100101
0000001010000110010010001010011
0000001010001000001001100101011
0000001010001000010010111000011
0000001010001000100000110101101
0000001010001000110010011000101
0000001010001000110110001000101
0000001010001001000010000111011
0000001010001001000010001011011
0000001010001001010110010000011
0000001010001010010001100010011
0000001010001100100010011000101
0000001010010000010011001100011
0000001010010000100000110010111
0000001010010000100001011001101
0000001010010011100100010000011
0000001010011000010010010001101
0000001010011001000001100001011
0000001010100000100011001001011
0000001010100001001100101000011
0000001010100001011001001000011
0000001010101001000100101000011
0000001011001000010001010010011
0000001011010000001100010100011
0000001011010001010001000010011
0000001011010100001100000100011
0000001100010010100000100100111
0000001100010010100010100100011
0000001100100001010000010110011
0000001100100010000010010100111
0000001101000100001000110001011
0000001101000100001010010001011
0000001101000100100001000101011
0000010000010000010000010111111
0000010000010000010000111111001
0000010000010000010001111110001
0000010000010000100001111110001
0000010000010000100011100100111
0000010000010000100100011111001
0000010000010000110000010111101
0000010000010000110001011110001
0000010000010000111010100110001
0000010000010000111101000110001
0000010000010001100001011100101
0000010000010001100010010010111
0000010000010001100110100001011
0000010000010001101101001000101
0000010000010010000010011101101
0000010000010010000110101011001
0000010000010010001001001011011
0000010000010010001001001111001
0000010000010010001100010010111
0000010000010010001110010000111
0000010000010010011101100000101
0000010000010010100001000110111
0000010000010010100001101010011
0000010000010011000010010101101
0000010000010011101001000010011
0000010000010101000100011010101
0000010000010110100010000110011
0000010000011001010010000010111
0000010000100000100001110110011
0000010000100000101110000100111
0000010000100001000001011011101
0000010000100001000010000111111
0000010000100001000010100011111
0000010000100001000011111100001
0000010000100001001001011001101
0000010000100001010000010111011
0000010000100001010110011001001
0000010000100001111010001100001
0000010000100001111110000100001
0000010000100010010011101000101
0000010000100010010110001001101
0000010000100010011010100001101
0000010000100010100000100110111
0000010000100010100000110110101
0000010000100010100001011010101
0000010000100011100100001010011
0000010000100011110000011001001
0000010000100100000110110100101
0000010000100100010000110011101
0000010000100100011010001010011
0000010000100101000100010011011
0000010000100101110100000100011
0000010000100101110100000110001
0000010000100110000010000111101
0000010000100111001000010000111
0000010000100111010000011010001
0000010000100111011000010000011
0000010000101000001101100110001
0000010000101000010010110001101
0000010000101000100010100100111
0000010000101000100011100100101
0000010000101000111001000010011
0000010000101001101100100001001
0000010000101010000011101100001
0000010000101010001100100010011
0000010000101010011110000010001
0000010000101010110000100011001
0000010000101011110000100010001
0000010000101100010001010001011
0000010000101100010001110010001
0000010000101110010010000110001
0000010000101111000001100010001
0000010000110001010010010100011
0000010000110001010010011100001
0000010000110001011000100001101
0000010000110001011010001100001
0000010000110010000100100010111
0000010000110100001100010001011
0000010000110111000001001000101
0000010000110111000010100001001
0000010000111000110010000010101
0000010000111010100010010000101
0000010000111100001000110001001
0000010001000001000100101101011
0000010001000001001001100101011
0000010001000001010001101010011
0000010001000010010000101110011
0000010001000010110001100100101
0000010001000011000001010010111
0000010001000011000001110110001
0000010001000011000010100001111
0000010001000011101001000010011
0000010001000011101010010000101
0000010001000100001000100101111
0000010001000100001100001010111
0000010001000100101000011100101
0000010001000101001010000011011
0000010001000101100001100101001
0000010001001000001111001010001
0000010001001000010111010000101
0000010001001000110010000110101
0000010001001010001010010000111
0000010001001100001001011000101
0000010001001110000010010110001
0000010001010000010010100011011
0000010001010000011010100110001
0000010001010000100001101000111
0000010001010000101110100001001
0000010001100100001011000101001
0000010001100110100001010000011
0000010001101000010110001000011
0000010001101000010110001000101
0000010001101100000100101000101
0000010001110001000010110001001
0000010010000010010000101010111
0000010010000100010001001100111
0000010010000100111001010000011
0000010010000110101000010001011
0000010010000111010001000100101
0000010010001000010101110000101
0000010010001000010110000100111
0000010010001000101001110000101
0000010010001000110101010000101
0000010010001010100010000110101
0000010010001010110010000100011
0000010010001010111000010000101
0000010010001100010011000010101
0000010010001110010010000010101
0000010010001110100010000100011
0000010010010100001101000100011
0000010010011000100011010000101
0000010010100000110001010101001
0000010010101100010001010000011
0000010010111000001010000100011
0000010011000011010100010000101
0000010011000011100010010000101
0000010011000100010100001010011
0000010100011000101001000010011
0000010101000010000100010011011
0000010101000110001000010010011
0000011000100010000100001011011
0000011001000010001000100110011
0000011001001000100001000010111
