0000000000000000000000010010111
0000000000000000000000010011101
0000000000000000000000010100111
0000000000000000000000011001011
0000000000000000000000100011011
0000000000000000000000100011101
0000000000000000000000100100111
0000000000000000000000100101011
0000000000000000000000100110101
0000000000000000000000101000111
0000000000000000000000101001101
0000000000000000000000101010011
0000000000000000000000101100011
0000000000000000000000110001011
0000000000000000000001000011101
0000000000000000000001000100111
0000000000000000000001000101011
0000000000000000000001000101101
0000000000000000000001001000111
0000000000000000000001001010011
0000000000000000000001001100101
0000000000000000000001010000111
0000000000000000000010000011011
0000000000000000000010000101011
0000000000000000000010000110101
0000000000000000000010000111001
0000000000000000000010001000111
0000000000000000000010001001011
0000000000000000000010001001101
0000000000000000000010001011001
0000000000000000000010001101001
0000000000000000000010010100011
0000000000000000000010011000101
0000000000000000000010100010011
0000000000000000000010100100011
0000000000000000000010101000011
0000000000000000000100000100111
0000000000000000000100000101011
0000000000000000000100000110101
0000000000000000000100000111001
0000000000000000000100001001011
0000000000000000000100001011001
0000000000000000000100001101001
0000000000000000000100001110001
0000000000000000000100010000111
0000000000000000000100010001011
0000000000000000000100010001101
0000000000000000000100010010101
0000000000000000000100011000011
0000000000000000000100100000111
0000000000000000000100100011001
0000000000000000000100101000011
0000000000000000000101000000111
0000000000000000000101000010011
0000000000000000000101000100011
0000000000000000000101001000011
0000000000000000000101010000011
0000000000000000000110000001011
0000000000000000000110000100011
0000000000000000001000000101011
0000000000000000001000000111001
0000000000000000001000001000111
0000000000000000001000001100011
0000000000000000001000001100101
0000000000000000001000010000111
0000000000000000001000010001011
0000000000000000001000010001101
0000000000000000001000010010011
0000000000000000001000010010101
0000000000000000001000011000101
0000000000000000001000011010001
0000000000000000001000100001011
0000000000000000001000101000011
0000000000000000001001000000111
0000000000000000001001000010101
0000000000000000001001010000011
0000000000000000001001100000101
0000000000000000001010000000111
0000000000000000001010000010011
0000000000000000001010000100101
0000000000000000001010010000011
0000000000000000001010100000011
0000000000000000001011000000011
0000000000000000001100000001011
0000000000000000010000000101011
0000000000000000010000000110101
0000000000000000010000000111001
0000000000000000010000001010011
0000000000000000010000001011001
0000000000000000010000001100101
0000000000000000010000001101001
0000000000000000010000001110001
0000000000000000010000010000111
0000000000000000010000010001011
0000000000000000010000010001101
0000000000000000010000010100011
0000000000000000010000010110001
0000000000000000010000100000111
0000000000000000010000100001011
0000000000000000010000100010011
0000000000000000010000100011001
0000000000000000010000100110001
0000000000000000010000101001001
0000000000000000010001000010011
0000000000000000010001000010101
0000000000000000010001010000101
0000000000000000010001100000101
0000000000000000010001100001001
0000000000000000010010000010011
0000000000000000010010000100011
0000000000000000010010000100101
0000000000000000010010001000011
0000000000000000010010010000101
0000000000000000010010100000011
0000000000000000010011000000101
0000000000000000010100000000111
0000000000000000010100000100011
0000000000000000010100001000011
0000000000000000010100100000011
0000000000000000010101000000011
0000000000000000011000000001011
0000000000000000011000001000011
0000000000000000100000001000111
0000000000000000100000001001011
0000000000000000100000001001101
0000000000000000100000001010011
0000000000000000100000001100101
0000000000000000100000001101001
0000000000000000100000001110001
0000000000000000100000010001011
0000000000000000100000010001101
0000000000000000100000010010011
0000000000000000100000010010101
0000000000000000100000010100101
0000000000000000100000010101001
0000000000000000100000011000101
0000000000000000100000011001001
0000000000000000100000011010001
0000000000000000100000100001011
0000000000000000100000100001101
0000000000000000100000100010011
0000000000000000100000100010101
0000000000000000100000100100011
0000000000000000100000101010001
0000000000000000100000110000101
0000000000000000100000110001001
0000000000000000100000110100001
0000000000000000100001000001011
0000000000000000100001000001101
0000000000000000100001000010011
0000000000000000100001000010101
0000000000000000100001000011001
0000000000000000100001001000101
0000000000000000100001010001001
0000000000000000100001100000101
0000000000000000100010000000111
0000000000000000100010000001011
0000000000000000100010000001101
0000000000000000100010000010101
0000000000000000100010000011001
0000000000000000100010000100011
0000000000000000100010000110001
0000000000000000100010001000011
0000000000000000100010010000011
0000000000000000100010010000101
0000000000000000100010100000011
0000000000000000100010100001001
0000000000000000100011000000011
0000000000000000100011000000101
0000000000000000100011000001001
0000000000000000100100000010011
0000000000000000100100000100011
0000000000000000100100000101001
0000000000000000100100001000011
0000000000000000100100001000101
0000000000000000100100010000011
0000000000000000100100100000011
0000000000000000100100100000101
0000000000000000100101000000011
0000000000000000100110000000101
0000000000000000101000000000111
0000000000000000101000000010011
0000000000000000101000000100011
0000000000000000101000000100101
0000000000000000101000001000101
0000000000000000101000010000011
0000000000000000101000100000011
0000000000000000101001000000011
0000000000000000110000001000011
0000000000000001000000000010111
0000000000000001000000000100111
0000000000000001000000000101011
0000000000000001000000000110101
0000000000000001000000000111001
0000000000000001000000001000111
0000000000000001000000001001011
0000000000000001000000001001101
0000000000000001000000001100101
0000000000000001000000001110001
0000000000000001000000010000111
0000000000000001000000010001011
0000000000000001000000010001101
0000000000000001000000010010011
0000000000000001000000010010101
0000000000000001000000010011001
0000000000000001000000010100011
0000000000000001000000010101001
0000000000000001000000010110001
0000000000000001000000011000101
0000000000000001000000011001001
0000000000000001000000011010001
0000000000000001000000011100001
0000000000000001000000100000111
0000000000000001000000100001011
0000000000000001000000100001101
0000000000000001000000100011001
0000000000000001000000100100101
0000000000000001000000100110001
0000000000000001000000101000011
0000000000000001000000101100001
0000000000000001000000110010001
0000000000000001000000111000001
0000000000000001000001000000111
0000000000000001000001000001011
0000000000000001000001000001101
0000000000000001000001000010011
0000000000000001000001000100011
0000000000000001000001000100101
0000000000000001000001000101001
0000000000000001000001000110001
0000000000000001000001010000011
0000000000000001000001010001001
0000000000000001000001010010001
0000000000000001000001100001001
0000000000000001000001100010001
0000000000000001000001100100001
0000000000000001000010000000111
0000000000000001000010000001011
0000000000000001000010000001101
0000000000000001000010000010011
0000000000000001000010000010101
0000000000000001000010000011001
0000000000000001000010001000101
0000000000000001000010001001001
0000000000000001000010010000011
0000000000000001000010010000101
0000000000000001000010100010001
0000000000000001000011000000101
0000000000000001000011000010001
0000000000000001000100000000111
0000000000000001000100000001011
0000000000000001000100000001101
0000000000000001000100000010101
0000000000000001000100000011001
0000000000000001000100000100101
0000000000000001000100000101001
0000000000000001000100001000011
0000000000000001000100010000011
0000000000000001000100010000101
0000000000000001000100100000011
0000000000000001000100100000101
0000000000000001000101000000011
0000000000000001000101000000101
0000000000000001000110000000101
0000000000000001000110000001001
0000000000000001001000000000111
0000000000000001001000000010101
0000000000000001001000001000011
0000000000000001001000001000101
0000000000000001001000010000011
0000000000000001001000010000101
0000000000000001001000100000011
0000000000000001001000100000101
0000000000000001001001000000011
0000000000000001001001000000101
0000000000000001001100000000101
0000000000000001010000000010011
0000000000000001010000000100011
0000000000000001010000000100101
0000000000000001010000001000011
0000000000000001010000001000101
0000000000000001010000010000011
0000000000000001010001000000011
0000000000000001010010000000011
0000000000000001010100000000011
0000000000000001100000000001011
0000000000000001100000010000011
0000000000000010000000000011011
0000000000000010000000000011101
0000000000000010000000000101011
0000000000000010000000000110101
0000000000000010000000000111001
0000000000000010000000001001011
0000000000000010000000001011001
0000000000000010000000001100011
0000000000000010000000001100101
0000000000000010000000001110001
0000000000000010000000010001011
0000000000000010000000010001101
0000000000000010000000010010101
0000000000000010000000010100011
0000000000000010000000010101001
0000000000000010000000010110001
0000000000000010000000011000011
0000000000000010000000011000101
0000000000000010000000011010001
0000000000000010000000100100101
0000000000000010000000101000101
0000000000000010000000101001001
0000000000000010000000101010001
0000000000000010000000110000011
0000000000000010000000110000101
0000000000000010000000110001001
0000000000000010000000111000001
0000000000000010000001000000111
0000000000000010000001000010011
0000000000000010000001000010101
0000000000000010000001000100011
0000000000000010000001000100101
0000000000000010000001001000011
0000000000000010000001001010001
0000000000000010000001001100001
0000000000000010000001010000011
0000000000000010000001100000101
0000000000000010000001100100001
0000000000000010000001101000001
0000000000000010000010000001011
0000000000000010000010000001101
0000000000000010000010000010011
0000000000000010000010000010101
0000000000000010000010000011001
0000000000000010000010000100011
0000000000000010000010000101001
0000000000000010000010000110001
0000000000000010000010001000101
0000000000000010000010001001001
0000000000000010000010001100001
0000000000000010000010010000101
0000000000000010000010100001001
0000000000000010000010100010001
0000000000000010000011000010001
0000000000000010000011000100001
0000000000000010000100000001011
0000000000000010000100000001101
0000000000000010000100000010101
0000000000000010000100001000101
0000000000000010000100001001001
0000000000000010000100010000011
0000000000000010000100010001001
0000000000000010000100100000101
0000000000000010000100100010001
0000000000000010000101000000011
0000000000000010000101000001001
0000000000000010000110000000011
0000000000000010000110000000101
0000000000000010001000000001011
0000000000000010001000000001101
0000000000000010001000000010011
0000000000000010001000000010101
0000000000000010001000000101001
0000000000000010001000001000011
0000000000000010001000001001001
0000000000000010001000001010001
0000000000000010001000010000101
0000000000000010001000010010001
0000000000000010001000100000011
0000000000000010001000100000101
0000000000000010001001000000011
0000000000000010001001000000101
0000000000000010001010000000101
0000000000000010001100000000011
0000000000000010001100000000101
0000000000000010001100000001001
0000000000000010010000000000111
0000000000000010010000000001011
0000000000000010010000000100011
0000000000000010010000000101001
0000000000000010010000001000101
0000000000000010010000010000011
0000000000000010010000010000101
0000000000000010010000100000101
0000000000000010010001000000011
0000000000000010010010000000011
0000000000000010010100000000011
0000000000000010011000000000011
0000000000000010100000000000111
0000000000000010100000000001101
0000000000000010100000000010011
0000000000000010100000000100011
0000000000000010100000001000011
0000000000000010100000001000101
0000000000000010100001000000011
0000000000000010100100000000011
0000000000000010101000000000011
0000000000000010110000000000011
0000000000000100000000000010111
0000000000000100000000000011011
0000000000000100000000000011101
0000000000000100000000000101011
0000000000000100000000000101101
0000000000000100000000000110101
0000000000000100000000001100101
0000000000000100000000001110001
0000000000000100000000010001011
0000000000000100000000010010011
0000000000000100000000010100011
0000000000000100000000010100101
0000000000000100000000010110001
0000000000000100000000011000101
0000000000000100000000011001001
0000000000000100000000011010001
0000000000000100000000100000111
0000000000000100000000100001101
0000000000000100000000100011001
0000000000000100000000100100011
0000000000000100000000100100101
0000000000000100000000100101001
0000000000000100000000100110001
0000000000000100000000101000011
0000000000000100000000101001001
0000000000000100000000110000011
0000000000000100000000110010001
0000000000000100000000110100001
0000000000000100000001000000111
0000000000000100000001000001101
0000000000000100000001000010011
0000000000000100000001000100101
0000000000000100000001000101001
0000000000000100000001000110001
0000000000000100000001001000101
0000000000000100000001001010001
0000000000000100000001001100001
0000000000000100000001010000011
0000000000000100000001010001001
0000000000000100000001010010001
0000000000000100000001100000101
0000000000000100000001100001001
0000000000000100000001100010001
0000000000000100000010000000111
0000000000000100000010000010011
0000000000000100000010000010101
0000000000000100000010000100011
0000000000000100000010000101001
0000000000000100000010001001001
0000000000000100000010001100001
0000000000000100000010010010001
0000000000000100000010010100001
0000000000000100000010100000011
0000000000000100000010100010001
0000000000000100000010100100001
0000000000000100000011000010001
0000000000000100000100000001101
0000000000000100000100000010101
0000000000000100000100000011001
0000000000000100000100000100011
0000000000000100000100000100101
0000000000000100000100000101001
0000000000000100000100000110001
0000000000000100000100001001001
0000000000000100000100010000101
0000000000000100000100010001001
0000000000000100000100010010001
0000000000000100000100100000011
0000000000000100000100100001001
0000000000000100000100100100001
0000000000000100000100101000001
0000000000000100000101000000011
0000000000000100000110000000101
0000000000000100001000000001011
0000000000000100001000000010011
0000000000000100001000000010101
0000000000000100001000000011001
0000000000000100001000000101001
0000000000000100001000001000101
0000000000000100001000001010001
0000000000000100001000001100001
0000000000000100001000010000011
0000000000000100001000010001001
0000000000000100001000100000101
0000000000000100001001000000011
0000000000000100001001000001001
0000000000000100001010000000011
0000000000000100001010000001001
0000000000000100001010000010001
0000000000000100001100000001001
0000000000000100010000000001011
0000000000000100010000000010101
0000000000000100010000000100101
0000000000000100010000000110001
0000000000000100010000001000011
0000000000000100010000001001001
0000000000000100010000010000101
0000000000000100010000010001001
0000000000000100010000100000011
0000000000000100010000100000101
0000000000000100010001000000101
0000000000000100010001000001001
0000000000000100010010000000011
0000000000000100010010000000101
0000000000000100010010000001001
0000000000000100010100000000011
0000000000000100010100000000101
0000000000000100011000000000101
0000000000000100011000000001001
0000000000000100100000000000111
0000000000000100100000000010011
0000000000000100100000000100011
0000000000000100100000001000101
0000000000000100100000010000101
0000000000000100100000100000011
0000000000000100100000100000101
0000000000000100100001000000011
0000000000000100100001000000101
0000000000000100100010000000011
0000000000000100100010000000101
0000000000000100101000000000011
0000000000000101000000100000011
0000000000000101000001000000011
0000000000000101001000000000011
0000000000000101010000000000011
0000000000001000000000000100111
0000000000001000000000001001011
0000000000001000000000001011001
0000000000001000000000001100011
0000000000001000000000001101001
0000000000001000000000001110001
0000000000001000000000010001011
0000000000001000000000010001101
0000000000001000000000010100101
0000000000001000000000011000011
0000000000001000000000011000101
0000000000001000000000011001001
0000000000001000000000011010001
0000000000001000000000011100001
0000000000001000000000100000111
0000000000001000000000100001011
0000000000001000000000100001101
0000000000001000000000100010011
0000000000001000000000100100101
0000000000001000000000100101001
0000000000001000000000101010001
0000000000001000000000110000101
0000000000001000000000110001001
0000000000001000000000110010001
0000000000001000000000110100001
0000000000001000000000111000001
0000000000001000000001000001101
0000000000001000000001000010011
0000000000001000000001000100011
0000000000001000000001000110001
0000000000001000000001001000011
0000000000001000000001010000101
0000000000001000000001010001001
0000000000001000000001010010001
0000000000001000000001010100001
0000000000001000000001100000101
0000000000001000000001100010001
0000000000001000000001110000001
0000000000001000000010000000111
0000000000001000000010000010011
0000000000001000000010000010101
0000000000001000000010000011001
0000000000001000000010000100011
0000000000001000000010000100101
0000000000001000000010000101001
0000000000001000000010001000101
0000000000001000000010001001001
0000000000001000000010001010001
0000000000001000000010010000011
0000000000001000000010010010001
0000000000001000000010011000001
0000000000001000000010100001001
0000000000001000000010100100001
0000000000001000000011000001001
0000000000001000000011000010001
0000000000001000000011001000001
0000000000001000000011010000001
0000000000001000000100000001101
0000000000001000000100000010011
0000000000001000000100000010101
0000000000001000000100000011001
0000000000001000000100000100011
0000000000001000000100000100101
0000000000001000000100001000011
0000000000001000000100001000101
0000000000001000000100001001001
0000000000001000000100001010001
0000000000001000000100001100001
0000000000001000000100010000101
0000000000001000000100010001001
0000000000001000000100100000011
0000000000001000000100100000101
0000000000001000000100100001001
0000000000001000000100100010001
0000000000001000000100101000001
0000000000001000000101000000011
0000000000001000000101000001001
0000000000001000000101000010001
0000000000001000000101000100001
0000000000001000000101001000001
0000000000001000000110000000101
0000000000001000000110001000001
0000000000001000001000000000111
0000000000001000001000000001011
0000000000001000001000000010101
0000000000001000001000000011001
0000000000001000001000000100011
0000000000001000001000000100101
0000000000001000001000010000011
0000000000001000001000010000101
0000000000001000001000010001001
0000000000001000001000010010001
0000000000001000001000010100001
0000000000001000001000100000011
0000000000001000001000100000101
0000000000001000001000100001001
0000000000001000001001000000101
0000000000001000001001000010001
0000000000001000001010000000011
0000000000001000001010000001001
0000000000001000001010000010001
0000000000001000001100000000101
0000000000001000001100000001001
0000000000001000001100000010001
0000000000001000010000000000111
0000000000001000010000000010011
0000000000001000010000000010101
0000000000001000010000001000011
0000000000001000010000010000011
0000000000001000010000010001001
0000000000001000010000010010001
0000000000001000010000100010001
0000000000001000010001000000011
0000000000001000010001000000101
0000000000001000010010000000011
0000000000001000010010000000101
0000000000001000010010000010001
0000000000001000010100000000101
0000000000001000010100000001001
0000000000001000011000000001001
0000000000001000011000000010001
0000000000001000100000000000111
0000000000001000100000000001011
0000000000001000100000000001101
0000000000001000100000000010101
0000000000001000100000000101001
0000000000001000100000000110001
0000000000001000100000001001001
0000000000001000100000010000011
0000000000001000100000010001001
0000000000001000100000010010001
0000000000001000100000100001001
0000000000001000100001000000011
0000000000001000100001000001001
0000000000001000100100000000101
0000000000001000110000000000101
0000000000001000110000000001001
0000000000001001000000000001011
0000000000001001000000000100011
0000000000001001000000000101001
0000000000001001000000010000011
0000000000001001000001000000011
0000000000001001000001000000101
0000000000001001000010000000101
0000000000001001000100000000011
0000000000001001001000000000101
0000000000001001010000000000011
0000000000001001100000000000101
0000000000001010000000000010011
0000000000001010000001000000011
0000000000001010000010000000011
0000000000001010001000000000011
0000000000001010010000000000011
0000000000010000000000010000111
0000000000010000000000010001011
0000000000010000000000010001101
0000000000010000000000010010011
0000000000010000000000010100011
0000000000010000000000100000111
0000000000010000000000100001011
0000000000010000000000100001101
0000000000010000000000100010011
0000000000010000000000100011001
0000000000010000000000100100011
0000000000010000000000100110001
0000000000010000000000101000011
0000000000010000000000101000101
0000000000010000000000101001001
0000000000010000000000101100001
0000000000010000000000110000101
0000000000010000000000110010001
0000000000010000000000111000001
0000000000010000000001000001011
0000000000010000000001000001101
0000000000010000000001000010011
0000000000010000000001000010101
0000000000010000000001000011001
0000000000010000000001000100101
0000000000010000000001000101001
0000000000010000000001001000011
0000000000010000000001001000101
0000000000010000000001001010001
0000000000010000000001001100001
0000000000010000000001010000101
0000000000010000000001010001001
0000000000010000000001010100001
0000000000010000000001011000001
0000000000010000000001100000101
0000000000010000000001100001001
0000000000010000000001100010001
0000000000010000000001100100001
0000000000010000000001101000001
0000000000010000000001110000001
0000000000010000000010000001101
0000000000010000000010000010011
0000000000010000000010000010101
0000000000010000000010000011001
0000000000010000000010000100011
0000000000010000000010001000101
0000000000010000000010001001001
0000000000010000000010001100001
0000000000010000000010010000011
0000000000010000000010010000101
0000000000010000000010010010001
0000000000010000000010010100001
0000000000010000000010011000001
0000000000010000000010100000011
0000000000010000000010100001001
0000000000010000000010100010001
0000000000010000000010100100001
0000000000010000000010101000001
0000000000010000000010110000001
0000000000010000000100000000111
0000000000010000000100000001011
0000000000010000000100000001101
0000000000010000000100000010011
0000000000010000000100000011001
0000000000010000000100000100011
0000000000010000000100000100101
0000000000010000000100000101001
0000000000010000000100000110001
0000000000010000000100001001001
0000000000010000000100010000011
0000000000010000000100010001001
0000000000010000000100010010001
0000000000010000000100010100001
0000000000010000000100011000001
0000000000010000000100100000101
0000000000010000000100100010001
0000000000010000000100100100001
0000000000010000000101000000011
0000000000010000000101000010001
0000000000010000000101000100001
0000000000010000000101001000001
0000000000010000000101010000001
0000000000010000000110000000011
0000000000010000000110000010001
0000000000010000000110000100001
0000000000010000000110001000001
0000000000010000000110010000001
0000000000010000001000000000111
0000000000010000001000000001101
0000000000010000001000000010011
0000000000010000001000000011001
0000000000010000001000000100101
0000000000010000001000001000011
0000000000010000001000001001001
0000000000010000001000001100001
0000000000010000001000100000011
0000000000010000001000100000101
0000000000010000001000100001001
0000000000010000001001000000011
0000000000010000001001000000101
0000000000010000001001000001001
0000000000010000001001000010001
0000000000010000001010000000101
0000000000010000001010000001001
0000000000010000001010000100001
0000000000010000001100000010001
0000000000010000001100001000001
0000000000010000010000000001101
0000000000010000010000000010101
0000000000010000010000000011001
0000000000010000010000000100101
0000000000010000010000000101001
0000000000010000010000000110001
0000000000010000010000001001001
0000000000010000010000010010001
0000000000010000010000100000011
0000000000010000010000100001001
0000000000010000010000101000001
0000000000010000010001000000101
0000000000010000010010000000011
0000000000010000010010000000101
0000000000010000010010000001001
0000000000010000010010000010001
0000000000010000010010000100001
0000000000010000010100000010001
0000000000010000011000000001001
0000000000010000011000000100001
0000000000010000100000000001011
0000000000010000100000000010011
0000000000010000100000000011001
0000000000010000100000001010001
0000000000010000100000010000011
0000000000010000100000010100001
0000000000010000100000100100001
0000000000010000100001000001001
0000000000010000100010000001001
0000000000010000100100000010001
0000000000010000101000000001001
0000000000010000101000000010001
0000000000010000110000000001001
0000000000010000110000000010001
0000000000010001000000000001011
0000000000010001000000001000011
0000000000010001000000010000011
0000000000010001000000100000101
0000000000010001000000100001001
0000000000010001000001000000011
0000000000010001000001000000101
0000000000010001000010000000011
0000000000010001000010000000101
0000000000010001000100000000101
0000000000010001000100000001001
0000000000010001001000000000011
0000000000010001001000000000101
0000000000010010000000001000011
0000000000010010000000001000101
0000000000010010000000010000101
0000000000010010000000100001001
0000000000010010000001000001001
0000000000010010000010000000011
0000000000010010000010000000101
0000000000010010001000000000101
0000000000010100000000001000011
0000000000010100000000010000011
0000000000010100000000100000011
0000000000010100000001000000011
0000000000010100000100000000011
0000000000011000000000010000011
0000000000011000000001000000011
0000000000100000000001000010011
0000000000100000000001000010101
0000000000100000000001000100101
0000000000100000000001000101001
0000000000100000000001001000011
0000000000100000000001001000101
0000000000100000000010000000111
0000000000100000000010000001011
0000000000100000000010000001101
0000000000100000000010000100101
0000000000100000000010000110001
0000000000100000000010001000011
0000000000100000000010001000101
0000000000100000000010001001001
0000000000100000000010001100001
0000000000100000000010010000011
0000000000100000000010010000101
0000000000100000000010100000011
0000000000100000000010100010001
0000000000100000000010101000001
0000000000100000000011000000011
0000000000100000000011000010001
0000000000100000000011100000001
0000000000100000000100000000111
0000000000100000000100000001011
0000000000100000000100000010101
0000000000100000000100000100011
0000000000100000000100000101001
0000000000100000000100001000011
0000000000100000000100001001001
0000000000100000000100010000011
0000000000100000000100010000101
0000000000100000000100010001001
0000000000100000000100010010001
0000000000100000000100010100001
0000000000100000000100011000001
0000000000100000000100100000011
0000000000100000000100100010001
0000000000100000000100110000001
0000000000100000000110000100001
0000000000100000000110100000001
0000000000100000001000000010011
0000000000100000001000000010101
0000000000100000001000000100011
0000000000100000001000000101001
0000000000100000001000000110001
0000000000100000001000001000011
0000000000100000001000001000101
0000000000100000001000001001001
0000000000100000001000001010001
0000000000100000001000001100001
0000000000100000001000010001001
0000000000100000001000010010001
0000000000100000001000011000001
0000000000100000001000100100001
0000000000100000001000101000001
0000000000100000001001000000101
0000000000100000001001000001001
0000000000100000001001000010001
0000000000100000001001000100001
0000000000100000001001001000001
0000000000100000001010000000011
0000000000100000001010000001001
0000000000100000001010001000001
0000000000100000001010010000001
0000000000100000001100000000101
0000000000100000001100000001001
0000000000100000001100000010001
0000000000100000001100010000001
0000000000100000010000000001011
0000000000100000010000000011001
0000000000100000010000000101001
0000000000100000010000000110001
0000000000100000010000001000011
0000000000100000010000001010001
0000000000100000010000010000011
0000000000100000010000010001001
0000000000100000010000100001001
0000000000100000010000100010001
0000000000100000010000101000001
0000000000100000010000110000001
0000000000100000010001000000011
0000000000100000010001000001001
0000000000100000010001000010001
0000000000100000010010000010001
0000000000100000010010000100001
0000000000100000010010001000001
0000000000100000010100000000011
0000000000100000010100000001001
0000000000100000010100000010001
0000000000100000010100000100001
0000000000100000011000000001001
0000000000100000011000000010001
0000000000100000011000001000001
0000000000100000100000000010011
0000000000100000100000000100011
0000000000100000100000000100101
0000000000100000100000000101001
0000000000100000100000010000011
0000000000100000100000010000101
0000000000100000100000010001001
0000000000100000100000010010001
0000000000100000100000010100001
0000000000100000100000100001001
0000000000100000100000100100001
0000000000100000100001000000011
0000000000100000100001000000101
0000000000100000100001000010001
0000000000100000100010000000101
0000000000100000100010000001001
0000000000100000100100000000011
0000000000100000100100000100001
0000000000100000101000000010001
0000000000100000101000000100001
0000000000100000110000000010001
0000000000100000110000000100001
0000000000100001000000000100011
0000000000100001000000000100101
0000000000100001000000001000101
0000000000100001000000010000011
0000000000100001000000010001001
0000000000100001000000100000101
0000000000100001000001000000101
0000000000100001000001000001001
0000000000100001000001000100001
0000000000100001000010000010001
0000000000100001000100000000011
0000000000100001000100000001001
0000000000100001001000000000101
0000000000100001010000000001001
0000000000100001010000000010001
0000000000100001100000000010001
0000000000100010000000001000011
0000000000100010000000010000101
0000000000100010000000100000011
0000000000100010000000100000101
0000000000100010000000100001001
0000000000100010000001000000101
0000000000100010000001000001001
0000000000100010000010000000101
0000000000100010000010000001001
0000000000100010000100000000011
0000000000100010001000000000101
0000000000100100000000010000011
0000000000100100000000010000101
0000000000100100000001000000011
0000000000100100001000000000101
0000000000101000000000100000011
0000000000101000000001000000101
0000000000101000000010000000011
0000000000101000000100000000011
0000000000110000000001000000011
0000000001000000000100000001101
0000000001000000000100000010101
0000000001000000000100000011001
0000000001000000000100000100101
0000000001000000000100000101001
0000000001000000000100000110001
0000000001000000000100001010001
0000000001000000000100010000101
0000000001000000000100010001001
0000000001000000000100100000101
0000000001000000001000000001011
0000000001000000001000000010011
0000000001000000001000000010101
0000000001000000001000000100011
0000000001000000001000000101001
0000000001000000001000001000101
0000000001000000001000001001001
0000000001000000001000001010001
0000000001000000001000001100001
0000000001000000001000010000011
0000000001000000001000010000101
0000000001000000001000010001001
0000000001000000001000010010001
0000000001000000001000010100001
0000000001000000001000011000001
0000000001000000001000110000001
0000000001000000001001001000001
0000000001000000001001010000001
0000000001000000001010000001001
0000000001000000001010001000001
0000000001000000001010010000001
0000000001000000001100000001001
0000000001000000001100000100001
0000000001000000001100001000001
0000000001000000001100010000001
0000000001000000001100100000001
0000000001000000010000000010011
0000000001000000010000000010101
0000000001000000010000000100011
0000000001000000010000000100101
0000000001000000010000000110001
0000000001000000010000001000011
0000000001000000010000001010001
0000000001000000010000010000011
0000000001000000010000010000101
0000000001000000010000010100001
0000000001000000010000100010001
0000000001000000010000101000001
0000000001000000010001001000001
0000000001000000010001010000001
0000000001000000010010000000101
0000000001000000010010000100001
0000000001000000010010010000001
0000000001000000010010100000001
0000000001000000010100000000101
0000000001000000010100000100001
0000000001000000010100001000001
0000000001000000010100010000001
0000000001000000011000000000101
0000000001000000011000010000001
0000000001000000100000000010011
0000000001000000100000000100011
0000000001000000100000000100101
0000000001000000100000000101001
0000000001000000100000001000101
0000000001000000100000001001001
0000000001000000100000001100001
0000000001000000100000100001001
0000000001000000100000100100001
0000000001000000100001000000011
0000000001000000100001000001001
0000000001000000100001000010001
0000000001000000100001001000001
0000000001000000100010000000101
0000000001000000100010000001001
0000000001000000100010001000001
0000000001000000100100000001001
0000000001000000100100000100001
0000000001000000101000000001001
0000000001000000101000001000001
0000000001000000110000000100001
0000000001000000110000001000001
0000000001000001000000000100011
0000000001000001000000001000011
0000000001000001000000001001001
0000000001000001000000010001001
0000000001000001000000010010001
0000000001000001000000100000011
0000000001000001000000100001001
0000000001000001000000100010001
0000000001000001000001000010001
0000000001000001000010000000011
0000000001000001000010000000101
0000000001000001000010000001001
0000000001000001000010001000001
0000000001000001000100000000101
0000000001000001000100000010001
0000000001000001001000000010001
0000000001000001010000000010001
0000000001000001010000000100001
0000000001000010000000010000101
0000000001000010000000010001001
0000000001000010000000010010001
0000000001000010000000100100001
0000000001000010000001000000101
0000000001000010000001000001001
0000000001000010000001000010001
0000000001000010000010000000011
0000000001000010000010000001001
0000000001000010000010000010001
0000000001000010000100000001001
0000000001000100000000100000011
0000000001000100000000100001001
0000000001000100000001000000011
0000000001000100000001000000101
0000000001000100000001000001001
0000000001000100000001000010001
0000000001000100000010000001001
0000000001000100000100000000101
0000000001001000000001000000011
0000000001001000000001000001001
0000000001001000000100000000101
0000000001010000000010000000011
0000000001010000000010000000101
0000000010000000010000000100011
0000000010000000010000000101001
0000000010000000010000001000101
0000000010000000010000001001001
0000000010000000010000010100001
0000000010000000010000100000011
0000000010000000010000100001001
0000000010000000100000000100011
0000000010000000100000001000011
0000000010000000100000001000101
0000000010000000100000001001001
0000000010000000100000001010001
0000000010000000100000001100001
0000000010000000100000010000011
0000000010000000100000010000101
0000000010000000100000010001001
0000000010000000100000010100001
0000000010000000100000011000001
0000000010000000100000100001001
0000000010000000100000100010001
0000000010000000100000110000001
0000000010000000100001000000011
0000000010000000100001000000101
0000000010000000100001000001001
0000000010000000100001000010001
0000000010000000100001001000001
0000000010000000100001010000001
0000000010000000100001100000001
0000000010000000100010010000001
0000000010000000100100000010001
0000000010000000100100000100001
0000000010000000100100001000001
0000000010000000100100010000001
0000000010000000101000010000001
0000000010000000110000001000001
0000000010000000110000010000001
0000000010000001000000010000011
0000000010000001000000010001001
0000000010000001000000100000101
0000000010000001000000100010001
0000000010000001000001000000011
0000000010000001000001000001001
0000000010000001000010000000101
0000000010000001000010000010001
0000000010000001000100000001001
0000000010000001000100000100001
0000000010000001000100001000001
0000000010000001001000000010001
0000000010000001001000001000001
0000000010000001010000000100001
0000000010000001100000001000001
0000000010000010000000010001001
0000000010000010000000100000011
0000000010000010000000100100001
0000000010000010000000101000001
0000000010000010000001000000011
0000000010000010000001000000101
0000000010000010000001000001001
0000000010000010000001000100001
0000000010000010000010000001001
0000000010000010000100000010001
0000000010000010001000000001001
0000000010000010001000000100001
0000000010000010010000000100001
0000000010000100000010000000101
0000000010000100000010000010001
0000000010000100000100000001001
0000000010000100000100000010001
0000000010000100001000000010001
0000000010001000000010000000101
