00000011000010000100000101000101001000110111111
00000001100000101000001000011001100010100111111
00000000001000110000100110010001010100100111111
00000000000010001010010010100011001101000111111
00000010010101000101000010001000011001000111111
00000100101100001010001000010000100011010011111
00000001001001000000110001100010010101010011111
00000010010010000011000110011000000101010011111
00000100001000010100110100100010001100100011111
00000100010010000101000001101010001010001101111
00000000011000101000000110100010010100110101111
00000000110001001101000100000100101000110101111
00000000110010000100100000100111000011010101111
00000001101001000100001001001000110001010101111
00000010010000011001000110001010010100010101111
00000001000011000100010000100001011101100101111
00000100010010000100011100101000001001100101111
00000001000100101000011001001100010100100101111
00000000001100010100010000001101001111000101111
00000001000100010010010111000011000110000101111
00000010110001000010001000100000100101111001111
00000010010010000100110000010101010000111001111
00000100010000100001001011001000100011011001111
00000000010000101000011010010001001110101001111
00000000010000100111000100100100110010101001111
00000000100001100001010010110001001100101001111
00000010010100010000100000101010110011001001111
00000100000100010001010010101001101100001001111
00000000010010010100001100110010001010110001111
00000011001100000101100100001000001010110001111
00000000010110001001101001001010001000110001111
00000011010101001100001001001100010000010001111
00000010000100001000100110110100010101100001111
00000000100010001010101011010011000100100001111
00000010010001000100001010010010011000011110111
00000010000001000101001100010010101000011110111
00000000001001110100110100000000001101001110111
00000001010100010100100000110000110001001110111
00000000110100001100000101000100010110001110111
00000010001000000100100111100010101000010110111
00000000000011000101000011010100100110100110111
00000010000100000111001000111100100000100110111
00000000001010000110110010010101000011000110111
00000000101001010001110001011000001001000110111
00000010100101010001000100000101001110000110111
00000000001000001010111001001110000110000110111
00000101001000100010010000111100100100000110111
00000010010100011001000000110001010001011010111
00000000100100000110010100101000110001101010111
00000000101000011110000000100110010010101010111
00000010000001000111000010011010101001001010111
00000000010000011100100100010011010110001010111
00000001000011100001010110010010100100001010111
00000100000110001001100111100100000100001010111
00000000011001100001000001010010100011110010111
00000001000000110101100001000101010100110010111
00000100110001100000101000100000101011010010111
00000010000100110001010001000010110110100010111
00000000100101101000100000100011011011000010111
00000010110010100010000010010011100101000010111
00000000000101011100011110010010001001000010111
00000000010010110010010101100011001010000010111
00000000101000011110010001001010110010000010111
00000010000101100101001100101000101100000010111
00000001000101011100111000001010010100000010111
00000001011001111000110101000100001000000010111
00000000101100100010001010000100110000111100111
00000100010000100100100000110010100011011100111
00000000000010000010110100101110010001011100111
00000001000000010110010011001110000001011100111
00000011010100000100110000101001000001101100111
00000010000010000101110010001000001110101100111
00000001100100100001001100010100001010101100111
00000000111000010010000000100101110010101100111
00000001000010001010001011010010001001110100111
00000001101010001000001000011001100001110100111
00000000100000001010001111100100010010110100111
00000000001000010011100000100100111101010100111
00000101101000100100010101000010000101010100111
00000000010010010010001100010101001110010100111
00000000001010100100101000001001111001100100111
00000001010001101010010001000001110100100100111
00000000010011001110001011000010101000100100111
00000100001001000101000010001001101111000100111
00000010100001000000110111100101001001000100111
00000000000100110010010100101100101110000100111
00000010000001100101110010110010100010000100111
00000011000101011011101000100010000010000100111
00000000101001110010101000001100110100000100111
00000001001111000000100000010001110001111000111
00000000100110000001101000101000010110111000111
00000000101101001000000100010011001010111000111
00000010000100100100100111010100000010111000111
00000000100001001010100000101101100100111000111
00000001010010100001000100010001101101101000111
00000000001000010110111000000101100110101000111
00000001000000101011010001100101101000101000111
00000010010000110111010010001000110000101000111
00000010011010011101100010000100100000101000111
00000001000000110101100000100011011011001000111
00000001000110000010011011010110001001001000111
00000101001000010000011011110001010001001000111
00000011011011000010101000011000010001001000111
00000010000001001100001001000101011110110000111
00000000000101011001000010001101001110110000111
00000001101010010001000010100010101010110000111
00000000000010011001101001001010011101010000111
00000000011001101100010110100100000101010000111
00000000000100010101110010001100101110010000111
00000010100100100100011011100010101000010000111
00000000110110101011001010001000010001100000111
00000001101101100010101010000100100001100000111
00000000000100111001000101100101010110100000111
00000100000100000110101011010110001100100000111
00000001011001000101001110110001010000100000111
00000010110011000100101101101000100000100000111
00000000010101101110100110000100001011000000111
00000000110111100101010001001000101001000000111
00000001010011100101000101100011001001000000111
00000001001100010100110101101110000001000000111
00000000001100001010101101011011000110000000111
00000000101111001101100100001010010010000000111
00000000000000000000110100111010011101001111011
00000011010000110011000001000001010010001111011
00000000100100001101001010100010010010001111011
00000010010000110010001010001100010010001111011
00000000001100100100100001010000111001010111011
00000001101000110100001000001000111000010111011
00000000001000010111000011001001101001000111011
00000100010100000100011101001010000110000111011
00000000100101100001011101000110000010000111011
00000010100101110100110001000010000100000111011
00000001101001000010100010100000010001111011011
00000001010000010011000011001001010000111011011
00000001000100010000110001011010100000111011011
00000000001101000000110000110001010101011011011
00000101010001000001010100010000010101011011011
00000000110000001000110101010100001100011011011
00000100010010100110000100010011010000011011011
00000000100001010000011100110000011001101011011
00000000011000000011010100011010000110101011011
00000001001000000110010100011011000010101011011
00000000010100001000110010101100001110001011011
00000010011001010100011000010010000110001011011
00000001010001000010100101000100010011110011011
00000001101010001000100000010010100011110011011
00000001001000100011000100110001010001110011011
00000000101000010001110001010000010110110011011
00000001000100101010010000001110001100110011011
00000010101110001010010000010010000100110011011
00000001010001110000100001000100011011010011011
00000000010000100101110001101100100010100011011
00000000101001100000001011000111010100100011011
00000010000001000110000111010110110000100011011
00000000100010010001101001111001010001000011011
00000001000110101010101100101000010010000011011
00000000100010001111001011010010101000000011011
00000000010010100000111001000101001000111101011
00000000010001001001101011100000101000101101011
00000001000001010011000101000010111001001101011
00000000000100001110010000100101101100110101011
00000000101100010000100110000010001111100101011
00000000000010110110000010001100101011100101011
00000000000110011000011101100010000101100101011
00000100001010000110110100110000010001100101011
00000000000000101110110000110001011100100101011
00000001000000110110010110011100010000100101011
00000000001001101001000100010101001111000101011
00000000000011001000100111110101000011000101011
00000010000110001001001001111010000011000101011
00000001001000101001101110010100001100000101011
00000000000010011011110000111010010100000101011
00000000100010011010100111001011001000000101011
00000001000001011000111001100101110000000101011
00000001000011000011010110011011010000000101011
00000000100010001000101011010000011100111001011
00000011001000100010100100001000011101011001011
00000011010000010000110100101000100101011001011
00000000010010100001110100011001010010011001011
00000001000100001111000010010110101000011001011
00000010001000100110100000010011100011101001011
00000001010001110010100000001010110011001001011
00000001001010000100011101011100000011001001011
00000000000110010101101100111000010001001001011
00000001000100100111010110001110000001001001011
00000010001000001101110001101100010100001001011
00000001010100111000011110010001000100001001011
00000011010001000101001111100001001000001001011
00000000101011100001100110010011100000001001011
00000001000101101001110011100010100000001001011
00000010110110010000011000100000100110110001011
00000001000100010000110101111000100100110001011
00000001001001010011000010001001011011010001011
00000000010011001010001010001100101011010001011
00000010000001001110010010000111001101010001011
00000010000111011001010000010010011100010001011
00000000110000011100110101001011001000010001011
00000011000010010101000011011110001000010001011
00000001001010101100101111000100001000010001011
00000000001100101011101000000100110011100001011
00000000110010011100100100010100110001100001011
00000000001011001100011001101000110010100001011
00000000000101010110001110000101110100100001011
00000100100010000010111100111001001000100001011
00000010110000110000111011101000001000100001011
00000000110000100000010010101110110111000001011
00000000001000111001110100010101001011000001011
00000001000110000101000100101111010011000001011
00000010010000100000110111110100100011000001011
00000010010000111001110000001010011101000001011
00000010000101010111001100001001100101000001011
00000010000001001110111010100001011001000001011
00000011000010010001001110111001010001000001011
00000010101100110101001100001100010010000001011
00000100010000110001001010010001010000111110011
00000000000100100101010001111000000011011110011
00000101001001000100010010000111000001011110011
00000000000101001000010111010000100110011110011
00000010101000100001011010000100010010011110011
00000000010111110000001110010100000000101110011
00000000001010001010010110100011010001001110011
00000010011001001010000010101000110100001110011
00000000000011000101001011001010111000001110011
00000010100010111101001000100001001000001110011
00000000000010011010000111010101000011010110011
00000100101001011110000011000100010000010110011
00000010001011001000001010000101110010100110011
00000001010001010000110101100010100100100110011
00000010100000010110101100101000110000100110011
00000001000001010100010010000111011110000110011
00000001100010101001000001000011011110000110011
00000001010001101101001010000110010010000110011
00000001001000111010011010101000110000000110011
00000000101000111001101101010000110000000110011
00000000000110001000101101010010000011111010011
00000000010100100110000001000111010100111010011
00000000000100011010000101110001010011011010011
00000000100000011010101000001110011001011010011
00000000001100001011100000010110101100011010011
00000000010011100000101001001001110001101010011
00000000101101000010010011000111000010101010011
00000100010110000011100110010100000100101010011
00000000010001101000110110100100110000101010011
00000001000101100100100001010100001111001010011
00000010001101100000100100000101110101001010011
00000000010100001011000101110011001010001010011
00000010010111010110010101000000110000001010011
00000000001100011010000111010100000110110010011
00000001011100101010010110000100001000110010011
00000110000100100010100100010000101111100010011
00000101001010000100010001000011001111100010011
00000000101100010100000110010101101001100010011
00000010000010111110010000011010100001100010011
00000000010011010011010110101010000001100010011
00000001000011101000000101101001101010100010011
00000000100101110101000111100001000010100010011
00000001010010110000100100010100111100100010011
00000010110110111010000110000100001000100010011
00000001010000010010011110101100010011000010011
00000000000101010011100111001011001001000010011
00000001010100101101110000110001010001000010011
00000010000110110100010011000101010110000010011
00000100000101101110011000100001010110000010011
00000000100001011011010110001010100110000010011
00000010001110000100010011101001011010000010011
00000010101001111010100001000001110010000010011
00000001001001000010001101001010100010111100011
00000000010110001001000100000111100100111100011
00000000010101001000110010100110100000111100011
00000000001010010010100000110010011101011100011
00000001100010000001011010000101001101011100011
00000010101001101010010000010110000010011100011
00000001001010000010101110010011001000011100011
00000100010010010000110000101000010111101100011
00000000010010011000010101000110000111101100011
00000000001001000100101110101010000011101100011
00000000010010011101010000100101100001101100011
00000000001011000010110011011000001010101100011
00000010001101101000011011000000101000101100011
00000000110000101010110010011100100000101100011
00000001000001000001011111100010010101001100011
00000000101001001000010001010011111001001100011
00000010000100100110100000010101011110001100011
00000010100000110100011110000101110000001100011
00000000010011000000110101100010100101110100011
00000000100000010111010001100001011011010100011
00000000100100000111011011000000011011010100011
00000000100001011100110000001110010110010100011
00000000010110100000110001011100010110010100011
00000000001010001001101011111000000110010100011
00000000001011100101001001100001011100010100011
00000000010010111111000010011001010000010100011
00000100101000001111101001100010010000010100011
00000010000010100110100000010111100011100100011
00000000010011110001101010100100100001100100011
00000101001000001100001111101000100010100100011
00000000100101000001101101100111000010100100011
00000000101011100110110100001100001000100100011
00000100010000110011110100001000011101000100011
00000000010010011010110000011010110101000100011
00000001001111000011010001001011000101000100011
00000000100110110111000101000001011010000100011
00000001001001001010000110001011111100000100011
00000100001001010101011100100001101100000100011
00000001010001100100001010100000011011111000011
00000000100011001010100110110100000010111000011
00000010000001010101001101011000001101011000011
00000000010010101101000111011000010001011000011
00000001010000101111101000001000110010011000011
00000000000100100110110111000100010101101000011
00000001010010001111001000000101011001101000011
00000001001010100100110000001110101100101000011
00000001010001001011101100001000110100101000011
00000000101000101011010000100011110011001000011
00000010000100010111001001000111100011001000011
00000001000101100110100101101010000011001000011
00000010100101000001111011100010000011001000011
00000010001110110010101000110000010110001000011
00000010001101010100000101100101110010001000011
00000001010101111100010010100000110010001000011
00000001000011110110101010000011001100001000011
00000001011010000101000110011011101000001000011
00000100010000100101111001010101000010110000011
00000100000100010011100101001000011111010000011
00000100010000110011110100010000101101010000011
00000010001001001101101011000110000101010000011
00000010011000010011110110100001010001010000011
00000000010101011010000110010001110110010000011
00000000101110101001100001010100101100010000011
00000001000111101010010110000001110100010000011
00000010010010101100110000101110010100010000011
00000010101100100011001010011101010000010000011
00000001011011110010000011001010100001100000011
00000010110010100001101011100101000001100000011
00000001001001101011010100001000111010100000011
00000000101100110100010010001101101011000000011
00000010000001010000110001100101001000101111101
00000000100011001001100001000010101100001111101
00000010011000010010001010100001100000110111101
00000000010001010100110010011000101001000111101
00000010001001011001000100001010001110000111101
00000000010001000010100110101100100110000111101
00000001000011000000101101000001100100111011101
00000001000000101100010100110001101000011011101
00000000010000100101100111000001110000011011101
00000010010100001100010000010110000110101011101
00000101100010011000010001000010000111001011101
00000100001000100100010111000110000101001011101
00000000001010001000011110101001000110001011101
00000001000001011010000001000111000110110011101
00000000010100010110001001111001000001010011101
00000100000101101001110000100001010100010011101
00000100100001001100001110001010101000010011101
00000000010010110000101100010001101010100011101
00000000100100000001001011110100111000100011101
00000001000001100010110100000100111011000011101
00000100000100001110010010001000111101000011101
00000001001001011010101100101000100001000011101
00000000000101011000111110011010010000000011101
00000010101000100000100011000001010011011101101
00000001000000101000100011101010110000011101101
00000000001001100001101010001101010000011101101
00000001000100110000010110001010001110001101101
00000000010010001011100000110110001100001101101
00000100001000100010001011011000111000001101101
00000010010100000110001100001001000101110101101
00000000010000001001100111100010101000110101101
00000000100000100010001111001001000111010101101
00000001001100001100010000001110010011010101101
00000000000100100011110101011000010001100101101
00000100100010000010011001100000111010100101101
00000010001100010110000010001010111000100101101
00000000100010001010110100000110001111000101101
00000000101000100011100011001001010011000101101
00000100001110101000010110000100010011000101101
00000000001010100100100010110001110110000101101
00000010001000110111100010001010001010000101101
00000000001010110010011011000110001100000101101
00000010001011100001100011000100110100000101101
00000100010001110011100001011000100100000101101
00000001000111010111010010000010011000000101101
00000001000100000110010110100010010100111001101
00000100010001100101001000001001110000111001101
00000001000110000001110100101001010001011001101
00000100100001010000111001000001010110011001101
00000000100001100000101111010001110000011001101
00000000100001010001111101001010010000011001101
00000001000000101011001000010001111001101001101
00000000001010110000001110000110110001101001101
00000000100001100100010111000010110001101001101
00000001011000101000010001001110011000101001101
00000001001100010000000101010110001111001001101
00000010000010001010001110000010110111001001101
00000001000101000011110010000101001001110001101
00000010010100010001011001110010000010110001101
00000001010100001101011100100000100100110001101
00000000010011100001101101000101100000110001101
00000100001001011000001110011000100011010001101
00000100001001101110010001011000010001010001101
00000010000010001011000001001011011110010001101
00000001010111000011101001010010000010010001101
00000000101001100010000001001111010101100001101
00000001000000110011000010111000011110100001101
00000010010011010101000110010001100010100001101
00000000101011011001100100001110001000100001101
00000000100101010011000100100011100111000001101
00000000100011100100010000110100111011000001101
00000010000101010100000110001101101011000001101
00000001001110001011101001010010000011000001101
00000001001000001100100010011010000110011110101
00000001001000110010000010001010011100011110101
00000001010000100001101101100001010001001110101
00000010000010101101000001101000100110001110101
00000000100001001001100100111100000110001110101
00000000001001000111100011011001000010001110101
00000010001001100011100100101001001000001110101
00000001000000010011000111000110100010110110101
00000010000010000010111010001001100011010110101
00000100010110000100100000101001100110010110101
00000001010001001000111000110000010011100110101
00000000010011010000001111000110000101100110101
00000010001010010001101111000010100000100110101
00000010010110000100011010010100001011000110101
00000001010010110000110010001001100101000110101
00000010011000011100000100000101111001000110101
00000010001010001110000010010010111001000110101
00000000100001110000110010010110110001000110101
00000010100100100011000000101100101110000110101
00000000001001101000110110001010010110000110101
00000000100000011010110101011010101000000110101
00000100001001000001000101100110000101111010101
00000000001001010010001111010000011000111010101
00000010010010100110000111000000110010011010101
00000010000011000001011110010010001100011010101
00000010000100101101000100100111100000011010101
00000000001001110000011001001010011100101010101
00000001000110000100111110001001000011001010101
00000000001001001000111100011101100001001010101
00000010001101011010010110000011000010001010101
00000100100010000100110010110101001100001010101
00000000000010010110010111011000110100001010101
00000001000010100000110110101100001100110010101
00000010100111101000011000100000100100110010101
00000010100001001001100100001001111000110010101
00000010010001100100011101110000110000010010101
00000010000010100100110000100011011101100010101
00000001000100100101001111001100000101100010101
00000010000010111100011000011010001100100010101
00000100001001000101011000111101100000100010101
00000010000010001111110000100011001011000010101
00000000010010100100100110001110011110000010101
00000010010111100110001001010000110010000010101
00000010010100000010011100111111000010000010101
00000000000010010110010100010011101000111100101
00000000100001001110001011001101000000111100101
00000000010001100100101001001011100001011100101
00000000100011001000101000100011001110011100101
00000001010000001101100010100001100101101100101
00000000100000110110010001101010110000101100101
00000000100101000100011110000100011011001100101
00000000100001101010010000101110001101001100101
00000000001000110011100000111101001001001100101
00000000100111010001110001001010100010001100101
00000100101010011101100000110000100010001100101
00000000100010010100110110010101011000001100101
00000100000101001010001111110001001000001100101
00000000100010100010011110000000111001110100101
00000010000011111010001011001100010000010100101
00000010000010001011011100000010110011100100101
00000001010001101110001100000101001100100100101
00000000100011001000101110100100001111000100101
00000000100110011000010110010101000111000100101
00000000100011101010000001101110000111000100101
00000010100000100000111011001001101011000100101
00000000001001011001010100011011001110000100101
00000100001111101000100100110000110010000100101
00000010001101001111010000110001001100000100101
00000001000111110011101000000101100100000100101
00000010010000101101000101101010001000111000101
00000001000110000110110101000100001011011000101
00000100010001001101001110100000100101011000101
00000100100001100001100111000011001010011000101
00000001000101101100001110110000100100011000101
00000100010010110100001011101001000100011000101
00000100100101011110000011010001000100011000101
00000001010001010110011000110110010000011000101
00000010000110010100101100110000001011101000101
00000010010000110010100111100000010011101000101
00000000010010000111000001101111100110001000101
00000001001100111100101010010100000110001000101
00000010000110111100110100000010110010001000101
00000010011101000000110001011011010010001000101
00000010011010000100000111110010101100001000101
00000010001100001100100001011011110100001000101
00000001001010100100000111100110111000001000101
00000000010001110110101001001100100001110000101
00000000100001110101001100100001111010010000101
00000010011001011101000001001111000010010000101
00000001000110110000001011011010111000010000101
00000000100101000011011001000101001111100000101
00000100001001001100011100100001010111100000101
00000001001110001001000110001111001001100000101
00000001000100101110101110010000100110100000101
00000100101000010111011101000100001100100000101
00000001001011110100010011000010111000100000101
00000001001010001001110001111011001000100000101
00000010001100000111010010010100111011000000101
00000001000110110011000101000101101101000000101
00000001000101010000110010111001101101000000101
00000010011100100001001001110100110101000000101
00000010000100001000100110010100110000111111001
00000010001011000000101000001100110101001111001
00000000010011100001011001000101010010001111001
00000010010100000101011000001101110000001111001
00000000010010110010100011110000001000110111001
00000000100001010010011000101010110000110111001
00000001000000101100101001110010001010010111001
00000100001100001101000010000101110100010111001
00000000010000110110100000110101011000010111001
00000000100010010110000000111010101100100111001
00000010000101100001001000010101110110000111001
00000010000100100001100001101010000011111011001
00000001001001010000001101000100011100111011001
00000000100011100001000110100010011100101011001
00000000010011000101110000111001010000101011001
00000010010001100100010000111101010001001011001
00000001000110001001010000010110011110001011001
00000100001000101101000110000011101010001011001
00000010001101110000011001001100010010001011001
00000010000100110101000110100101110000001011001
00000001000111000111100100011010100000001011001
00000000100010000101101111000001110001010011001
00000100101001111000101000001010110000010011001
00000000100000111011011000101101000001100011001
00000001001000101001110001100000011110100011001
00000000010000100011111010110000010110100011001
00000001000010101101100100111100001000100011001
00000010001010100100001010011100011011000011001
00000000010010011111010000101011000110000011001
00000100001001100101010111100100001010000011001
00000001001000111101110001010010001100000011001
00000010001000111010000101000110100101001101001
00000000100011001000011010100010011001110101001
00000000100010100111001100000111010000110101001
00000010000011101010001101010011000000110101001
00000001001000001101100011000000110111010101001
00000010010001100101001111000011000001010101001
00000100011010000011000010011111000100010101001
00000010001001100001101000111011100000100101001
00000001000011000111000111001100001011000101001
00000100001100100010000111101010110100000101001
00000010001000101001000011100001010101111001001
00000001000011011000011001101000010100111001001
00000000100010110000101111100000011000111001001
00000010001011011010101000011001000000111001001
00000010001010011000101111000000100101011001001
00000001000101100000111000100011010110101001001
00000001000001001111101000001100110010101001001
00000001000100110100100010011010110100101001001
00000001000100111000111011110000001001001001001
00000010001101000011111011100010000010001001001
00000000001000111010001011110001010010110001001
00000001000010100110100000110111100010110001001
00000001000110100110110000101011100000110001001
00000010000110000110101001100000011111010001001
00000001000110111100100001010101000011010001001
00000010001001111011001010100001100001010001001
00000100001100010111001001000010111100010001001
00000001000110000111010000101101011100010001001
00000100010100000101110111101000010100010001001
00000001000111000010100010111001001011100001001
00000010000010111001100010101001100101100001001
00000001000110011100010110100010110110000001001
00000010001100100011100001011011110010000001001
00000001000101100000101011010000001111001110001
00000000100001110010101000100110110000110110001
00000001000010110011010000001111010001010110001
00000000100010011100000000110101111100010110001
00000100010000101010011000001011111000010110001
00000010001100001011000111100000100110100110001
00000001000001011010111010100001110000100110001
00000001000011011001010000001011101110000110001
00000100001000010111110000100100001100111010001
00000001000011100100001101100100010101011010001
00000010001001111000000100101110001100011010001
00000000010000110110000111010100001101101010001
00000010001000001011110000010101001110101010001
00000100001011100011010101000010000110110010001
00000001000011010011101010000101110000110010001
00000100001001110100101001000111010000110010001
00000001000011110110001010101100010010010010001
00000010000111010001110000100111101000100010001
00000100001110111100000110100001011001000010001
00000100001101100010001001110100101110000010001
00000100001110110100000111001001101010000010001
00000010000100001101010100000011101001111100001
00000100001011011000001100010011000101011100001
00000010000110010001011000110100000111101100001
