00000000000011001101010111111
00000000000111000110110110111
00000000000111010110100110111
00000000001001101110101001111
00000000001001111010101001111
00000000001010100111001111101
00000000001010111001110010111
00000000001011100111001011101
00000000001100001101010111111
00000000001110100111001010111
00000000010100111101001110101
00000000010101110011010010111
00000000010111001110010010111
00000000010111010110110001011
00000000010111011000011110011
00000000011000110100101110111
00000000011001001010101011111
00000000011001001010111001111
00000000011001011010001110111
00000000011010010011101010111
00000000011100101101000110111
00000000100010110100111011101
00000000100011011010101001111
00000000100011011011010001111
00000000100101001010111001111
00000000100101011001011001111
00000000100101011001011100111
00000000100101100111100011011
00000000100101101011100010111
00000000100110101001110001111
00000000100110101101010001111
00000000100110101111000101011
00000000101001100100110101111
00000000101001100110110001111
00000000101001101110100100111
00000000101001110100010101111
00000000101001111001100100111
00000000101011010011100010111
00000000101100001010110011111
00000000101100001011011100111
00000000101100001110011011101
00000000101100100010111100111
00000000101100101011000111011
00000000101101010011011100011
00000000101110000110101101011
00000000101110001011001101011
00000000101110110100101000111
00000000110001100010110101111
00000000110010100101110010111
00000000110010101110010101011
00000000110010110001101010111
00000000110100011100010110111
00000000110100110001101010111
00000000110100110101000110111
00000000110100111010001100111
00000000110101010011100010111
00000000110101010101100011011
00000000110101111000100011011
00000000110110000001110101111
00000000110110000101110100111
00000000110110100101100010111
00000000111000001001010111111
00000001000010101101100011111
00000001000010110100110011111
00000001000010110110011110101
00000001000011001101010110111
00000001000101000110101101111
00000001000101001110010101111
00000001000101001110100111101
00000001000101011010110001111
00000001000101011100101101011
00000001000101101000110101111
00000001000101101010011110011
00000001000101111010110011001
00000001000110000110011011111
00000001000110001101010111011
00000001000110010111001010111
00000001000110011101001011101
00000001000111010011010011101
00000001000111010110001011011
00000001000111011011100001101
00000001000111101110001001101
00000001001001001010111001111
00000001001001001101010111101
00000001001001100101011110011
00000001001001110001011101101
00000001001001110101100011101
00000001001010001011011100111
00000001001010001011101100111
00000001001010001101111100011
00000001001010100011100110111
00000001001010100111100110101
00000001001011000111101011001
00000001001011001010111101001
00000001001011001110101001011
00000001001011001111000010111
00000001001011011000110110101
00000001001011100101100111001
00000001001011101000110011101
00000001001011101011000110101
00000001001011110100100110101
00000001001100001101011010111
00000001001100010101101001111
00000001001101000101011010111
00000001001101000110001101111
00000001001101001010111100011
00000001001101001101010011101
00000001001101001111000101101
00000001001101100111000101011
00000001001101101101010000111
00000001001101111000011100101
00000001001110000101101011101
00000001001110001001111100101
00000001001110001011001101101
00000001001110001011010011101
00000001001110001110010011101
00000001001110010001110100111
00000001001110010010111001011
00000001001110010110010010111
00000001001110011011010001101
00000001001110100101100011101
00000001001110101000111100101
00000001001111001101010010101
00000001001111010110100010011
00000001001111100011001100101
00000001010000110011010101111
00000001010000110100101110111
00000001010001100011001011111
00000001010001101100011101101
00000001010001101100101001111
00000001010001101100110101101
00000001010001110010011001111
00000001010001110010100110111
00000001010010010001110011111
00000001010010010011011100111
00000001010010010011101010111
00000001010010010110010111011
00000001010010110011000110111
00000001010010110011010100111
00000001010011010001101010111
00000001010011011001101000111
00000001010011011001101001101
00000001010100100011110011011
00000001010100100101100111011
00000001010101100011011001011
00000001010101110010110100011
00000001010110001010101110011
00000001010110001110010011011
00000001010110010111001010011
00000001010110100111010010011
00000001010110101001101000111
00000001010111000110110001011
00000001010111000110110100011
00000001010111001110010010011
00000001010111010010110001011
00000001010111100011010010011
00000001011000001110011101101
00000001011000010001110110111
00000001011000011001010111101
00000001011000100011111001101
00000001011000100101111100011
00000001011000101100101110011
00000001011000110010101011011
00000001011000110011010001111
00000001011000110100010110111
00000001011000111010011001101
00000001011001000001111010111
00000001011001001110001101011
00000001011001011000101110011
00000001011001011010001110011
00000001011010100011100011011
00000001011010101100101100011
00000001011100100101100101011
00000001011100110010110100011
00000001011100110100100101011
00000001011101100101101000011
00000001011101110010010100011
00000001011101110010110000011
00000001011111000110100010011
00000001100001010001101101111
00000001100010010011010101111
00000001100010010101001111011
00000001100010011010101110011
00000001100010101100011011011
00000001100011111010100001011
00000001100011111011000001011
00000001100100010101111001011
00000001100101000110100101111
00000001100110010001110101011
00000001101001001100110101011
00000001101001100010110001111
00000001101001110011010000111
00000001101010000010110011111
00000001101010001101101000111
00000001101011011000101000111
00000001101101010010011000111
00000010000011111011000101011
00000010000100111010101001111
00000010000101001100101011111
00000010000101011010011010111
00000010000101011100011011011
00000010000101011101001100111
00000010000110100110010101111
00000010000111010100111101001
00000010000111011100010010111
00000010000111011100010011011
00000010000111011101000101101
00000010000111100100011101011
00000010000111101100011010101
00000010000111110101000110011
00000010001000101101011001111
00000010001000111000110110111
00000010001001001011001110111
00000010001001011011100010111
00000010001001111011010001101
00000010001010011000111111001
00000010001010011100001111011
00000010001010100111000111101
00000010001011011000110110101
00000010001011011000111110001
00000010001011100011001011011
00000010001100001100101011111
00000010001100010100110101111
00000010001100010110010101111
00000010001100101100100101111
00000010001100101101100010111
00000010001100101101100101011
00000010001101001100101001111
00000010001101101100101000111
00000010001110000110110100111
00000010001110101000111101001
00000010001110110011100001101
00000010001110111000101101001
00000010001111000110110000111
00000010010000011100101111101
00000010010000111001101110101
00000010010001110001001011111
00000010010001110001011011101
00000010010001110001100101111
00000010010001110111000011101
00000010010010001001111010111
00000010010010011101010011101
00000010010010100011001101111
00000010010010100111000101111
00000010010010110011100101011
00000010010010111010001100111
00000010010011000101110101101
00000010010011001101010010111
00000010010011001110101000111
00000010010011011110001100101
00000010010011100111000101011
00000010010011110110001010011
00000010010011111010001100011
00000010010100011011100010111
00000010010100100110011010111
00000010010101000101001101111
00000010010101001101001100111
00000010010101011100100111001
00000010010101100011001011101
00000010010101110000111001101
00000010010101110011000011011
00000010010101110011010010101
00000010010101110111000001101
00000010010101111000101001101
00000010010101111010001000111
00000010010110001010101100111
00000010010110001010110011011
00000010010110001101010010111
00000010010110011001010010111
00000010010110011010100111001
00000010010110011101000010111
00000010010110011101000110101
00000010010110011101010000111
00000010010110011110000011101
00000010010110100010111100011
00000010010111000110101001101
00000010010111001100100001111
00000010010111001101100001101
00000010010111100010100101011
00000010010111100110001001101
00000010011000010011110101011
00000010011000011010101110011
00000010011000011100101110101
00000010011000100001111101011
00000010011000100011110101011
00000010011000100011110101101
00000010011000100011111001011
00000010011000100110001111101
00000010011000101001001111101
00000010011000101100101110101
00000010011000110001011011011
00000010011001000111011001011
00000010011001010001110100111
00000010011001010001111100011
00000010011001101010101100011
00000010011001101011101000011
00000010011001111000101001011
00000010011001111010001001011
00000010011001111010001010011
00000010011010000001111010111
00000010011010001011000111011
00000010011010001011100111001
00000010011010010001011110011
00000010011010100111000011101
00000010011010100111000110101
00000010011010100111000111001
00000010011010110001100010111
00000010011011100000110101101
00000010011011100000111100101
00000010011011101010001001011
00000010011100001011101010011
00000010011100010111000101101
00000010011100011010100110101
00000010011100111000101001011
00000010011100111100000110101
00000010011101000110101100101
00000010011101000111100100101
00000010011101001100101001101
00000010011101010100101001101
00000010011101010110000101101
00000010011101110101000001101
00000010011110001101100100101
00000010011110010001110100101
00000010011110011010100010011
00000010011111000110100001101
00000010100000011010011110111
00000010100000111000101111101
00000010100010001101001111011
00000010100010001110011101101
00000010100010010001110101111
00000010100010010110001110111
00000010100010011010001110111
00000010100010011110110100011
00000010100010100010100111111
00000010100010110001001101111
00000010100010110011000101111
00000010100011000001011111011
00000010100011001001001111011
00000010100011001011010110011
00000010100011010110100110011
00000010100011100000010111111
00000010100011100010010111101
00000010100011100110010101101
00000010100011101110010001011
00000010100011110110001001101
00000010100011110110010001101
00000010100100010111101100011
00000010100100110001101011101
00000010100100110011101001101
00000010100100111001011001101
00000010100100111101110000011
00000010100101000011011110011
00000010100101000111010110011
00000010100101111101000100011
00000010100110001100101011011
00000010100110001110011001101
00000010100110011001010001111
00000010100110011101100001011
00000010100110100001111001101
00000010100110111001000001111
00000010100111001001011100011
00000010100111001110000011101
00000010100111001110001001101
00000010101000011100011011011
00000010101000111011110000011
00000010101001010001110011011
00000010101001100110100100111
00000010101001101001011000111
00000010101001110011010001011
00000010101001111011010000011
00000010101001111110010000011
00000010101010001101101100011
00000010101010011000111001011
00000010101011000011010110011
00000010101100100110010100111
00000010101100101100010100111
00000010101101001110001001101
00000010101110000110110100011
00000010101110010011100001101
00000010101110110001100001101
00000010101111000011010010011
00000010101111001100101000011
00000010101111100100101000011
00000010101111100110010000011
00000010110001010001110011011
00000010110010100011100101011
00000010110011001001010010111
00000010110101010001100011011
00000010110101100100101000111
00000010110110001010101100011
00000010110110010010101100011
00000010111000010110010100111
00000010111001001001011100011
00000010111001011010001100011
00000010111010011000110001011
00000010111010110100000110011
00000010111011001001010000111
00000011000001011000011110111
00000011000011000001011111011
00000011000011000010101111011
00000011000101010110010100111
00000011000101010111001001011
00000011000101101100001010111
00000011000110001010110011011
00000011000110010111010001011
00000011000110101000011011011
00000011000110101110100010011
00000011000110111010001001011
00000011000111010100001011011
00000011000111010110100010011
00000011001010001010111001011
00000011001011011000010101011
00000011001011100010001101011
00000011001011100101000101011
00000011001100000101101010111
00000011001100001000111010111
00000011001110001010101001011
00000011010001000011100110111
00000011010001000101001110111
00000011010001010001101011011
00000011010010110011000101011
00000011010101101100001000111
00000011011000001001001111011
00000011011010010001010100111
00000011011110010001001000111
00000100000100111011010001111
00000100000101001100110101111
00000100000101111001010110011
00000100000101111010100100111
00000100000110011000101011111
00000100000110011010001101111
00000100001001010011111010011
00000100001001011011101000111
00000100001001110100101110101
00000100001010001111101101001
00000100001010100110001111011
00000100001010101001001111011
00000100001010101111110010001
00000100001010111001001110011
00000100001010111001101001011
00000100001011000011001110111
00000100001011010010001110111
00000100001011100011001011101
00000100001011110001010110011
00000100001011111000100101011
00000100001100101001110010111
00000100001100111111000010101
00000100001101000011010111011
00000100001101100010101110011
00000100001101110010010101011
00000100001101111010100010011
00000100001110000101111011001
00000100001110101100100011011
00000100001110101101100010011
00000100001111001010111001001
00000100001111010000111011001
00000100001111010001010110011
00000100001111100011010011001
00000100001111100101010011001
00000100010001110101100001111
00000100010001111001001010111
00000100010010011100010111101
00000100010010100100110011111
00000100010010101111001000111
00000100010011001111000101101
00000100010011001111010010011
00000100010011010110001010111
00000100010100001011001111011
00000100010100010011111100101
00000100010100100001111110011
00000100010100100101110010111
00000100010100100110111001011
00000100010100100111011001011
00000100010100110010101001111
00000100010101001011000111011
00000100010101011000110011101
00000100010101100010110100111
00000100010101110110100001011
00000100010110000111011100101
00000100010110001001101111001
00000100010110001010100111101
00000100010110011000100111101
00000100010110011010100101101
00000100010110011010100110101
00000100010110100111011001001
00000100010110101000111011001
00000100010110101001111010001
00000100010110111010100001101
00000100010110111101000110001
00000100010111000011011100101
00000100010111000011101101001
00000100010111011001101001001
00000100011000101111101001001
00000100011001000001111010111
00000100011001001001010101111
00000100011001010011001010111
00000100011001111000101101001
00000100011001111101000100101
00000100011010000110110011011
00000100011010010001110011011
00000100011010100110001011011
00000100011010110110000010111
00000100011011000010111010011
00000100011011001110101000011
00000100011011110001001100101
00000100011011110110000010101
00000100011011111000010010101
00000100011100100111001001011
00000100011100110100101100011
00000100011101000011001101011
00000100011101101110000010101
00000100011110100100011011001
00000100100001010110011111001
00000100100001100101010011111
00000100100010000111110110101
00000100100010001011100111101
00000100100010101001011110011
00000100100011000101001011111
00000100100011000110101011101
00000100100011001000111101011
00000100100011100000100111111
00000100100011101011000011101
00000100100100010011100111101
00000100100101001011000111011
00000100100101011000101110011
00000100100101011101000110011
00000100100101101100101010011
00000100100111000011100111001
00000100100111000101011010011
00000100100111001010110100011
00000100100111001010111000011
00000100100111001011000111001
00000100100111001110000111001
00000100100111010100011101001
00000100100111100010100111001
00000100100111101010100100011
00000100100111110001000110101
00000100101000001011110011011
00000100101000011011101100011
00000100101000110000101110111
00000100101000110100111011001
00000100101000110110001110101
00000100101000111000011011101
00000100101001101110100000111
00000100101001101110110000011
00000100101001110111010000011
00000100101010000011001101111
00000100101010000110101101011
00000100101010001011100101011
00000100101010001011100111001
00000100101011001111010000011
00000100101011011001100001101
00000100101011011100010001011
00000100101100001011100110011
00000100101100010011001010111
00000100101100011101000110011
00000100101101000101100110011
00000100101101000111010100011
00000100101101000111011000011
00000100101101010001110010011
00000100101101010011001000111
00000100101101010100010111001
00000100101101011000010111001
00000100101101011100000111001
00000100101101011100010011001
00000100101110000110111000101
00000100101110001100110010101
00000100101110011100100010101
00000100101110100011011000101
00000100101110100110001000111
00000100101111000100110100011
00000100110000110011110100101
00000100110001000101011010111
00000100110001001000011101111
00000100110001001001110101101
00000100110001001010111000111
00000100110010000111110100101
00000100110010010101100011101
00000100110010010101111000101
00000100110010110100001101101
00000100110011111000100001011
00000100110100011001110010101
00000100110100100011010100111
00000100110101111000100001011
00000100110110000111000110101
00000100110110100011011000101
00000100110111100001011000101
00000100110111101000011000101
00000100111000011000101011101
00000100111001001101100010101
00000100111001010011101000101
00000100111001110100001010011
00000100111001110100001100011
00000100111010001110001001011
00000100111010011100100001101
00000100111010100110100001011
00000100111011000010111000011
00000100111011001101000010101
00000100111011010001100001101
00000100111100100010110001101
00000100111101100001010001011
00000100111101100010010001011
00000100111110011001000010101
00000100111111100001010000011
00000101000010010010011110111
00000101000010010111110100011
00000101000010011100011101101
00000101000010101111100010011
00000101000010110110100110011
00000101000011000100011111011
00000101000011001000101011111
00000101000011001001011110101
00000101000011001100010110111
00000101000011001100101101011
00000101000011001111010010011
00000101000011010011001101011
00000101000011100011001101101
00000101000011101110100010011
00000101000011101111000010011
00000101000011110101000110011
00000101000100001011011100111
00000101000100001100110111101
00000101000100101100101110011
00000101000100101111011000011
00000101000101001000110101111
00000101000101100110001010111
00000101000110001001111010011
00000101000110001011010101101
00000101000110001100100101111
00000101000110011000011101101
00000101000110011001010101101
00000101000110100010010111101
00000101000110101111001000011
00000101000111001010011001101
00000101000111101101000010011
00000101001000010011110011011
00000101001000010101110011011
00000101001000011000101111011
00000101001000100011100110111
00000101001000100011101100111
00000101001000101101101100011
00000101001000110001001101111
00000101001000110001011101101
00000101001000110011010010111
00000101001001101100101100011
00000101001001110111010000011
00000101001001111000100110011
00000101001010011001001101101
00000101001100001010110011011
00000101001100001100110011101
00000101001100100001111100101
00000101001100100011000111101
00000101001100100101101100101
00000101001101010010011001011
00000101001101011001001000111
00000101001101101100010000111
00000101001110110100001100011
00000101010000010101101110011
00000101010000010101110110011
00000101010000100010110110111
00000101010000100011111001101
00000101010000100100111001111
00000101010000100111111000011
00000101010000101101101100011
00000101010000111011100010011
00000101010000111101001100011
00000101010001100011001011011
00000101010010000101110110011
00000101010010000110010011111
00000101010010000110010111011
00000101010010000111100110011
00000101010010000111110010011
00000101010010001001111010011
00000101010010001010111010011
00000101010011000110111000011
00000101010100001001011001111
00000101010100100101100110011
00000101011000010010111001011
00000101011000011001001101101
00000101011000100011101001101
00000101011001010010011001011
00000101011001010010011010011
00000101011001100001110001101
00000101011010000110011001011
00000101011010001100001001111
00000101011010010000110011011
00000101011011000110101000011
00000101011011001100001000111
00000101011110010010100010011
00000101011110100011001000011
00000101100001000011110011011
00000101100001001110000111011
00000101100010000111001011101
00000101100010011000011010111
00000101100010110010100110011
00000101100100001000110101111
00000101100101001010100110011
00000101100110000110010101101
00000101101000011000101110011
00000101101010001011100100011
00000101101101010010011000011
00000101101111000101000010011
00000101101111000101000100011
00000101110010010100110100011
00000101110011011000010100011
00000101110101001010000110011
00000101110101010001100100011
00000101110110001001010000111
00000101111000010001001101011
00000110000101001000011011111
00000110001000101001011010111
00000110001000111001101001011
00000110001001001001010101111
00000110001001010100100110111
00000110001010001010010011111
00000110001010010001001111011
00000110001010100101001011011
00000110001010100111001001011
00000110001010101110001001011
00000110001011000010001111011
00000110010000110001010110111
00000110010001000010011110111
00000110010001001010011011011
00000110010001010010011100111
00000110010001010010011110011
00000110010100001001001101111
00000110010100100111000101011
00000110011001101000100101011
00000110011010100101000101011
00000110011100100010101001011
00000110100001000101011011011
00000110100010000110101100111
00000110100010000110101101011
00000110100010000111001101011
00000110100011000100001011111
00000110100011000101001011011
00000110100100001000101011111
00000110100100010000101110111
00000110100100010000110110111
00000111000101001000100101111
00000111000110001001000101111
00000111001001000100001101111
00001000010001011001101001111
00001000010001011110000101111
00001000010001011110000111011
00001000010001101010100011111
00001000010001101101100001111
00001000010001101101100011101
00001000010010010011010101111
00001000010010011100010111011
00001000010010111010110001011
00001000010011001010100011111
00001000010011011101001001101
00001000010011101010100011011
00001000010100010011001111011
00001000010100110110100011101
00001000010101010000111110011
00001000010101101110001001101
00001000010101110110100001101
00001000010110000101011001111
00001000010111000100110101011
00001000010111110000100110011
00001000011001000100101011111
00001000011001000101100011111
00001000011001001010010101111
00001000011001100010110100111
00001000011001101010100001111
00001000011010001101001010111
00001000011010100110010011011
00001000011100010011000011111
00001000100010001001111010111
00001000100010001010111101011
00001000100010010110010101111
00001000100010011011100101101
00001000100010100100111110101
00001000100010101000111101011
00001000100010101001011010111
00001000100010101100001110111
00001000100010111000011010111
00001000100010111010010100111
00001000100010111010011001011
00001000100011001011000111101
00001000100011001111000101101
00001000100011011000011101101
00001000100011100001101101101
00001000100011110000101101101
00001000100011111000011001101
00001000100011111001101001001
00001000100100010111100100111
00001000100100110101000101111
00001000100101100101010001111
00001000100101101001101000111
00001000100101111000101010011
00001000100101111011000010101
00001000100110000101010101111
00001000100110001111011001001
00001000100110010100010101111
00001000100110010110100100111
00001000100110100110000101111
00001000100110101000011101011
00001000100110101100011101001
00001000100110101101000010111
00001000100110110000111100101
00001000100110111001100001101
00001000100111010011010000111
00001000100111010100010101101
00001000100111110101000101001
00001000101000011010011111001
00001000101000101110010110101
00001000101000110000111111001
00001000101000111010010011101
00001000101001000011111001101
00001000101001001010110010111
00001000101001010100010111011
00001000101001011100010111001
00001000101001100110100001111
00001000101001110000101111001
00001000101001110110010001011
00001000101010001111010010011
00001000101010010011110100011
00001000101010011010010011101
00001000101011000011111001001
00001000101011001001110100101
00001000101011011100001101001
00001000101011110000111001001
00001000101011110001101001001
00001000101011110110001001001
00001000101100001011101100101
00001000101100110010001111001
00001000101100111010000110101
00001000101101001010110100011
00001000101101101010010110001
00001000101110000110011001101
00001000101110000110101011001
00001000101110000110110100101
00001000101110000110111001001
00001000101110010011010100011
00001000101110010110010001101
00001000101110100100111000101
00001000110000100011011010111
00001000110000101111011001001
00001000110001001001101001111
00001000110001010001111101001
00001000110001101100011101001
00001000110010000101110100111
00001000110010011011000011101
00001000110010100100110010111
00001000110010100110010100111
00001000110010100111110000101
00001000110010101110001001101
00001000110010110111010000101
00001000110011000011101001101
00001000110011111000100100101
00001000110100001100101110101
00001000110100010101001011011
00001000110100010111101001001
00001000110100011001001111001
00001000110100111000101110001
00001000110110000101110100101
00001000110110000111001101001
00001000110110001011101001001
00001000110110010001110000111
00001000110110010001110101001
00001000110111000100110100011
00001000111000011011001100101
00001000111001000010110010111
00001000111010001010011101001
00001000111010001101001101001
00001000111010011010010101001
00001000111010100110110000101
00001000111101001010100010011
00001000111101100101010001001
00001000111110000110110000101
00001000111110001001101001001
00001001000010101110110000111
00001001000011010101000110111
00001001000011011101000100111
00001001000100010100011011111
00001001000100010111110100101
00001001000100101011101000111
00001001000100101111100011001
00001001000100110000101011111
00001001000100110111100011001
00001001000100111000111011001
00001001000101000100111101011
00001001000101000101001111101
00001001000101001011111000101
00001001000101010010011100111
00001001000101110010000111011
00001001000101110100011010011
00001001000101111001001000111
00001001000110001111010001011
00001001000110010010011110101
00001001000111010110010010101
00001001000111110010000110101
00001001000111110010010001011
00001001001000010101110011011
00001001001000110011110010101
00001001001001110001011100101
00001001001001111000110010101
00001001001100001111101000101
00001001001100010101000011111
00001001001100101000111010101
00001001001100110101000011101
00001001001101101010001100101
00001001001101111000100010101
00001001001110100011010100011
00001001001110110010010100011
00001001001111001100001010101
00001001010001000101110010111
00001001010001001111100011001
00001001010001010001101110101
00001001010001011000100110111
00001001010001100101100011101
00001001010001110000100111101
00001001010001111100100010011
00001001010010001010101100111
00001001010010101000110110011
00001001010100001011001101011
00001001010100010010001111011
00001001010100110000111011001
00001001011000011001001110101
00001001011000011010001110101
00001001011000011011001010101
00001001011001100001010001111
00001001011001101110001000101
00001001011001110001010001101
00001001011011000101010001101
00001001011100010110000110101
00001001011101000101100001101
00001001011101010000110100011
00001001011101010001100001101
00001001011110010001010001101
00001001011111001000100100011
00001001100001010001011101101
00001001100001010100011111001
00001001100001011011101000101
00001001100001111011000010101
00001001100010111010010001011
00001001100011110011000010101
00001001100101000111110000101
00001001100110101000011001011
00001001101000100101111000011
00001001101000111011000010101
00001001101010100001111000011
00001001101011101000100100011
00001001101100100011000101011
00001001101101000111000100011
00001001101101010001100001011
00001001101101010001100001101
00001001101110010010101000011
00001001101111001000101000101
00001001110000101000100111011
00001001110001011001000110101
00001001110001110100010100101
00001001110010110001010001011
00001001110100010110010010101
00001001110100011101001000101
00001001110101100001101000101
00001001110110010001011000011
00001001110110010010010100011
00001001110110010010110000101
00001001111000011011000010101
00001001111010101000100100011
00001001111101010001000100101
00001001111101010001010000101
00001010000101111100010010011
00001010000110011010001001111
00001010000110100010001110111
00001010001000100010101011111
00001010001000100010111110101
00001010001000100111001101101
00001010001000110000110111011
00001010001000110000111110011
00001010001000110010100011111
00001010001000110010101101101
00001010001000110010111010011
00001010001000111000110110101
00001010001001001011000110111
00001010001001001110101001101
00001010001001010100101110011
00001010001001010111100100011
00001010001001100001100011111
00001010001001100001100111101
00001010001010011100010011101
00001010001010111010010001101
00001010001011001110010001101
00001010001101001001010110011
00001010001110000101110010011
00001010001111001001001100011
00001010010001001110101000111
00001010010001001111011000011
00001010010001100010001011111
00001010010001110100010110011
00001010010010001010100111011
00001010010011001010001011011
00001010010011010100010001111
00001010010100010001100101111
00001010011001000110101000111
00001010011001000111101000011
00001010011101010010010001011
00001010100010010010101110011
00001010100010010110100110011
00001010100010010111100100011
00001010100010011000011001111
00001010100100010110101000111
00001010100100110110101000011
00001010100110001001010001111
00001010101100100100010001111
00001010111000100100110001101
00001010111001000100101000111
00001010111010010001101000011
00001010111010010010100010011
00001011000110001010001001111
00001011000110011010001001011
00001011000111010100010001011
00001011001000101000110101011
00001011010011000100010001111
00001011010110010010001000111
00001011010111000100010010011
00001011100010100100110100011
00001011101000100101011000011
00001011110010001000101001011
00001011111000100010011000011
00001011111001010001000100011
00001100010001010010001101111
00001100010001010010010110111
00001100100010101001001101011
00001100101000100010010101111
00001100101001000100010101111
00001100101010010001100010111
00001100111001000100101000111
00001101000100100011001101011
00001101010011001001000100111
00001101011001000100101000111
00001101110001000100101000111
