0000000000000000000000000011001101010111111
0000000000000000000101000101000101000111111
0000000000000000000111000000000110110110111
0000000000000000001001101000100011000101111
0000000000000000001010101010000110111000011
0000000000000000001110001001001001001001111
0000000000000000100010110010010100001110011
0000000000000000100011000101010010010001111
0000000000000000100100000110101000111010011
0000000000000000100101100110010101000000111
0000000000000000101010001100100100100001111
0000000000000000101100100010001110000101101
0000000000000000101100101011000110000010011
0000000000000000101110010100001011000010011
0000000000000000110100100111010001000000111
0000000000000001000100010100100110000111101
0000000000000001000100110100000110101110001
0000000000000001001000011000101000010111011
0000000000000001001001100011010101000001011
0000000000000001001100101001010001000001111
0000000000000001001110011111000000000100101
0000000000000001001111001001001001000000111
0000000000000001010000110001000100110110101
0000000000000001010010100100011010001000111
0000000000000001010011100000001010110010011
0000000000000001010011110001001000100010011
0000000000000001010100110000011001000011101
0000000000000001010110010001010001100001101
0000000000000001011001000011100000010100111
0000000000000001011111000010001001000100011
0000000000000001100001010001100100010100111
0000000000000001100011010101010000001001011
0000000000000001101001010011001000001000111
0000000000000001101010000001100011000011011
0000000000000001101010000011000011000011011
0000000000000001101100100101010000010000111
0000000000000001110000010001001010010100111
0000000000000010000100111000110100010001011
0000000000000010000111010100010010001101001
0000000000000010001000100010010010010111101
0000000000000010001001001101000010011100011
0000000000000010001001110000100000101001111
0000000000000010001010000100100110001010111
0000000000000010001011000000100111000101011
0000000000000010001011110000110000100011001
0000000000000010001100001010001010010011101
0000000000000010001100010000111000101100101
0000000000000010010000010001100001011101101
0000000000000010010000101100001010000111011
0000000000000010010001000010110010100011101
0000000000000010010001100011000001001001111
0000000000000010010010001111000100100011001
0000000000000010010100000011100010010010111
0000000000000010011000001000010110101010011
0000000000000010011100000000101010100100111
0000000000000010100001010111000000110001101
0000000000000010100100001100101000100100111
0000000000000010100100100100111010000000111
0000000000000010101000000100110001110001011
0000000000000010101000000110001000011011011
0000000000000010101010010000100110110000011
0000000000000010101100010100011001000001011
0000000000000010110001010000101001100010011
0000000000000010110100010000010101000100111
0000000000000011000000010001011001010100111
0000000000000011000000110110100001010100011
0000000000000011000100100011000001001101011
0000000000000011000100101010000001001101011
0000000000000011001000001001010001010100111
0000000000000011001011001010100001000000111
0000000000000011010000100001100100100101011
0000000000000100000010110000101001110011001
0000000000000100000011000100110001001011101
0000000000000100000011100010001010010110011
0000000000000100000011101110001010010000101
0000000000000100000100111010001010010000111
0000000000000100000101001100010010010010111
0000000000000100000101010000100100011001111
0000000000000100000101110000000110010101011
0000000000000100000110101010000001101010011
0000000000000100000111101100100010000110001
0000000000000100001001011001000101100011001
0000000000000100001010001000000110001101111
0000000000000100001010001110100001001101001
0000000000000100001010101110001000100000111
0000000000000100001011100100100100011100001
0000000000000100001111000100110100100010001
0000000000000100001111010000000101011001001
0000000000000100010001000100011110001001011
0000000000000100010001001111000010001001101
0000000000000100010001011010000001100010111
0000000000000100010001101100100000110100101
0000000000000100010010001101000001011100011
0000000000000100010010100010001101101000011
0000000000000100010010101000001010001110011
0000000000000100010010101000001011001110001
0000000000000100010011100001010000100110101
0000000000000100010100011010100110000001101
0000000000000100010100100100001010000111011
0000000000000100010100101001010001100000111
0000000000000100010110011000110000001101001
0000000000000100011000101100100000110100101
0000000000000100100001000110100010101101001
0000000000000100100011110100100010001000011
0000000000000100100100101000111000000100111
0000000000000100101000000001010110011001011
0000000000000100101000100000110000001111101
0000000000000100101001100001110000001001101
0000000000000100101100001110001001000010101
0000000000000100101101100000011100001000101
0000000000000100110010110101100000000010101
0000000000000100110100010000110101000000111
0000000000000100111010001010010010000000111
0000000000000100111100001001010001001000101
0000000000000101000000101010000100101110011
0000000000000101000000111100110000010100101
0000000000000101000010100000101100011001101
0000000000000101000010100000101100110001101
0000000000000101000011000100010100100010111
0000000000000101000111000000000000010111111
0000000000000101001000100110000111000100101
0000000000000101001011001001000111000000011
0000000000000101010000001001001000111001101
0000000000000101010001000110001010010001101
0000000000000101010010000110100010000110011
0000000000000101100000000110010100110100011
0000000000000101100000000110100001010101011
0000000000000101100000101011000010011000011
0000000000000101100100001010000101001001101
0000000000000110000101010100000011001001011
0000000000000110000110010000101001000010111
0000000000000110000110110010001000000101011
0000000000000110001000010110000100110100011
0000000000000110001001010010000110001010011
0000000000000110001100100000011010010001011
0000000000000110010000000010101001001001111
0000000000000110010110001100000011000001011
0000000000001000000101010110010010000100111
0000000000001000000101110001001001010001101
0000000000001000000101111000010000110010101
0000000000001000000111001000100100100011101
0000000000001000001011001000000101001010111
0000000000001000001101100011010001000101001
0000000000001000001110010011001010001000101
0000000000001000001111001001001000000100111
0000000000001000010001100001001001100010111
0000000000001000010110000000111000101001101
0000000000001000010110011000110000100001011
0000000000001000011100110000101100000010101
0000000000001000100000101101000010110010011
0000000000001000100001101010000001110100011
0000000000001000100010011011000010010100011
0000000000001000100010100001101001001100101
0000000000001000100011100000001110100101001
0000000000001000100100001110000000110110101
0000000000001000100100100000011100010110011
0000000000001000100100110101100000001110001
0000000000001000100101000001110001000101101
0000000000001000100101000010001110000011101
0000000000001000100101000010010100010110011
0000000000001000100110000100001110100001011
0000000000001000100111000000100110101001001
0000000000001000101000000101101000110010011
0000000000001000101001001000110011000001101
0000000000001000101001001100000110000100111
0000000000001000110001010000010110000011011
0000000000001000110001010001001100000101101
0000000000001000110010101000000111010000011
0000000000001000110101000001110001000100101
0000000000001000111100001001001001000010101
0000000000001001000000110000101010001101101
0000000000001001000000110001010010100010111
0000000000001001000001110001010001001100101
0000000000001001000010000000101100010101111
0000000000001001000010001000111010010001011
0000000000001001000010110010100011000001011
0000000000001001000100000001110001001011101
0000000000001001000100010001011000001101011
0000000000001001000110000000011101010010011
0000000000001001001000100001010100110000111
0000000000001001001100000011010100001100011
0000000000001001001101000011010000001100011
0000000000001001001111001001001000000000111
0000000000001001010000000011010000110011101
0000000000001001010000001011100010100011001
0000000000001001010100010000011001000011011
0000000000001001011110000101010000000010011
0000000000001001100010010000011110010000011
0000000000001001101010011000011000000010101
0000000000001001110100001101000100000100011
0000000000001001110100010101000010000010011
0000000000001010000000101000000101101100111
0000000000001010000001001000100100101001111
0000000000001010000100001001001100101000111
0000000000001010000100010010001100001001111
0000000000001010000110001000110000010011011
0000000000001010000110011000110100000001011
0000000000001010001000010010001011001000111
0000000000001010001000010100100001101100101
0000000000001010001000100111000100010001101
0000000000001010001100000001110000011001011
0000000000001010001100101101001000100000011
0000000000001010010000000101010001001100111
0000000000001010010001000001001011100010011
0000000000001010010001000101010001000100111
0000000000001010010001100001001010100010011
0000000000001010010001100100010100010000111
0000000000001010010011000101000110000001011
0000000000001010010011001110000100010000011
0000000000001010011010001000010110100000011
0000000000001010100000000100111000001101101
0000000000001010100001000010010110110000011
0000000000001010100100000110001100000011011
0000000000001010101001000010011100010000011
0000000000001010101100001101000000100100011
0000000000001010110001100101000000100100011
0000000000001011000100010000011001010010011
0000000000001011000101000001001101000010011
0000000000001011000110100000011010000010011
0000000000001011001000011000010101010000011
0000000000001011001000110101001000001000011
0000000000001011001010001001000110100000011
0000000000001011100000001010010000110001011
0000000000001100000000000011001010101010111
0000000000001100000000001011101010101000011
0000000000001100000000101011101010100000011
0000000000001100000010000011101010001010011
0000000000001100000010001011101010001000011
0000000000001100000010101011000000010101011
0000000000001100000011001010001101001000011
0000000000001100000101010110010010000100011
0000000000001100001000100011101000100010011
0000000000001100001001110000011000000101011
0000000000001100001101010100101000000010011
0000000000001100010101010010110000000010011
0000000000001100100000010000101001101000111
0000000000001100100010100000100011000101011
0000000000001100100100001000010110000010111
0000000000010000000001010110101110000011001
0000000000010000000100101110010001011000011
0000000000010000000101101000011001000111001
0000000000010000000110001100001010100011011
0000000000010000000111100010001001000101101
0000000000010000001000010110010100010001111
0000000000010000001001011100100001100001011
0000000000010000001001100000001110101101001
0000000000010000001001101000100010000101111
0000000000010000001011010100000101100011001
0000000000010000001100101010000011011000011
0000000000010000001101000001010001001110011
0000000000010000001110010100010001001011001
0000000000010000001110101001000010011000011
0000000000010000001111000100010100110100001
0000000000010000010001011100100001100001011
0000000000010000010010100001001000101110011
0000000000010000010100000100011010110001011
0000000000010000010100010010001101001000111
0000000000010000010100010110001001001000111
0000000000010000010100011000101001000011011
0000000000010000010100111001000001100000111
0000000000010000011000000110001000101001111
0000000000010000011001010100100001100001011
0000000000010000011010010001000110101100001
0000000000010000100001000000100111000101111
0000000000010000100010000001101000101101011
0000000000010000100010110010000100100100111
0000000000010000100110101010000001011000101
0000000000010000101000000110010010000110111
0000000000010000101000011100010010110001001
0000000000010000101001000001011100010011001
0000000000010000101001000110010010000010111
0000000000010000101001010010001001010010101
0000000000010000101100001001011001100000101
0000000000010000101100111001000001100000101
0000000000010000101110010110010000100010001
0000000000010000110000000101001001001110101
0000000000010000110000100101010011000001011
0000000000010000110000100101010100000011011
0000000000010000110000110101011010000000101
0000000000010000110001000001110100001100101
0000000000010000110100001000011101000011001
0000000000010000110100100100100100001101001
0000000000010000111000000101001001001010101
0000000000010000111010100000001100000011011
0000000000010000111100010011010010000000101
0000000000010001000000110000010101001011011
0000000000010001000010010101100001110010001
0000000000010001000100000100101111000101001
0000000000010001000100101101000000101000111
0000000000010001000101100010100100000100111
0000000000010001000111000110100000001011001
0000000000010001000111100000010001010101001
0000000000010001001001001010011001000000111
0000000000010001001001010010100011000001011
0000000000010001001010000010011010000111001
0000000000010001001010000100010111000011001
0000000000010001001010010100010001010000111
0000000000010001001010110010000011001000011
0000000000010001001100000110010100010100101
0000000000010001001100000110101001001010001
0000000000010001001100001011001000000100111
0000000000010001001100101001010001000001011
0000000000010001001101010010100001000001011
0000000000010001010000001101100001010011001
0000000000010001010000001110000100101011001
0000000000010001010000011100100001010011001
0000000000010001010010000000111100010110001
0000000000010001010010010000101110001000101
0000000000010001010100100001000011011000011
0000000000010001011000000001110001100101001
0000000000010001011000001010000110101000011
0000000000010001011000011110100000000011001
0000000000010001011000110100000011001000011
0000000000010001011010001010000110100000011
0000000000010001011100001000100111000001001
0000000000010001100000000010101011001001011
0000000000010001100000010010001010001101101
0000000000010001100001001000100011110001001
0000000000010001100001011100100000101001001
0000000000010001100011010100110000001001001
0000000000010001100100000011001011000001101
0000000000010001100101000000101100100000111
0000000000010001101100001001010001000001101
0000000000010001101100010100010000100001101
0000000000010001110001001000100000110101001
0000000000010001110100001101000010000011001
0000000000010001110100101000011010000001001
0000000000010010000000110011000011010100101
0000000000010010000001100001000101010001111
0000000000010010000001100001001100010101011
0000000000010010000010100100000011000110111
0000000000010010000010101000100001110011001
0000000000010010000101011000101000001010011
0000000000010010000110101000100000110001011
0000000000010010001001010100010000110001101
0000000000010010001010100001101100010000101
0000000000010010001100000010010110000110101
0000000000010010001100001000101110000100101
0000000000010010001101000101100000001100011
0000000000010010001110111010010000000000101
0000000000010010010000100101000010101000111
0000000000010010010001100001000101000011101
0000000000010010010010101001000001100100011
0000000000010010010100000100010111001000011
0000000000010010010101100110000100000001011
0000000000010010100000010011000010101000111
0000000000010010100010000110000110100011001
0000000000010010100010000111000000110011001
0000000000010010100010100010010001001000111
0000000000010010100100110010001010000000111
0000000000010010100110001010001100000000111
0000000000010010101001001000001001110000011
0000000000010011000000100101000001100110101
0000000000010011001010000000010110100001101
0000000000010011010100100010000010010000111
0000000000010100000010100001000110010110101
0000000000010100000100000010011101100100101
0000000000010100000100101001000100110100011
0000000000010100000100101010000100100110011
0000000000010100000110101100011000000100101
0000000000010100001010001000110000001101101
0000000000010100001100001000110000001101101
0000000000010100011000001101100001000000111
0000000000010100011001000010110000010001101
0000000000010100011010010100100000100010011
0000000000010100100000001100000010111000111
0000000000010100100000001100010110010001011
0000000000010100100000100110000010101000111
0000000000010100100001100100011010001000011
0000000000010100100001101010000011000001101
0000000000010100100001110010010001000100101
0000000000010100100011011001000000011000011
0000000000010101000000011000000110010110011
0000000000010101000000011000000110100110011
0000000000010101000100100000010110100100011
0000000000010101001000011010010001100000011
0000000000010101001000110000001100001001101
0000000000010101100000010011000010011000011
0000000000010110000000101000011001101000011
0000000000010110000010001010001100010001101
0000000000010110000100001000000101010110011
0000000000010110100100110000001010001000011
0000000000010110101000100110000010001000011
0000000000010111100001011000001000100000011
0000000000011000000000100000101011000101111
0000000000011000000000100110001010101001011
0000000000011000000001001010001010110010011
0000000000011000000001101001110101000000011
0000000000011000000011010001000100101100011
0000000000011000000100000010001010001111011
0000000000011000000100010000010001101011011
0000000000011000000101010001000100101100011
0000000000011000010000010101000010110010011
0000000000011000011000010000011100010100011
0000000000011000101000000001101000010011011
0000000000011001001001010001010010000001011
0000000000011010000011000100000110000101011
0000000000011010010100010000001001000100111
0000000000100000000011001110000101100100011
0000000000100000000011101010000101100001011
0000000000100000000111000000110110000001111
0000000000100000001000110100001010101001101
0000000000100000001100000100110001010010111
0000000000100000001100001010010001001101011
0000000000100000001100011101001000010001101
0000000000100000001110100100100001001010101
0000000000100000010001000100100001100111101
0000000000100000010001110100110000000111001
0000000000100000010011100010010010111000001
0000000000100000010011110000010010001100101
0000000000100000010100000011001000011010111
0000000000100000010100001100011001001010101
0000000000100000010100101011100010000010011
0000000000100000010110000110010100000111001
0000000000100000010110110000000101010100011
0000000000100000010111000000110010101100001
0000000000100000011001000010100010010010111
0000000000100000011001010010000100010010111
0000000000100000011001010010100010000010111
0000000000100000011001101000001010000111001
0000000000100000011011100001000001101010001
0000000000100000011110100010010000110000101
0000000000100000100010011100001001001001011
0000000000100000100010110000010010100111001
0000000000100000100100101100011000000101011
0000000000100000100101000101000010010001111
0000000000100000101000110000000110101100011
0000000000100000101000111100000010010110001
0000000000100000101010010011100010000001011
0000000000100000101010010111001000000001011
0000000000100000101010011011000010000011001
0000000000100000101100100001100011010000101
0000000000100000101110000000001011010100011
0000000000100000101110001000100001010100101
0000000000100000101110010010000100110001001
0000000000100000110001110010000100000011101
0000000000100000110010001010010100100000111
0000000000100000110100010001000111010000101
0000000000100000110100010101000010000100111
0000000000100000110100100001011100010010001
0000000000100000110111000000000110000101101
0000000000100000111000000110001010010010011
0000000000100000111000001001011001100010001
0000000000100000111000100010000110010101001
0000000000100000111010000001010011100010001
0000000000100000111010000110101001000001001
0000000000100001000000110010100010110100011
0000000000100001000010101100100110000001101
0000000000100001000010110000100010110100011
0000000000100001000011001101010001000000111
0000000000100001000100100011000010011000111
0000000000100001000100101001000010100010111
0000000000100001000101001001000100100001111
0000000000100001000101100001010001101100001
0000000000100001000101110001100100000011001
0000000000100001000110000001100001010011011
0000000000100001001000100000101100001101011
0000000000100001001000100011000010100010111
0000000000100001001000101001000010100011101
0000000000100001001100000001010110001110001
0000000000100001001100010001010100110100001
0000000000100001010000001000011010100010111
0000000000100001010000010001010110000011101
0000000000100001010000100100010101100001101
0000000000100001010000100111000001011001001
0000000000100001010001101000000011101100001
0000000000100001011000100110001000001001101
0000000000100001011010001001001000110000101
0000000000100001011100001001001010001000101
0000000000100001100010000001001101000001111
0000000000100001100010011010001001000001011
0000000000100001100011010000101000000110101
0000000000100001100100000100110001010100101
0000000000100001100100000101000110010001101
0000000000100001100110000010000111100010001
0000000000100001101000000100100100011001101
0000000000100001101010000101100000100010011
0000000000100001101011010001000001100000011
0000000000100001110110000010100001000010011
0000000000100001110110000010100001100010001
0000000000100010000001001000000101110001111
0000000000100010000001001010000101110001011
0000000000100010000001010101100101000000111
0000000000100010000010010001000101101001011
0000000000100010000100001000010011000011111
0000000000100010000100001100100000111110001
0000000000100010001000001001011000011010101
0000000000100010001000111000001101001000101
0000000000100010001100000111000010010011001
0000000000100010001101000010000010101100101
0000000000100010001101000010110000010010011
0000000000100010001110100011000001001001001
0000000000100010001110110100001010000001001
0000000000100010010000000011010100110100011
0000000000100010010000100010000110001011101
0000000000100010010000100011000001011001011
0000000000100010010011010010100010000000111
0000000000100010010100001100001101000010011
0000000000100010010100011001000001100001011
0000000000100010010101001001100000001000111
0000000000100010011001000011010100010000011
0000000000100010011001001010010000001110001
0000000000100010011001010010100010000000111
0000000000100010100010010111000000110001001
0000000000100010100100000001011001010100011
0000000000100010110000100100001011010001001
0000000000100010110000100100011011000001001
0000000000100010110010000110001000000111001
0000000000100010111001001011000000001000101
0000000000100010111100000100100100000100011
0000000000100011000000101000000100110101011
0000000000100011000001100000110101000100101
0000000000100011000100010001011000001101001
0000000000100011001000011100000010010110001
0000000000100011001100001001010001010000101
0000000000100011010000110001010000001011001
0000000000100011011000001101000000001010011
0000000000100011101000010000101000011001001
0000000000100100000000010100011100101011001
0000000000100100000001010011000000111001011
0000000000100100000001110100001100001100101
0000000000100100000010100100011100010101001
0000000000100100000010110000000101011100011
0000000000100100000100010110000001110010101
0000000000100100001010000100110100000100111
0000000000100100001010100000010001101011001
0000000000100100001011100110100000010000011
0000000000100100001101010100010000100001011
0000000000100100001110000101010000010011001
0000000000100100010000000111000100101100101
0000000000100100010000001000011010100010111
0000000000100100010000010100100011100100101
0000000000100100010000011000010001100010111
0000000000100100010100001000011011100000011
0000000000100100011000000001110001001001101
0000000000100100100001000010000101010001111
0000000000100100100011101100010000100000011
0000000000100100100111000110100000000010101
0000000000100100110001000110101000000000111
0000000000100101000000010100010010110010011
0000000000100101000000110000011000110010101
0000000000100101000000110100010010001100101
0000000000100101000100101000000010110001101
0000000000100101000101100000110010000100011
0000000000100101001000000100010111010000011
0000000000100101001010001010001011000000011
0000000000100101001100101100001010000000101
0000000000100101010000100000101110000011001
0000000000100101010011010001000010000000111
0000000000100101011010001000001011000000011
0000000000100101100011010000110000000010101
0000000000100101110000001000101010000100101
0000000000100101110000010001100100001000101
0000000000100110000010001000010010010100111
0000000000100110000010100010000110000101101
0000000000100110000100100100011001010000101
0000000000100110001100010100001010000001101
0000000000100110011100001000001010100000011
0000000000100110100101000000111000100000101
0000000000100110101000100001000110100000011
0000000000100111010000101000001010010000011
0000000000101000000000101000000101101100111
0000000000101000000010100010001001011010011
0000000000101000000110011000110000010010101
0000000000101000000110101001100100000100011
0000000000101000001000100111001000100010101
0000000000101000001001000000101000110011101
0000000000101000001010001000100010101010101
0000000000101000001010101001000100000110011
0000000000101000001100010001010001000101011
0000000000101000001100101100010000101000011
0000000000101000010000100001001010010011011
0000000000101000010000100100000101110100011
0000000000101000010000100101000101110000011
0000000000101000010000110001001001000011011
0000000000101000010001000101000001101100011
0000000000101000010010011010000110001000101
0000000000101000010011010000100011001000101
0000000000101000011000100001001010001010011
0000000000101000100010000100001110000101101
0000000000101000100100001011000000001100111
0000000000101000111100100000100001000010011
0000000000101001001010000001011001000100011
0000000000101001011001000100100010000000111
0000000000101001011100011001000000100000011
0000000000101001110101000001000100100000011
0000000000101010000000100000110000110011101
0000000000101010000110110001001000001000011
0000000000101010001000100101001000100000111
0000000000101010010011101000000001000010011
0000000000101011000010010001001011000000011
0000000000101100000000011101100000000100111
0000000000101100000000100011101010100000011
0000000000101100000010001000000101001101011
0000000000101100001000100011101000100000011
0000000000101110001110010000001001000000011
0000000000101110010110000000010100000100011
0000000000110000000010100010100001100011011
0000000000110000000011010101101000001000011
0000000000110000000100000100100101010110011
0000000000110000000100100101010001011000011
0000000000110000000110000000101010010011011
0000000000110000001000000101001010001100111
0000000000110000001101100101000010001000011
0000000000110000010000001000100101100101011
0000000000110000010000001010000010001101111
0000000000110000010101001101010000000010011
0000000000110000010110101001000001000100011
0000000000110000011011000101000001001000011
0000000000110000101000001110100000010001011
0000000000110001000000011000001101000101011
0000000000110001000000101000001010011010011
0000000000110001010000000100001011010001011
0000000000110001100001110100010000000001011
0000000000110010001000011000000001010001111
0000000000110100000010000100010001011001011
0000000000110100010000010000001001000111011
0000000001000000000100101100010001101000111
0000000001000000000110010011000010010101011
0000000001000000001000011100011001000010111
0000000001000000001001010001000110100011101
0000000001000000001010001100010010001111001
0000000001000000001100101001100000010011101
0000000001000000001101000001000110011010101
0000000001000000001101000111101000001000011
0000000001000000001101010001000000110100111
0000000001000000001111001001000000110010101
0000000001000000001111001001000001001000111
0000000001000000010000010000001100101011111
0000000001000000010010000111011000100000111
0000000001000000010010001011100011000000111
0000000001000000010011000010000111010001101
0000000001000000010011000110000001010101101
0000000001000000010011001010001001010000111
0000000001000000010100000000101001101100111
0000000001000000010101001000000011010110011
0000000001000000010110001100010100010011001
0000000001000000011001001101000100001000111
0000000001000000011001011000001010100100011
0000000001000000011010000110100000010010111
0000000001000000011100011010001000100101001
0000000001000000100001010011010100000011101
0000000001000000100010101100110000100001011
0000000001000000100011011000010000001011101
0000000001000000100100011100100100000101011
0000000001000000100100111100000000110010101
0000000001000000100101110100001000101000011
0000000001000000100110000100100010100001111
0000000001000000101000000100101101100010011
0000000001000000101000000101001100010101011
0000000001000000101000000110001000101101011
0000000001000000101000101001100000010011101
0000000001000000101001000101000100010001111
0000000001000000101001011000110010001010001
0000000001000000101010011000000110001100101
0000000001000000101010011001000010001100101
0000000001000000101010101101000000100011001
0000000001000000101100010000000110101100101
0000000001000000101110001100000101001010001
0000000001000000101110101000010000101100001
0000000001000000110001010011000000011100101
0000000001000000110100010000110001101001001
0000000001000000110110000100001001001110001
0000000001000000111000000010011101010000011
0000000001000000111000000010101001100101001
0000000001000000111001010000010011001010001
0000000001000000111010000010011100001100001
0000000001000001000000110100000101110110001
0000000001000001000001110000000110010101101
0000000001000001000010010001010110000111001
0000000001000001000011010110010000101000011
0000000001000001000100001000110000101100111
0000000001000001000100001001000111000011011
0000000001000001000100110010000110000101101
0000000001000001000100111101000000101000011
0000000001000001000101001101100010000001011
0000000001000001000110100100100011010000101
0000000001000001000110101101100000100000011
0000000001000001001000001101000110001011001
0000000001000001001011001110100001000010001
0000000001000001001100000000011010101100011
0000000001000001001100100001000110100101001
0000000001000001001100100100000111000101001
0000000001000001001101010001100000100001011
0000000001000001001110100101000001000100011
0000000001000001001111001001000001000000111
0000000001000001010001011000100010011100001
0000000001000001010010000110010001000101101
0000000001000001010011101000011000001001001
0000000001000001010100001001100010001001011
0000000001000001100000001000010101000011111
0000000001000001100000100001001001101001101
0000000001000001100001010001101001010001001
0000000001000001100010001010100000011011001
0000000001000001100111010000010100100010001
0000000001000001101100010001101000001000011
0000000001000001110100001001011000001010001
0000000001000001111001000010010100001000101
0000000001000010000000110001000101101011001
0000000001000010000001101000001000110011011
0000000001000010000001101000001001110011001
0000000001000010000010100100100010110100011
0000000001000010000011100001000001101110001
0000000001000010000100010001001100001011101
0000000001000010000110010111100000010010001
0000000001000010000111010000010000110011001
0000000001000010001000000101110000110101001
0000000001000010001001000111000001001001011
0000000001000010001101000101100101000000011
0000000001000010010000010100011000001011101
0000000001000010010000110100011000001010101
0000000001000010010001000001001011100010011
0000000001000010010001000010010111010000011
0000000001000010010001011100001010000010011
0000000001000010010001100010100010010000111
0000000001000010010011010010001010000100101
0000000001000010010100000110100010001001101
0000000001000010010100110010101000000000111
0000000001000010010100110100010100000010011
0000000001000010010101000100110000001011001
0000000001000010010110000001100101010000101
0000000001000010010110001000101000001100011
0000000001000010011000001000011110000010101
0000000001000010011100001011001000000010101
0000000001000010011100010110000000010101001
0000000001000010100000110111100000100010001
0000000001000010100001001000101010000011011
0000000001000010100011010010110000000011001
0000000001000010100100110100011000000001011
0000000001000010100110000010100001000100111
0000000001000010101000010010011110000010001
0000000001000010101110000010001001100001001
0000000001000010110001000110010000001001101
0000000001000010110001100000101010001001001
0000000001000010110101000100001101000001001
0000000001000010110101010000011001000000011
0000000001000010110101100000101000100000011
0000000001000010110110100010010001000000011
0000000001000010111000010010000100010001011
0000000001000010111001010000010010001000101
0000000001000011000000000101001000110011011
0000000001000011000000101001001010110000011
0000000001000011000000110001000100100100111
0000000001000011000010111000000000111001001
0000000001000011000111010100000010000001101
0000000001000011001000100000011010001001011
0000000001000011001000110100011000000001101
0000000001000011001001000110000001101010001
0000000001000011001001001010010000000011101
0000000001000011010000000011010101000100011
0000000001000011010000000101010000101011001
0000000001000011011010000001010010001000101
0000000001000011011100100000010001010000011
0000000001000011110000010001100100000100101
0000000001000011111000100001010010000010001
0000000001000100000000010111001001101000011
0000000001000100000001010000101001101011001
0000000001000100000010010111000101001000101
0000000001000100000010011010010110010010001
0000000001000100000010100101000110001001101
0000000001000100000011000001000001101101011
0000000001000100000011100101000100001001101
0000000001000100000100000101001110000011101
0000000001000100000100101010010000110010011
0000000001000100000101001000111000010110001
0000000001000100000101110000010100001100101
0000000001000100000110100010000001101010011
0000000001000100001000101000001001010010111
0000000001000100001001010001110000001001101
0000000001000100001001111000000101000011001
0000000001000100001010000011010001100001011
0000000001000100001111010011000000001010001
0000000001000100010000101000011000001011011
0000000001000100010000101100011101000001001
0000000001000100010000110100100000110101001
0000000001000100010010000111000101000100101
0000000001000100010010110000101000011001001
0000000001000100010011100100000010101000101
0000000001000100010111100010000000001010011
0000000001000100011001101000001001010000101
0000000001000100100000000011110001001110001
0000000001000100100000100001010101100010011
0000000001000100100001010110000010100000111
0000000001000100100010100000100110000111001
0000000001000100100100000010101110100001001
0000000001000100100100110101000000011000101
0000000001000100100110000000001101001001011
0000000001000100100110000100001101000001011
0000000001000100100110100000001100001001011
0000000001000100100110100100001100000001011
0000000001000100100110100100101100000000011
0000000001000100100110100101000100000001011
0000000001000100101000000000110110110000101
0000000001000100101000111000100100000001101
0000000001000100101010001001000001100001011
0000000001000100110000000010011010010100011
0000000001000100110001011000001100000101001
0000000001000100110101000110100010000001001
0000000001000101000000001010001001110011001
0000000001000101000000100011000000111100011
0000000001000101000000100100111101000000011
0000000001000101000001000100100001110100011
0000000001000101000010000000011011100100101
0000000001000101000010000001100001001011011
0000000001000101000011001001000010000100111
0000000001000101000100101000001100001011001
0000000001000101000101001010000000110110001
0000000001000101001000100000101101000000111
0000000001000101001000110000010000010100111
0000000001000101001000111000001000100011001
0000000001000101001101011000000100000011001
0000000001000101010000001100011000101001001
0000000001000101011000000100001110001001001
0000000001000101011000100000101001000001101
0000000001000101011011000001001000100000011
0000000001000101100010000100100101000001101
0000000001000101100100101010000000110000101
0000000001000101100101101000100001000000011
0000000001000110000000110100001100001100101
0000000001000110000001000001010111000010011
0000000001000110000010100010011010000110001
0000000001000110000011000000011010010001101
0000000001000110000101100000011010000011001
0000000001000110010000000101001111000000101
0000000001000110010110000001101000010001001
0000000001000110100001000001010011000010011
0000000001000110100001110001000001000101001
0000000001000110100100110000001000010001011
0000000001000110101000110000101100000000011
0000000001000111000000101000100010010100101
0000000001000111000001110100000000101001001
0000000001000111000010101000000110001001001
0000000001000111000110010001000010000001011
0000000001000111001000110100010000010000101
0000000001000111010000000100101001010001001
0000000001000111010011010001000010000000101
0000000001001000000010010001000011000101111
0000000001001000000010010001010110000111001
0000000001001000000100001100010001101000111
0000000001001000000100011010001010011000011
0000000001001000000101000101001000011000111
0000000001001000000110101001100000001000111
0000000001001000001000001100110110100000101
0000000001001000001000100000110001110100101
0000000001001000001000110000011000100111001
0000000001001000001010000000110001011010011
0000000001001000001010001001110000110001001
0000000001001000001100101011001000010000011
0000000001001000001101010011000000100000111
0000000001001000010000001000110100100011101
0000000001001000010001000100001110000110011
0000000001001000010001010110001000100000111
0000000001001000010010000000010000111011101
0000000001001000010010001010001001010000111
0000000001001000010010001010100100010000111
0000000001001000010110001110101000000000101
0000000001001000011000000001010001100010111
0000000001001000011000000010100001010011101
0000000001001000100001100010010100001001011
0000000001001000100001100101100001000001011
0000000001001000100010001000001001010001111
0000000001001000100010101011000001001000011
0000000001001000101000011010001100000001011
0000000001001000101010110001100000000101001
0000000001001000101101100001001000001001001
0000000001001000110100000110010100000100101
0000000001001001000001001001000111000010101
0000000001001001000100100000100110010010011
0000000001001001000110000001110000101000101
0000000001001001000110011100000100000010101
0000000001001001011000101010001100000000011
0000000001001001101011001001000000100000011
0000000001001001110001000010001011000000101
0000000001001010000010000000110010011100011
0000000001001010000010000011001011000011001
0000000001001010000010010000000011000101111
0000000001001010001100110100100000100000101
0000000001001010001110000100100000001100101
0000000001001010010000000101010001001000111
0000000001001010010001000001000011100010011
0000000001001010010001000101000011000010011
0000000001001010010001000101010001000000111
0000000001001010010001000101010011000000011
0000000001001010010011010100000001010000011
0000000001001010100011100010001001000000011
0000000001001010100110010000110000010000011
0000000001001010110010000010001000010000111
0000000001001011000000100011000101010000011
0000000001001011000101000000010001000001111
0000000001001011000101010000011000000010011
0000000001001100000000010100001110001001101
0000000001001100000010001000001001010011101
0000000001001100000100001001000101001001011
0000000001001100000111010000100000100100101
0000000001001100001000100000111001001000101
0000000001001100010100000010101000100100101
0000000001001100010100001010001001001000011
0000000001001100100001101000011000001000101
0000000001001100100101010100000000100001101
0000000001001100110000000110000100101000101
0000000001001101000011000001010100010000101
0000000001001101001011001001000000100000011
0000000001001101011000101000001100000000011
0000000001001101110001000100100000010000011
0000000001001110000011010100000000100001101
0000000001001110010001000101010001000000101
0000000001001110100010101000000010001000011
0000000001010000000011000010110001001001101
0000000001010000001000001011001100110000101
0000000001010000001011000110000100001001101
0000000001010000001100100110000010000100111
0000000001010000010000101000000101101100011
0000000001010000010000101010000100110010011
0000000001010000010010001100001100010010101
0000000001010000010100100010000010011000111
0000000001010000100000011001000011000011011
0000000001010000110001010100000100100100011
0000000001010000110011001001000001000000111
0000000001010000111000100101000100000001011
0000000001010001000000001000011100001011011
0000000001010001000110000001100000101001011
0000000001010010000100010001110100010000011
0000000001010010001000010100010001011000011
0000000001010010001001010001000100010100011
0000000001010010010000000011000101010000111
0000000001010010011000000101000100100001011
0000000001010010110000010000010001100010011
0000000001010011000011100000000100010001101
0000000001010100000001000000010010011110011
0000000001010100000111100000001000001010011
0000000001010100011010000110000100000010011
0000000001010111001000010000010100010000011
0000000001011000000001000001010100011010011
0000000001011000000011000000010100011010011
0000000001011000001101001010000010000100011
0000000001011000010010000110001010100000011
0000000001011000010010001010000101000100011
0000000001011000100100101000000001000011101
0000000001011001010010100001010000000010011
0000000001011010100011000001000010000000111
0000000001011100010100000010001001001000011
0000000001100000000100010001000010111001011
0000000001100000001000000010101000100111011
0000000001100000001000001001000010101100111
0000000001100000001010001001001101001000011
0000000001100000010001010010001000011010011
0000000001100000010100100000000100011101011
0000000001100000100000101000000011010110011
0000000001100001000100000001000101010010111
0000000001100001000100000001010000101100111
0000000001100001000100001000000010110010111
0000000001100001001011001000000101000010011
0000000001100001001100101010000000100001011
0000000001100010000000100000011110001001011
0000000001100010000000100100000110100011011
0000000001100010010000001000000101000101111
0000000001100010100010000100000110001100011
0000000001100011001000100101000100000001011
0000000001100011101000100001000100000001011
0000000001100100010001000010100000011010011
0000000001101000101011000000100000000100111
0000000010000000010000001110100110000101011
0000000010000000010000100010000111101011001
0000000010000000010001000011001011100100101
0000000010000000010001101000100001101001011
0000000010000000010010000110100011001010101
0000000010000000010010011100001000101100101
0000000010000000010011000110000100101010011
0000000010000000010100010000100101110010011
0000000010000000010100011110000100100010011
0000000010000000010110110100010001001000011
0000000010000000011001010100100001100001011
0000000010000000100000101001111001000100101
0000000010000000100000110000011011100101001
0000000010000000100001011001101000001000111
0000000010000000100010011000010100001101011
0000000010000000100010011110010000001101001
0000000010000000100010101000001001011100101
0000000010000000100010111000000100101100011
0000000010000000100010111000011000010001101
0000000010000000100011101001100100000100101
0000000010000000100011110010001010000101001
0000000010000000100011110100100010001000011
0000000010000000100100011000111110100000001
0000000010000000100101110010000101000011001
0000000010000000100111100001000010101010001
0000000010000000100111100001000100110100001
0000000010000000101000110010100000011001101
0000000010000000110001001010001000001110011
0000000010000000110010001101001000001100101
0000000010000000110010001111001000000100101
0000000010000000110010101100011000001000101
0000000010000000110100110000001001010010101
0000000010000000110110100010001010110000001
0000000010000000111000100000010010101001101
0000000010000000111000101000011001100100001
0000000010000000111000110001001001000001101
0000000010000000111001101001010000001010001
0000000010000000111100001000010011010001001
0000000010000001000001100010010010010101011
0000000010000001000011010001000010010010111
0000000010000001000011101000001010010010011
0000000010000001000100000010100010100101111
0000000010000001000101100000000100101001111
0000000010000001000110100001000111010100001
0000000010000001001000001010001100000111011
0000000010000001001000110110000100001101001
0000000010000001001100000110100000100110101
0000000010000001001100001001010001000001111
0000000010000001001100010000110101011000001
0000000010000001001110000101000011001010001
0000000010000001010000001011000100101110001
0000000010000001010000010001100010010110101
0000000010000001010010010100000000110011101
0000000010000001010010010101000100001010011
0000000010000001010101001000010010011000011
0000000010000001011000010001001100010100101
0000000010000001011001000000011010010100011
0000000010000001011100000010011010100100001
0000000010000001100000011100100000101100011
0000000010000001100000100001011100010001101
0000000010000001100010010110010100000011001
0000000010000001100011000000011001010001101
0000000010000001100100000100000010100111101
0000000010000001100100001010000001001011101
0000000010000001100101001011100000001010001
0000000010000001100110100010001010110000001
0000000010000001101000101010000000011101001
0000000010000001110000010001100010010110001
0000000010000001110001101010100000001001001
0000000010000001110010000001010111000100001
0000000010000001110010100001100100100010001
0000000010000001110011010000100110000010001
0000000010000001111010010000110001000001001
0000000010000010000010100000011000100110111
0000000010000010000011000000010011010101101
0000000010000010000011000000101101001110001
0000000010000010000011011000100010100001101
0000000010000010000100000100011010000111011
0000000010000010000100100010000001001011111
0000000010000010000101001110100011000000011
0000000010000010000110001001000101001010011
0000000010000010001000000101000100101011011
0000000010000010001000011100101100000011001
0000000010000010001000110100111000000001011
0000000010000010001001000111010010000100011
0000000010000010001001011100010010000100011
0000000010000010001001111000100100000001101
0000000010000010001010111000000110001001001
0000000010000010001100001001110100011000001
0000000010000010001110001010000001100100101
0000000010000010010000100001101000100011011
0000000010000010010100010100011110000001001
0000000010000010011000100101010000010000111
0000000010000010011010111100000000100010001
0000000010000010100000001010110001001100101
0000000010000010100001001000100000100111101
0000000010000010100001001000100111000011001
0000000010000010100001011001100000100101001
0000000010000010100001011010100010000110001
0000000010000010100011000001000010000110111
0000000010000010100100110100011000000001011
0000000010000010101000000100011011001010001
0000000010000010101000010000011100100100011
0000000010000010101000110000010010110001001
0000000010000010101000110100011000000001011
0000000010000010111100100100010000010100001
0000000010000011000000010011010000101100101
0000000010000011000001010100100001000111001
0000000010000011000010000000101001000111101
0000000010000011000010000001101101000110001
0000000010000011000010000010010101100010011
0000000010000011010000101101100000001000101
0000000010000011010011000001010110000100001
0000000010000011010100001100001010000011001
0000000010000011011000100010110000100001001
0000000010000011011011100000000101000100001
0000000010000011100000001001010010001011001
0000000010000011100000001001110001010001001
0000000010000011100111001000000100100010001
0000000010000011110000001010000001001110001
0000000010000011110001000101001100000001001
0000000010000100000010000011001010001101101
0000000010000100000010101011101010000001001
0000000010000100000010101011101010000100001
0000000010000100000010110000000100110110101
0000000010000100000100100110000100100010111
0000000010000100000100110000001100010110101
0000000010000100000110000100100010011010101
0000000010000100001000000101010111010100001
0000000010000100001000100011001010100110001
0000000010000100001000100011101000100110001
0000000010000100001000101011101000100000011
0000000010000100001000110010001010100110001
0000000010000100001000110010101000100010011
0000000010000100001000110010101000100110001
0000000010000100001000110010101001100010001
0000000010000100001001010100000010101110001
0000000010000100001101010100000010101100001
0000000010000100010001000000110000101101101
0000000010000100010001001101001110000000101
0000000010000100010010010000111000001100101
0000000010000100010010101100100000001010011
0000000010000100010011000100000101101000011
0000000010000100010110000011000010001100101
0000000010000100011000000101001000101100101
0000000010000100011000010010101000100110001
0000000010000100011000010110100001100010001
0000000010000100011001000101010011000100001
0000000010000100011001010000101001100010001
0000000010000100011001010100000010100110001
0000000010000100011001010100010001001100001
0000000010000100011001010100100001100010001
0000000010000100100001111010000010000011001
0000000010000100100001111010100000010001001
0000000010000100100010100011000001000011011
0000000010000100100100101000010000011001101
0000000010000100100100101100010000010001101
0000000010000100101000111010001000000101001
0000000010000100101001000001110001010001001
0000000010000100110000001010001110001001001
0000000010000100110000010000101000011001011
0000000010000100110000010100010001000110101
0000000010000100110100001010000001011001001
0000000010000100110110000010100010100001001
0000000010000100111000010100100001100010001
0000000010000101000000001011100010011001001
0000000010000101000000100010100100100110011
0000000010000101000001000100100011101100001
0000000010000101000001100110000001001001011
0000000010000101001000010010001000001011101
0000000010000101001100100010100000100000111
0000000010000101001101001001100000001001001
0000000010000101001110010010000110000000101
0000000010000101010010100010010001010000101
0000000010000101010100010000110100001000011
0000000010000101100001000010101000001001101
0000000010000101100010010000110000100010101
0000000010000101100010010100010100000011001
0000000010000101100100001010000001001001101
0000000010000101110000000100001110010010001
0000000010000101110100001010000001001001001
0000000010000110000000100100000100011011011
0000000010000110000001000000110000100011111
0000000010000110000010110100000001010011001
0000000010000110000101100100010010000100101
0000000010000110000111010010001000000010101
0000000010000110001001101000000100101010001
0000000010000110001001101000000101100010001
0000000010000110001101001010001000000010011
0000000010000110010000001010000001111100001
0000000010000110011000010010101000100000011
0000000010000110100000100010010011000101001
0000000010000110100111001000000001010001001
0000000010000111000000001010000000110011011
0000000010000111000010010100000100010011001
0000000010000111010000010001011000100000101
0000000010000111011010000010100000100010001
0000000010000111100000010010010000110010001
0000000010000111101001000001010000000010011
0000000010001000000011010000100101000111001
0000000010001000000011011101001000010000011
0000000010001000000011100000100101001011001
0000000010001000000011110010100001000001101
0000000010001000000110010010010000011100101
0000000010001000000111000010010000001110011
0000000010001000001000011000001001110110001
0000000010001000001000011000001011110010001
0000000010001000001000110110110000100000011
0000000010001000001001110000001010000110101
0000000010001000001011011010000001000000111
0000000010001000001100000010110100101000101
0000000010001000001101101000010000001011001
0000000010001000001110000000100011001100101
0000000010001000001110100001000000101011001
0000000010001000001110101001010000010010001
0000000010001000010000101000001100100101011
0000000010001000010001100101000010100110001
0000000010001000010001100101010010000110001
0000000010001000010010000010011000101100101
0000000010001000010110000111010000001000101
0000000010001000011000000011001010010110001
0000000010001000011000010100101110000001001
0000000010001000100000001100011010010010101
0000000010001000100001000001100000101101011
0000000010001000100100001100011000010010101
0000000010001000100101000011000001010010011
0000000010001000100101101100001000010000101
0000000010001000110000100101010010000110001
0000000010001000110000101101000010000110001
0000000010001000111011000001100000100001001
0000000010001001000000100000101011001001011
0000000010001001000010000100001100100011101
0000000010001001000111010100000100000100101
0000000010001001001010011000011000000010101
0000000010001001010010011100001100000000101
0000000010001001010010100011100010000000011
0000000010001001010100010000001100001001011
0000000010001010000001000010000101100100111
0000000010001010001000000110100001100100101
0000000010001011000100000000101010001101001
0000000010001011100110000000011000000101001
0000000010001100000010010110101010000000011
0000000010001100000010100000110011000001101
0000000010001100001000000100010101001001011
0000000010001100001000000100010101101000011
0000000010001100001000000101010011000100101
0000000010001100001000001100010111000001001
0000000010001100001001001110000001001000101
0000000010001100001001010100000010100110001
0000000010001100001101000100110000000101001
0000000010001100010000010110000100100010011
0000000010001100100000001000010101011000011
0000000010001100100100001100010000010010101
0000000010001100101010100001000001000001101
0000000010001101100000100011000001000101001
0000000010001110001000000101010010000100101
0000000010001110010010000100101010000000011
0000000010001110100010011000000001100001001
0000000010001110101101000100000001000000011
0000000010001111000000101000010101000001001
0000000010010000000100000110001010111001001
0000000010010000000100011000000001101010111
0000000010010000000101000001001000111100011
0000000010010000001000001011100110000101001
0000000010010000001000010000100010101001111
0000000010010000001010100001000011100100101
0000000010010000001100000100001000101011011
0000000010010000010000001001010110001100101
0000000010010000010001101010010000100000111
0000000010010000010100011001100001000000111
0000000010010000011000001000100010110101001
0000000010010000011000001010001000100101101
0000000010010000100001000001001000111010011
0000000010010000110000011010110010000000101
0000000010010000110001100001010001000100101
0000000010010001000000010010111100000100011
0000000010010001000000101011001010010000011
0000000010010001000001100000010010100111001
0000000010010001011000110000010010000010101
0000000010010001100000100001010110001000101
0000000010010001110000110001010010000000101
0000000010010010000000111010001000110000101
0000000010010010000010101001100011000000101
0000000010010010000100000111000110010000101
0000000010010010001000101000000001100011101
0000000010010011001000001100010100000101001
0000000010010011100101000000011000000001011
0000000010010100001000101011001000100000011
0000000010010100001001000110000101000100101
0000000010010100001100110010000001000001011
0000000010010100011100001001000000010001011
0000000010010100100100000100011010001000011
0000000010010100100110000011000010001000101
0000000010010101100001010100000010001000011
0000000010010101100010001010000000110000011
0000000010010110100001100000110000000010101
0000000010011000000001100001101001000010101
0000000010011000001000000100000101001011011
0000000010011000010100111100000010000000101
0000000010011001011000000100001100100000101
0000000010011001011100010000100000100000011
0000000010011010011000100001100000010000101
0000000010011011000011000000100100001000101
0000000010011100001100100001001000100000101
0000000010011101000100001000000010001000111
0000000010011110000010001000010000010100011
0000000010011110100000101000100000010000011
0000000010100000000110010001000000110100111
0000000010100000001000010010001000011110101
0000000010100000001001000000010011111000011
0000000010100000001001010110010010000100011
0000000010100000001001011100000011010000011
0000000010100000001001100000100001110100101
0000000010100000001010000100010001101001101
0000000010100000001010000111100110000000011
0000000010100000001100000010001011001100101
0000000010100000001110011100000100000010011
0000000010100000010010000010001000110100111
0000000010100000010010011100101000000100011
0000000010100000011000110110001000001000101
0000000010100000011100111000001000100000101
0000000010100000100000100010000100110101011
0000000010100000100000110000000011100110101
0000000010100000100100001000000110011010011
0000000010100001000001000010100100100110011
0000000010100001000110111000100000100000011
0000000010100001001000001000000110001011101
0000000010100001001000100001000000011100111
0000000010100001001001000010100100000110011
0000000010100001001011011000001000100000011
0000000010100010000000100001000110110000111
0000000010100010001000000010101001100001101
0000000010100010001000011000000100100101011
0000000010100010010000101000001000110010011
0000000010100010100000010000011100100100011
0000000010100010100000010101101000000010011
0000000010100010110011000010000100100000011
0000000010100011000000100000101010001001011
0000000010100011010000100010001000001001011
0000000010100011011001000001000000010000111
0000000010100100000001010000001100011001101
0000000010100100000010000001100010001110101
0000000010100100001000010100000010001110101
0000000010100100010000010000011001000101101
0000000010100100100000100010010100110000011
0000000010100100100010000001000010001010111
0000000010100100100010000001100000001110101
0000000010100100100011010001010000001000011
0000000010100100100110000000100010100001011
0000000010100100111000001010001000000100011
0000000010100101111000001000001000000100011
0000000010101000000110001001000010010010011
0000000010101000011001001000100000100001011
0000000010101000011001001001010001000000011
0000000010101000110000000100001000010011011
0000000010101001000000011000000010100011011
0000000010101001000010000100000100100011101
0000000010101011000001100000001000100001101
0000000010101100001000000101000010000110101
0000000010110001000001000010100100100100011
0000000010110001000100000010010010100000111
0000000010110001001001000010100100000100011
0000000010110001010010000010001000100000111
0000000010110010001000000010000110000101011
0000000010110100000100001001000110000010011
0000000010110101001100000001010000001000011
0000000010111010010001000010000000101000011
0000000011000000100000010010000100010101111
0000000011000000100000010010010000010101111
0000000011000000100010010010100010000101011
0000000011000000101001000000100000011101011
0000000011000001000001000010000000110101111
0000000011000010000100000001000100011011011
0000000011000100000001001000001010000111011
0000000011000100000010010000010100010001111
0000000011000100000101001000000110010000111
0000000011000100010010000000100000110100111
0000000011000100010010000010000000101001111
0000000011000100010010010100010000001010011
0000000011000101011001000010000000100000111
0000000011001001000000101000010001000010111
0000000011001001000001000000010100100100111
0000000011001001000001000000010100101000111
0000000011010000110000000100010010001000111
0000000011010001010000101000001000000100111
0000000100000001000001010011011001000100101
0000000100000001000001100000100101001010111
0000000100000001000010011001010000100010111
0000000100000001000011000000010001011011101
0000000100000001000011000101001010001001101
0000000100000001000011100010000011001010011
0000000100000001000100000110001001000101111
0000000100000001000100001100010100000111101
0000000100000001000100100101000100001010111
0000000100000001000101101011100010000000101
0000000100000001000110110000001010001101001
0000000100000001000111100000001010001101001
0000000100000001001001100101000100000111001
0000000100000001001110000100001001101000101
0000000100000001010101000010010000110001011
0000000100000001011110000001000100011000011
0000000100000010000001000011000101011101001
0000000100000010000001000111100000010001111
0000000100000010000001010001000011110110001
0000000100000010000001010100110000100010111
0000000100000010000100011100010001001001011
0000000100000010000100101001100100000110101
0000000100000010000111001000101001100001001
0000000100000010000111110100100010000010001
0000000100000010001000101001001100001001011
0000000100000010001001011100010000110010001
0000000100000010001011100000001100001100101
0000000100000010001110001000001001010010011
0000000100000010010000010001010100001001111
0000000100000010010000101001111001000010001
0000000100000010010000101010000100111100001
0000000100000010010000101010001001001110001
0000000100000010010000110001010000001001111
0000000100000010010001000110001110110000001
0000000100000010010100001100000001011100011
0000000100000010010101010001000111000001001
0000000100000010010110000001000101011100001
0000000100000010010110000001110001100010001
0000000100000010010111000100000011101000001
0000000100000010011000010100011001000101001
0000000100000010011100001001000001101010001
0000000100000010011110001010010001000000101
0000000100000010100000100000110111001000011
0000000100000010100000100011101010010001001
0000000100000010100011001000001011011000001
0000000100000010100110001100001001010000011
0000000100000010110001010100000100110100001
0000000100000010111000001110001000000100101
0000000100000011000001000101101011000010001
0000000100000011000001001011000001010100101
0000000100000011000100010100001010001011001
0000000100000011000100010100101000001011001
0000000100000011000100100000110111000010001
0000000100000011000101001100010100000100101
0000000100000011001000000011100011000101001
0000000100000011001000011001000010010110001
0000000100000011001100010001001100110000001
0000000100000011001110001010010001000000101
0000000100000011010001000000010111000110001
0000000100000011100010000100100100100010101
0000000100000011100010100001100100000010011
0000000100000100000001000010011000011110101
0000000100000100000010000010001010100110111
0000000100000100000010010100000101110100011
0000000100000100000011000011001000010111001
0000000100000100000011001000001000101101011
0000000100000100000011010001001011100010001
0000000100000100000011100100000101001100101
0000000100000100000100000010001011000110111
0000000100000100000100000110010101110001001
0000000100000100000110010000000101100110101
0000000100000100000110111010000100001000011
0000000100000100000111100100000100010010101
0000000100000100001000001011001010100001011
0000000100000100001000010100000010111011001
0000000100000100001000010111001100000001011
0000000100000100001000101001111000000110001
0000000100000100001010110000001100011010001
0000000100000100001011100100001000001100101
0000000100000100001011101000001100010000101
0000000100000100001100000001010110111000001
0000000100000100001100000100011101100000101
0000000100000100001100010101000010000011101
0000000100000100001100110000010101011000001
0000000100000100010000010011101001010100001
0000000100000100010010110000001000111001001
0000000100000100010011100100101000000100011
0000000100000100010101111000000100100100001
0000000100000100011000110011000010001100001
0000000100000100011010000110001010000001011
0000000100000100011100100100100100000010011
0000000100000100100000010101010000101100011
0000000100000100100000110011100100000010101
0000000100000100100000110100010000101100101
0000000100000100100001000010001010001111001
0000000100000100100001110000110000001010101
0000000100000100100010110001000010100110001
0000000100000100110000100001001001000101101
0000000100000100110000100010001100000110101
0000000100000100111010010001100000001000101
0000000100000101000000010001101010000111001
0000000100000101000000010010010001010100111
0000000100000101000010000001101101000110001
0000000100000101000100000110000001001010111
0000000100000101000101110100001010000100001
0000000100000101000110000110100000011010001
0000000100000101001011100001000100000110001
0000000100000101100000001010000100011010011
0000000100000101100100001010010100000011001
0000000100000101100110000010010100001000011
0000000100000101101000000100100100011000101
0000000100000101101010010000011001000010001
0000000100000110000001001100100010010011001
0000000100000110000010110001000010101001001
0000000100000110000011000100000010110001011
0000000100000110000100000100110001000101101
0000000100000110000101001010011001000001001
0000000100000110001110010000000110100000101
0000000100000110010000101000110000000110101
0000000100000110010100001001100001000010101
0000000100000110011000011100001000000101001
0000000100000110100000011000000111000001011
0000000100000110100010110001000000100110001
0000000100000110111010000000101001000000011
0000000100000111001011000000101000000010011
0000000100000111010010000001001010000010011
0000000100000111010100000100010010001000011
0000000100001000000100001010001010001001111
0000000100001000000101000001100100000111101
0000000100001000000111110010000010000100101
0000000100001000001000010100000100010011111
0000000100001000001000100000110000101101011
0000000100001000001001000100000101101010011
0000000100001000001001000100001100100011101
0000000100001000001001001000000100111001011
0000000100001000001010001000000101111000011
0000000100001000001010110001000010001001101
0000000100001000001011101100000010001000011
0000000100001000001101101010000011000001001
0000000100001000001110100011010000001010001
0000000100001000010000010010010001011110001
0000000100001000010001001000000010101001111
0000000100001000010010001010000011011010001
0000000100001000011000001000000111101000101
0000000100001000100000001010010000011100111
0000000100001000100001010000100000110010111
0000000100001000100001010001000001111100001
0000000100001000100100010101100000001110001
0000000100001000100101011001000001100000101
0000000100001000100110110010000010000100101
0000000100001000110000101000100000001101101
0000000100001000110001000000101101001000101
0000000100001000110100110010000000101100001
0000000100001001000000100100000101011100011
0000000100001001000001000101011110000001001
0000000100001001000001011100100000011000101
0000000100001001000011101100000100010010001
0000000100001001000100000010000111010100011
0000000100001001000100000101000100001010111
0000000100001001000100000111000100000010111
0000000100001001001000111100000001001010001
0000000100001001010000001000011110010001001
0000000100001001010000010110100000101001001
0000000100001001010000110010100001100010001
0000000100001001010100000010011000010001011
0000000100001001100000011100010010000010101
0000000100001001110101100000001000100000011
0000000100001010000000101001000101101010001
0000000100001010000010001000101000010011011
0000000100001010000011101100000010001000011
0000000100001010001001111000010000001000011
0000000100001010100000110110001000001010001
0000000100001010110000100010100000110001001
0000000100001011001000111000010000001010001
0000000100001011011000100000011001000010001
0000000100001011011000101000010000001000011
0000000100001100000010000010011100010010101
0000000100001100000100001000010110010001011
0000000100001100000100001001110100001000101
0000000100001100000100110100001010100000011
0000000100001100001001110000010001001010001
0000000100001100001010100000010010110010001
0000000100001100011100100100000101000010001
0000000100001100100000011010100000010001011
0000000100001101101100010000101000000010001
0000000100001110000000100010100001010011001
0000000100010000000100010000000101010111011
0000000100010000000101001000100000110001111
0000000100010000000101011000100000111000011
0000000100010000001000001010010011101000011
0000000100010000001001011000100001100001011
0000000100010000001001111010000110000010001
0000000100010000001011000100001001011000011
0000000100010000001011010000000101000111001
0000000100010000001100101000000111000100101
0000000100010000001110010000010001001011001
0000000100010000001110100100000010011000011
0000000100010000001111100001000100000100101
0000000100010000010000001001110101001001001
0000000100010000010000001010110000110110001
0000000100010000010001001011100100000001101
0000000100010000010001101001100001000000111
0000000100010000010010000000110000011101101
0000000100010000010010100001000000101110011
0000000100010000010011000010010001010100101
0000000100010000010100000010111000011001001
0000000100010000010100111000100001000001101
0000000100010000011000001001010000000111011
0000000100010000011010000010000010110110001
0000000100010000011010000010000110010110001
0000000100010000011110100100000010001000011
0000000100010000100000101000100110000110101
0000000100010000100000110001000011011000101
0000000100010000100010011110000100100000011
0000000100010000100100000110000010010101101
0000000100010000100100110000010000001010111
0000000100010000101001000000111000110001001
0000000100010000101101100100010000100000101
0000000100010000110000101101000100000010011
0000000100010000110010001101000110000000101
0000000100010000111000011000100100000001011
0000000100010001000000011000100100100101011
0000000100010001000001000001000010010101111
0000000100010001001000011000100000100101011
0000000100010001001000011010100000100100011
0000000100010001001001011000100000100001011
0000000100010001001010010100010000010000111
0000000100010001100001010010000100101000011
0000000100010001100001010010100100100000011
0000000100010010010000011000110100000101001
0000000100010010010001000000011000010100111
0000000100010010100000010001110101000001001
0000000100010011010101001000001000010000011
0000000100010100000001010100101100100000011
0000000100010100000001011001011000100000011
0000000100010100000001100000100110100110001
0000000100010100001001000000010100010010111
0000000100010100001001011100100000100000011
0000000100010100001110001001010000001001001
0000000100010100100011000001011100000001001
0000000100010100111100010000100000100000011
0000000100010110000010000001000010000110111
0000000100010110001000000100100000100011011
0000000100010110001100001001000101000000101
0000000100010110010001010000101001000000011
0000000100010110100011000010001010000001001
0000000100011000000010100110101010000001001
0000000100011000001001010010001000011000101
0000000100011000001010000100010001010011001
0000000100011000011000000010101001000100101
0000000100011000100000100100100000011110001
0000000100011000111000001001000000010010101
0000000100011001001100000100001010100001001
0000000100011001010101000010000010000001011
0000000100011001110001000010010000010001001
0000000100011011000100000100010100100000101
0000000100011011011000010000100000010000101
0000000100011100000010000001101010001001001
0000000100011100001001000000010100000010111
0000000100011100100000101001000010100000011
0000000100011101000100001000000100010000111
0000000100100000010000010100001100110001101
0000000100100000010001011000010001000011101
0000000100100000010001100001110000001100101
0000000100100000010001100101000000100010111
0000000100100000010001101100000100001100101
0000000100100000010010000100000111001100101
0000000100100000011100010100100001000100101
0000000100100000100000010001101110000100101
0000000100100000100000110000000101001010111
0000000100100000100001000010110101010000011
0000000100100000100100011000001000100110101
0000000100100000100101011001000100000100011
0000000100100000100111000101100000010000101
0000000100100000110000010001000010011101001
0000000100100000110001000100100010100001011
0000000100100001000011001011000101000000011
0000000100100001000100100000010100011001101
0000000100100001000100100000010100111000101
0000000100100001001010000110000000110010101
0000000100100001001010000110001000110000101
0000000100100001010000010000001011001100011
0000000100100001100001001010000101000100011
0000000100100001100011001010000101000000011
0000000100100010110100000100010100001000011
0000000100100011101000000010100010010000011
0000000100100100000001010000001100011010101
0000000100100100011000000101010001000011001
0000000100100101000000010100011000010011001
0000000100101000000011101110000001000000101
0000000100101000010000001011001010100000011
0000000100101000010001110100000100000010011
0000000100101000100001000000101100100010011
0000000100101000101000010010000001000110011
0000000100101000101010100001000000100100011
0000000100101001001000000111000000100010101
0000000100101010000011011000010000010000011
0000000100101110100010000010000101000000011
0000000100110000001000001000101000100101101
0000000100110000010000100000100010100100111
0000000100110000100111000001000000100010101
0000000100110001001000001000100000100101011
0000000100110001001000001010100000100100011
0000000100110011000001010100001000001000011
0000000100110100010010000100000100000100111
0000000100110101000001000000100101000000111
0000000100111000010001000001001000010010101
0000000100111000101100000100100000010000101
0000000101000000100000110001100110000001101
0000000101000000100001100011010000010010011
0000000101000000100010001100001001001000111
0000000101000000100100000100010001100001111
0000000101000000100100110010000100001100011
0000000101000000100110001100001001000000111
0000000101000000100110001100001101000000011
0000000101000000100110011000100000100100101
0000000101000010000010000001100110001100101
0000000101000010000011001001000001001000111
0000000101000010001000010000011011001000101
0000000101000010001001000001000110110000101
0000000101000010010000010000001000101011101
0000000101000010010101000101100000100000011
0000000101000010100010001100001001001000011
0000000101000011001010010000010001000000111
0000000101000011011000011000001000000100011
0000000101000011110010000001000100001000101
0000000101000100000010000010000011000110111
0000000101000100001001000010000010110010011
0000000101000100010001000000100001100101101
0000000101000100010010000010000010100101011
0000000101001000001000000100001000110010111
0000000101001010000010001000000110001010011
0000000101001100100001001000001000000100111
0000000101010000001000010000110000011001011
0000000101010001100001000000100100001001011
0000000101010001101001000010010000001000011
0000000101100000010001010000001000011010011
0000000101100000100101010000010000001100011
0000000101100001000110000100000010000011011
0000000101100100000010000001001101001000011
0000000101100101000110000010000001000010011
0000000101111000001000001001000100001000011
0000000101111001000000100001000000101000011
0000000110000001001001010010100000100010011
0000000110000010000010000010000001001110111
0000000110000100000100001000000110101010011
0000000110000101001000010010100000100010011
0000000110000101101000010000100000100010011
0000000110001000000100000010001010101001011
0000000110001000100001000100100001000110011
0000000110001010001000100100001000000100111
0000000110001011100100000010000010000010011
0000000110010001000001000010100101000001011
0000000110011000010100000100000100000010111
0000001000000100000010000001000000101111111
0000001000000100000010000001000001111111001
0000001000000100000010000001000011111110001
0000001000000100000010000001000100111101101
0000001000000100000010000001000101111101001
0000001000000100000010000001001010111010101
0000001000000100000010000011000010111110001
0000001000000100000010000011001010111010001
0000001000000100000010000100001011111010001
0000001000000100000010000110010100000101111
0000001000000100000010001001001101001011001
0000001000000100000010001001101001011001001
0000001000000100000010001010001001100011011
0000001000000100000010010100110100001000111
0000001000000100000010100110001100010001011
0000001000000100000100000100000111111100001
0000001000000100000100000111011100100000101
0000001000000100000100111101000000101000011
0000001000000100000100111101010000100000011
0000001000000100000110110101100100000010001
0000001000000100000111000100010100110100001
0000001000000100001000000100000111111100001
0000001000000100001000000100001010101110101
0000001000000100001000000100001010111010101
0000001000000100001000000101010111010100001
0000001000000100001000000101011101010100001
0000001000000100001000000110000100010101111
0000001000000100001000000110010100010001111
0000001000000100001000010110010100010000111
0000001000000100001000010111010100010000011
0000001000000100001000111010101000000101001
0000001000000100001001010000011000101011001
0000001000000100001100000100000100101101011
0000001000000100001100010000010110110010001
0000001000000100001110001000000100000011111
0000001000000100001110101000000100000011011
0000001000000100001111001000000100000010111
0000001000000100001111101000000100000010011
0000001000000100001111101000000100000100011
0000001000000100001111111000000100000010001
0000001000000100010000001000000100101111101
0000001000000100010000001001001101001011001
0000001000000100010000001001001101011001001
0000001000000100010000001001101001011001001
0000001000000100010000001101110000100100101
0000001000000100010000100001101000101110001
0000001000000100010001110000001001010001011
0000001000000100010100001001000001000111011
0000001000000100011000001000000100100111101
0000001000000100011000001010000010001001111
0000001000000100011000010111010000010000101
0000001000000100100001000000100111101000101
0000001000000100100001000100010100000111101
0000001000000100100001100001100010000010111
0000001000000100100010001001100001000011101
0000001000000100100011100100010100000101001
0000001000000100100100001000010101010000111
0000001000000100100100100001000100001011101
0000001000000100100110000100010110100000101
0000001000000100100110100001000100001011001
0000001000000100100110101000000100001011001
0000001000000100111000001000000100000111101
0000001000000101000001000100011100001001011
0000001000000101010000011000110000001001011
0000001000000101100100001000000101001001101
0000001000001000000100001011000001001100111
0000001000001000000101011000010100010001101
0000001000001000000101100100000100101100011
0000001000001000000101100101001000000101011
0000001000001000001000001000001000001111111
0000001000001000001000001000001111111000001
0000001000001000001000001010000001110111001
0000001000001000001000001011100010000101011
0000001000001000001000001111111000001000001
0000001000001000001001000010100100010110011
0000001000001000001001101110010001000001001
0000001000001000001010110001000011000010011
0000001000001000001100010001001000001101011
0000001000001000001111001000001000000100111
0000001000001000001111001000001000001000111
0000001000001000001111001000001000111000001
0000001000001000001111001000101000011000001
0000001000001000001111010000011000100001001
0000001000001000001111111000000100000100001
0000001000001000001111111000001000000100001
0000001000001000010000010001100000011101101
0000001000001000010001100100100000100001111
0000001000001000010001100101010100000010011
0000001000001000010010001000011000100001111
0000001000001000010011110001000000100001101
0000001000001000011011000010000100101010001
0000001000001000011011100000100010000101001
0000001000001000100000011000000101001111001
0000001000001000100001000100100100001101011
0000001000001000100001001000110100000111001
0000001000001000100010100101001000001110001
0000001000001000101000010100100000100011011
0000001000001000101000011010000001000111001
0000001000001000101001000000111000100110001
0000001000001000101001001010000001110100001
0000001000001000110000100000011101101000001
0000001000001000110010110000001010010010001
0000001000001001000111010100001000000100101
0000001000001001001010110000001011000100001
0000001000001001001111001000001000100000011
0000001000001001010110000100100010000001101
0000001000001001010110001000000110101000001
0000001000001001011110001000001000100000011
0000001000001001100000010001001000001101011
0000001000001001110010100000011100000010001
0000001000001010000001001000010101110100001
0000001000001010001000011010100110000001001
0000001000001010010000100101000011000100011
0000001000001011001010000010001100010000011
0000001000001011001110001000000100100000011
0000001000001011010110001000001000100000011
0000001000001011100010011000001000011000001
0000001000001011100100000101001001000100001
0000001000001011101100010000011000000100001
0000001000001100000101110000001000010001011
0000001000001100000110111000100010000100001
0000001000001100001000000111001000000100111
0000001000001100001000000111101000000100011
0000001000001100001010001001001000101000011
0000001000001100001010001001001000111000001
0000001000001100001010001001101000011000001
0000001000001100001011001000001000101000011
0000001000001100001011001000001000111000001
0000001000001100010001001010000010101100001
0000001000001101001001000010101100000010001
0000001000001101011000001000100000101000011
0000001000001101101001000010000101000001001
0000001000001101110101000001000010000001001
0000001000001110001000000101011000000100101
0000001000001110001000000101101000000100011
0000001000001110001000000101111000000100001
0000001000001110001000001001101000001000011
0000001000001110101000000101001000000100011
0000001000001110101000000101011000000100001
0000001000001110110000001001000001000100101
0000001000001110110001000101000001000001001
0000001000001111001000000100111000000100001
0000001000001111101000001000011000000100001
0000001000001111111000000100001000000100001
0000001000010000001000010000001010101110101
0000001000010000001000100000100111101000011
0000001000010000001001000100010000100111101
0000001000010000001001011001000001000010111
0000001000010000001001011101000001000010011
0000001000010000010001010010000011001000111
0000001000010000010100110110000110000001001
0000001000010000010101100100000100110001001
0000001000010000010110010011000000101001001
0000001000010000010110011010000001100010001
0000001000010000010110110000001010001100001
0000001000010000100000110100000110101010001
0000001000010000100010000001010000011011011
0000001000010000100010101000001110001001001
0000001000010000100100000101110101000010001
0000001000010000100100100100000011101000101
0000001000010000101001001001000000111010001
0000001000010001000000110000011000101001101
0000001000010001000011110010010000001000011
0000001000010001000011110100010000001000011
0000001000010001111010000010000110000001001
0000001000010010000011011100001000100000011
0000001000010010001000001010000010000110111
0000001000010010100101000010010100000101001
0000001000010100100000100000101000100011011
0000001000010101100000010010010000110010001
0000001000010110101000001100010001000001001
0000001000010111000000110010000010001100001
0000001000011000010010000001110010001000101
0000001000011000100000100010000001110100101
0000001000011001000011101000001000010010001
0000001000011001000101001100000010010000101
0000001000011011000010001000000100010001011
0000001000011011010010001000001000100000011
0000001000011100001010000011000001010000011
0000001000100000010001111001000001001000011
0000001000100000010100101011000010000010011
0000001000100000100000100001000001010110111
0000001000100000100001001000001010001101101
0000001000100000100010001101101001000000101
0000001000100000100110010100000100100001011
0000001000100000101110010100000100100000011
0000001000100001000001010010011000001001011
0000001000100001000011100100100001000001011
0000001000100001000101100000010100001101001
0000001000100001001000100100001000001011101
0000001000100001001001010011100000010001001
0000001000100001100000111010001000000100101
0000001000100001100010000001000101101001001
0000001000100001110100100000100000101010001
0000001000100010000110000100100000010010111
0000001000100011000001010010000110000100101
0000001000100100001000001011000000101000111
0000001000100101000001100100010100001000011
0000001000101000010000010101000010101000101
0000001000101010000001010011001000010000101
0000001000101011001000000110001000010001001
0000001000110010000100001000001000001011101
0000001000111010010000010100000010010000011
0000001001000001000001000001001001001101101
0000001001000001000100001000010111000001101
0000001001000001000100010010110000100000111
0000001001000001000100010011110000100000101
0000001001000001000100011000010010000001111
0000001001000001000100011000010110000001101
0000001001000001000110001000001101000000111
0000001001000001000110001000001111000000101
0000001001000010000100010100010010000001111
0000001001000010010100000100010011000001011
0000001001000011000100010000010110000001101
0000001001000011100000011000010100001000101
0000001001000100000101110100000100001000011
0000001001000100010000100001000001011101001
0000001001000100010000100100000100001101011
0000001001000101000100001000010110000001101
0000001001000101001000010000010000010011011
0000001001001100000100010000110100000100101
0000001001010011000101001000001000010000011
0000001001100001000001001000010111000000101
0000001001100001000010001000001101000000111
0000001001100001000010001000001111000000101
0000001001100001000011001000000101000000111
0000001010000100100100001100010000010001101
0000001010010100001001000010000010001100011
0000001010100001000100011010000010010000011
0000001011000100000100001000010010010001101
0000001100100000100001000001000010100100111
0000001101000001000100001000010011000001011
