000000000001101110100111
000000000010001101011111
000000000010100101110111
000000000011001010011111
000000000011001010101111
000000000011001011100111
000000000011001110010111
000000000011010110001111
000000000011011001011011
000000000011100010110111
000000000011100110010111
000000000100001101011111
000000000100100101110111
000000000100100110101111
000000000100101011001111
000000000100101110100111
000000000101000101101111
000000000101001001101111
000000000101001011001111
000000000101001100011111
000000000101001100101111
000000000101001101010111
000000000101010011110011
000000000101011000011111
000000000101011001010111
000000000101011100010111
000000000101011110010011
000000000101100110101101
000000000101101001101101
000000000101101100100111
000000000101101110000111
000000000101110001010111
000000000101110110000111
000000000110001100101111
000000000110001101011011
000000000110010011010111
000000000110011100010111
000000000110100100110111
000000000110100101010111
000000000110101010100111
000000000110101101000111
000000000110110010100111
000000000110110101000111
000000001000100110101111
000000001000101011001111
000000001000111101011001
000000001001000110011111
000000001001001010111011
000000001001001011100111
000000001001010001111101
000000001001010011001111
000000001001010011011101
000000001001010101001111
000000001001011101000111
000000001001100010101111
000000001001100011111001
000000001001100101101011
000000001001100101111001
000000001001101011000111
000000001001101110001011
000000001001101111000011
000000001001110001101101
000000001001110010101011
000000001001110010111001
000000001010001011011011
000000001010001011100111
000000001010001101001111
000000001010001101011011
000000001010010010011111
000000001010010011001111
000000001010010110011011
000000001010011010001111
000000001010011010011011
000000001010011101001101
000000001010100111001011
000000001011000011011011
000000001011000011101101
000000001011000101101011
000000001011000110001111
000000001011001001110011
000000001011001010010111
000000001011001010100111
000000001011001010101011
000000001011001010101101
000000001011001011001011
000000001011001100101011
000000001011001100101101
000000001011010001110011
000000001011010011010011
000000001011010110010011
000000001011011001000111
000000001011011010001011
000000001011011011000011
000000001011011101000011
000000001011100000101111
000000001011100001101011
000000001011100001110011
000000001011100010101011
000000001011100010110011
000000001011100100001111
000000001011100101001011
000000001011101001100011
000000001011101100001011
000000001100000110101111
000000001100001010101111
000000001100001011100111
000000001100010101001111
000000001100010110011011
000000001100011010001111
000000001100100101001111
000000001100100110100111
000000001100101010001111
000000001101000110001111
000000001101000110011011
000000001101000110100111
000000001101001001100111
000000001101001100010111
000000001101010000011111
000000001101010100010111
000000001101010100011011
000000001101011000010111
000000001101011000011011
000000001101011100000111
000000010001001011110011
000000010001001101001111
000000010001010011010111
000000010001010011011011
000000010001010110001111
000000010001011001011011
000000010001100010110111
000000010001100011111001
000000010001100101010111
000000010001101001110101
000000010001101100011101
000000010001110010111001
000000010001110100011101
000000010001111000110101
000000010001111010010011
000000010010010001111011
000000010010010011010111
000000010010010011100111
000000010010010011110101
000000010010010110001111
000000010010011001010111
000000010010011100011011
000000010010011110010101
000000010010100011011011
000000010010100101100111
000000010010110010101011
000000010010110010111001
000000010010111000011011
000000010011000011010111
000000010011000011011011
000000010011000011110101
000000010011000101010111
000000010011000110010111
000000010011001001001111
000000010011001001111001
000000010011001010001111
000000010011001010011101
000000010011001011001011
000000010011001011011001
000000010011001101000111
000000010011001101001011
000000010011010001010111
000000010011010001101011
000000010011010001110101
000000010011010010001111
000000010011010010100111
000000010011010010101011
000000010011010010111001
000000010011010011010011
000000010011010110000111
000000010011011001010011
000000010011011011000011
000000010011100001110011
000000010011100001110101
000000010011100010010111
000000010011100011010101
000000010011100100010111
000000010011110000110101
000000010011110001010101
000000010011110010001011
000000010100001011010111
000000010100010100110111
000000010100010100111101
000000010100010110010111
000000010100011000011111
000000010100011001010111
000000010100011010011101
000000010100100101110011
000000010100100111010101
000000010100111001010101
000000010101000011110011
000000010101000101100111
000000010101001101010011
000000010101010011010011
000000010101010110001101
000000010101100001110011
000000010101100010110011
000000010101100011010011
000000010101101100001101
000000010101110000110011
000000010101110001001101
000000010101110011000011
000000010110000011010111
000000010110000011100111
000000010110000101010111
000000010110000101011011
000000010110000101100111
000000010110001000011111
000000010110001010010111
000000010110001011010011
000000010110001100011011
000000010110001101001011
000000010110010011100011
000000010110010100010111
000000010110011000010111
000000010110011010000111
000000010110011100000111
000000010110100011000111
000000010110100011010011
000000010110100101010011
000000010110110001010011
000000010110110010000111
000000010110110011000011
000000010111000101001011
000000010111000101010011
000000010111000110010011
000000010111001010001011
000000010111001011000011
000000010111010001100011
000000010111100010010011
000000010111100010100011
000000010111110000010011
000000011000001010011111
000000011000001011011011
000000011000001101001111
000000011000010011011011
000000011000010100011111
000000011000011001011011
000000011000011010011011
000000011000100011011011
000000011000101000111011
000000011000101001101011
000000011000110001011011
000000011000110010101011
000000011000110010110011
000000011001000011101011
000000011001001010010111
000000011001001010101011
000000011001001010110011
000000011001001011001011
000000011001001011010011
000000011001010010110011
000000011001010100001111
000000011001011000011011
000000011001011000110011
000000011001011001001011
000000011001011100001011
000000011010000011010111
000000011010001100010111
000000011010010011001011
000000011010011000011011
000000011011001010000111
000000100000100110101111
000000100000110101100111
000000100000111011101001
000000100001000101101111
000000100001000111110101
000000100001010001111011
000000100001010011010111
000000100001011000111011
000000100001011001110101
000000100001011101101001
000000100001100011111001
000000100001100100111101
000000100001100101101101
000000100001100110101011
000000100001101001101101
000000100001101011011001
000000100001101110100011
000000100001110100100111
000000100001111000101011
000000100001111100110001
000000100010000110101111
000000100010001100101111
000000100010010010110111
000000100010010011100111
000000100010010110110011
000000100010010111110001
000000100010100010101111
000000100010100100101111
000000100010100110001111
000000100010100110101011
000000100010101001111001
000000100010101100101011
000000100010110001100111
000000100010110010100111
000000100010110101000111
000000100011000101101101
000000100011001011101001
000000100011010001011011
000000100011010001111001
000000100011010011000111
000000100011011000011011
000000100011100001011011
000000100011100001101101
000000100011100010011011
000000100011100010110101
000000100011100100110101
000000100011101001001011
000000100011101010010011
000000100011101100100101
000000100011110001001011
000000100011110001100101
000000100011110001101001
000000100011110110000011
000000100100001011100111
000000100100001100101111
000000100100001110101101
000000100100010001111101
000000100100010011110011
000000100100010011110101
000000100100010100110111
000000100100010101100111
000000100100011001011101
000000100100100001111101
000000100100100101100111
000000100100100101110011
000000100100100111010101
000000100100101001100111
000000100100101110000111
000000100100101110100011
000000100100110100011101
000000100100110100110101
000000100100110100111001
000000100100111000101101
000000100101000011001111
000000100101000011100111
000000100101000011101011
000000100101000100110111
000000100101000101001111
000000100101000101101101
000000100101000101110101
000000100101000111101001
000000100101001100101011
000000100101001101001101
000000100101001101101001
000000100101010001010111
000000100101010001110101
000000100101010010100111
000000100101010100010111
000000100101010100100111
000000100101010101000111
000000100101010110000111
000000100101011001010101
000000100101011001011001
000000100101011100010101
000000100101100000110111
000000100101100001010111
000000100101100001110101
000000100101100011001101
000000100101100100111001
000000100101100101100101
000000100101100110000111
000000100101101000111001
000000100101101001100101
000000100101101100100011
000000100101101101000101
000000100101110000010111
000000100101110000100111
000000100101110000110101
000000100101110000111001
000000100101110001000111
000000100101110100011001
000000100110000011100111
000000100110000100101111
000000100110000101110011
000000100110000110101011
000000100110001000101111
000000100110001010101011
000000100110001010101101
000000100110001100100111
000000100110001100101011
000000100110010011000111
000000100110010011100101
000000100110010100110101
000000100110010101100011
000000100110010101100101
000000100110100101010011
000000100110100110001101
000000100110101110000101
000000100110110000110101
000000100110110001100101
000000100110110100100011
000000100110110101000101
000000100111000011100101
000000100111000100110101
000000100111000101001011
000000100111001001001101
000000100111001011000011
000000100111001100001011
000000100111010001010011
000000100111010100100101
000000100111100000110101
000000100111100001100101
000000100111101001000101
000000100111110000100101
000000101000001100111101
000000101000001101101101
000000101000001111100011
000000101000011000111101
000000101000011001011101
000000101000011001110101
000000101000100101101101
000000101000100110100111
000000101000101000111011
000000101000101000111101
000000101000101001101101
000000101000101100101101
000000101000110001101101
000000101000111001001011
000000101001000001111011
000000101001000011100111
000000101001000011101011
000000101001000101100111
000000101001000111001101
000000101001001000111011
000000101001001011000111
000000101001001011100011
000000101001001011100101
000000101001001100110101
000000101001001101001101
000000101001001101100101
000000101001010001011101
000000101001010001110011
000000101001010010101011
000000101001011001100101
000000101001100010101011
000000101001100100100111
000000101001100101001011
000000101001101000101011
000000101001101000101101
000000101001101000110101
000000101001101001001101
000000101001101100001011
000000101001110000110101
000000101001110001001011
000000101001110001001101
000000101001110010010011
000000101010000111001011
000000101010001010001111
000000101010001010011011
000000101010100101001011
000000101010100110001011
000000101010110000110011
000000101010110010100011
000000101011000011000111
000000101011000011001011
000000101011000101001011
000000101011001010000111
000000101011001010001011
000000101011001011000011
000000101011001100001011
000000101011010011000011
000000101011100001001011
000000101011100010001011
000000101011100010001101
000000101100000111001101
000000101100001001001111
000000101100001010100111
000000101100001011000111
000000101100001100100111
000000101100001100101011
000000101100011000011101
000000101100011001001101
000000101100100010100111
000000101100100011001101
000000101100100101001101
000000101100101000101101
000000101101000101100011
000000101110000100100111
000000101110100000100111
000000101111000101000011
000000101111001010000011
000000110000010101110011
000000110000010111100011
000000110000100010110111
000000110000100010111011
000000110000101001011011
000000110001000011010111
000000110001000111010011
000000110001010001010111
000000110001010010010111
000000110001010010011011
000000110010001011010011
000000110010011000101011
000000110010100001110011
000000110010100010010111
000000110010100101010011
000000110010101000101011
000000110011010001001011
000000110011100010001011
000000110100010001010111
000000110101000100100111
000000110101100000100111
000000110110000101000111
000000110110100100000111
000001000010000101011111
000001000010001001101111
000001000010001101010111
000001000010001101011101
000001000010001111101001
000001000010010001111011
000001000010010101110011
000001000010010110110011
000001000010011001101011
000001000010011011001011
000001000010011011010011
000001000010011101001101
000001000010100001111011
000001000010100011001111
000001000010100100110111
000001000010101001011011
000001000010101001111001
000001000010101011001101
000001000010101110001011
000001000010101111001001
000001000010110001101011
000001000010111001010011
000001000010111001101001
000001000011000001011111
000001000011000001101111
000001000011000101001111
000001000011000101010111
000001000011000101101011
000001000011001001001111
000001000011001001011011
000001000011001010010111
000001000011001010011011
000001000011001010101101
000001000011001101000111
000001000011001101001011
000001000011001101010011
000001000011010000110111
000001000011010000111011
000001000011010001011011
000001000011010010011011
000001000011010101000111
000001000011010101001011
000001000011010110001011
000001000011011000011011
000001000011011000101011
000001000011011001000111
000001000011011001001011
000001000011011001010011
000001000011011010001011
000001000011011010010011
000001000011100001110011
000001000011100100110101
000001000011100101000111
000001000011100110001011
000001000011101000100111
000001000011101000111001
000001000011101001010011
000001000011101010001101
000001000011101101000101
000001000011110001100011
000001000011110010010101
000001000011110110000011
000001000011111001000011
000001000100001010101111
000001000100001101010111
000001000100001101110101
000001000100001111011001
000001000100100001110111
000001000100100011001111
000001000100100011110101
000001000100100110110101
000001000100100111110001
000001000100101011001011
000001000100101101000111
000001000100101101001101
000001000100101101100101
000001000100110100100111
000001000100110101001101
000001000100110101100011
000001000101000011001111
000001000101000011011101
000001000101000011100111
000001000101000011101101
000001000101000111101001
000001000101001000101111
000001000101001001001111
000001000101001001010111
000001000101001001100111
000001000101001001101101
000001000101001010001111
000001000101001011000111
000001000101001011001101
000001000101001100101101
000001000101010000110111
000001000101010001010111
000001000101010001110101
000001000101010110001101
000001000101011000111001
000001000101011100001011
000001000101011100100101
000001000101100001101101
000001000101100011000111
000001000101100011001101
000001000101100100101101
000001000101101000101101
000001000101101001000111
000001000101101001001101
000001000101101001100101
000001000101101010001101
000001000101101100001101
000001000101101100100101
000001000101110000101101
000001000101110001010101
000001000101110100100011
000001000101111000011001
000001000110000010110111
000001000110000011011101
000001000110000011110101
000001000110000100110111
000001000110000101011011
000001000110000101101011
000001000110000101110101
000001000110001001011011
000001000110001010101101
000001000110001011010101
000001000110001011100101
000001000110010101001011
000001000110011100001011
000001000110011101001001
000001000110100001110101
000001000110100100010111
000001000110100100110101
000001000110101001001011
000001000110101001001101
000001000110110001010011
000001000110110001010101
000001000110110011000011
000001000111000001011011
000001000111000001101011
000001000111000010101101
000001000111000011001101
000001000111000011100101
000001000111000100101011
000001000111000101001011
000001000111000101010011
000001000111000101100011
000001000111001000011011
000001000111001000101101
000001000111001001001011
000001000111001001001101
000001000111001001010101
000001000111001001100101
000001000111001010010101
000001000111001010100011
000001000111001011000101
000001000111001101000011
000001000111010001010101
000001000111010101000011
000001000111011001000011
000001000111100011000101
000001000111101000100011
000001000111101000100101
000001000111101001000101
000001000111110000010101
000001001000001011011011
000001001000001101010111
000001001000010011101011
000001001000011011011001
000001001000100001101111
000001001000100011001111
000001001000100101101011
000001001000101001101011
000001001000101011000111
000001001000101101101001
000001001000110011101001
000001001000111000101011
000001001001000010111011
000001001001000011001111
000001001001000011011011
000001001001000101101101
000001001001000110011011
000001001001000110011101
000001001001000111001011
000001001001000111011001
000001001001001010011011
000001001001001100101101
000001001001001110001011
000001001001001110001101
000001001001001110100011
000001001001010001011011
000001001001010010101011
000001001001010011001011
000001001001010011001101
000001001001010011011001
000001001001011010011001
000001001001100000101111
000001001001100001101101
000001001001100001111001
000001001001100101001101
000001001001100101011001
000001001001100101101001
000001001001100110001011
000001001001101000110011
000001001001101100101001
000001001001110001001101
000001001001110001010011
000001001001110001101001
000001001001110100001101
000001001001110100011001
000001001001111000010101
000001001001111000011001
000001001001111000100011
000001001010000011001111
000001001010000011101011
000001001010000011110011
000001001010000101010111
000001001010000110011011
000001001010001000011111
000001001010001010011011
000001001010001011001011
000001001010001011010011
000001001010001100010111
000001001010001100011011
000001001010001101010011
000001001010001110100011
000001001010010010011011
000001001010010011001011
000001001010010011010011
000001001010011000011011
000001001010011001010011
000001001010011010001011
000001001010011011000011
000001001010011101000101
000001001010100000101111
000001001010100001001111
000001001010100001101011
000001001010100001111001
000001001010100010001111
000001001010100011000111
000001001010100011001101
000001001010100110001011
000001001010101001100011
000001001010101010000111
000001001010111000100011
000001001011000001010111
000001001011000001100111
000001001011000010011011
000001001011000010111001
000001001011000011001101
000001001011000011011001
000001001011000100101011
000001001011000101000111
000001001011000101100011
000001001011000110001011
000001001011001001000111
000001001011001001010011
000001001011001010001011
000001001011001010010011
000001001011001100010011
000001001011001100100011
000001001011001101000011
000001001011001110000011
000001001011010001010011
000001001011010001011001
000001001011010101000011
000001001011011000100011
000001001011011001000011
000001001011011100000101
000001001011100000101011
000001001011100100001011
000001001011100110000011
000001001011101000100011
000001001011110000010011
000001001011110000011001
000001001011110000100011
000001001100000110101101
000001001100000111010101
000001001100000111100101
000001001100001000101111
000001001100001010101011
000001001100001011001011
000001001100001011100011
000001001100001011100101
000001001100001100101101
000001001100001101001101
000001001100001101100101
000001001100010010001111
000001001100010100001111
000001001100010111000101
000001001100100100101101
000001001100100101001101
000001001100100101010101
000001001100100101011001
000001001100100101100101
000001001100101000101101
000001001100101001000111
000001001100101001100101
000001001100101010000111
000001001100101100001101
000001001100101101000101
000001001100110000101101
000001001100110101000101
000001001101000010011101
000001001101000011000111
000001001101000011001011
000001001101000011010101
000001001101000011100101
000001001101000100101101
000001001101000110010101
000001001101001000100111
000001001101001001000111
000001001101001001100101
000001001101001010100011
000001001101001011000101
000001001101001100001101
000001001101001100100101
000001001101010010001101
000001001101010100001101
000001001101100001100101
000001001101100011000101
000001001101101001000101
000001001101101010000011
000001001101101010000101
000001001101110000010101
000001001110000101010011
000001001110000101100011
000001001110000101100101
000001001110001001100101
000001001110001100001011
000001001110001100010011
000001001110001100010101
000001001110010100001101
000001001110010101000011
000001001110011000001011
000001001110100001001011
000001001110100011000101
000001001110101010000101
000001001111000001010011
000001001111000001100011
000001001111000010010101
000001001111000011000101
000001001111000100100011
000001001111000101000011
000001001111001001000011
000001001111001001000101
000001001111001010000101
000001010000010110110011
000001010000010111010011
000001010000010111100011
000001010000100011011011
000001010000100101010111
000001010000100101100111
000001010000100110110101
000001010000100111010101
000001010000110001010111
000001010000110001011011
000001010000110011010101
000001010001000010110111
000001010001000011011011
000001010001000101010111
000001010001000111010101
000001010001001001011011
000001010001001001110011
000001010001001001110101
000001010001001010110011
000001010001001011010011
000001010001011010010011
000001010001100000110111
000001010001100000111101
000001010001100001011011
000001010001100001011101
000001010001100001110011
000001010001100010010111
000001010001100010110101
000001010001100100011101
000001010001100101010101
000001010010000100011111
000001010010000101010111
000001010010001001101011
000001010010001010110011
000001010010001011001011
000001010010001011010011
000001010010001101001011
000001010010001101001101
000001010010001101010101
000001010010010000111011
000001010010010001010111
000001010010010001011011
000001010010010001101011
000001010010010010110011
000001010010010011000111
000001010010010011001011
000001010010010011010011
000001010010010011100011
000001010010010101010011
000001010010010101100011
000001010010011001001011
000001010010011001010101
000001010010011010010011
000001010010011011000011
000001010010100001110011
000001010010100010011011
000001010010100011000111
000001010010100100010111
000001010010100100110011
000001010010101000110011
000001010010110001000111
000001010010110010000111
000001010010110110000011
000001010010111001000011
000001010011000010011011
000001010011000100010111
000001010011000101000111
000001010011000101010101
000001010011001001001011
000001010011001100001101
000001010011001101000011
000001010011010000100111
000001010011010001001011
000001010011010010001011
000001010011010010010011
000001010011010110000011
000001010011011000010011
000001010011011001000011
000001010011100000110011
000001010011100001100011
000001010011101000100011
000001010011101001000011
000001010100000101110011
000001010100001001001111
000001010100010000110111
000001010100010000111101
000001010100010010110011
000001010100110001001101
000001010100110011000011
000001010101000011001101
000001010101000101010011
000001010101001001000111
000001010110000100010111
000001010110000101010011
000001010110001010010011
000001010110001101000011
000001010110010001010011
000001010110010010000111
000001010110010010100011
000001010110011000010011
000001010110100010000111
000001010110110001000011
000001010111000010001101
000001010111000010010011
000001010111000100010011
000001010111000101000011
000001011000001100011101
000001011000010000111011
000001011000010001011011
000001011000010001011101
000001011000010011010011
000001011000100001011101
000001011000100011010011
000001011000100101001101
000001011000101001100011
000001011000110000011101
000001011000110001010011
000001011001000011001011
000001011001000011010011
000001011001001001010011
000001011001001010010011
000001011001010001001011
000001011001010010010011
000001011001011000010011
000001011001100001010011
000001011001100010010011
000001011001101000010011
000001011010000100010111
000001011010000110010011
000001011010001001100011
000001011010010001010011
000001011010100001100011
000001011011000010001011
000001011011000010010011
000001011011001000100011
000001011011001001000011
000001011011010000100011
000001011011010001000011
000001100001000010101111
000001100001000011100111
000001100001000100101111
000001100001000110101011
000001100001000111100011
000001100001010000111011
000001100001010001101011
000001100001010001110011
000001100001010100100111
000001100010000100101111
000001100010000100110111
000001100010000110101011
000001100010000110110011
000001100010010101010011
000001100010100001011011
000001100010100100100111
000001100010100100101011
000001100010100100110011
000001100010101000011011
000001100010101001001011
000001100011000101001011
000001100011001010000111
000001100011100001010011
000001100100001010001111
000001100100010010110011
000001100100100001010111
000001100100100101010011
000001100101000010001111
000001100101000010100111
000001100101000011000111
000001100101000100101011
000001100110000100010111
000001100110000101001011
000001100111000100001011
000001101000010001101011
000001101000010010101011
000001101000100001101011
000001101001000010101011
000001101010000100100111
000001110000100100010111
000010000100010011010111
000010000100010110011101
000010000100011011000111
000010000100011101001101
000010000100011110010011
000010000100011111001001
000010000100100011010111
000010000100100101110101
000010000100100110001111
000010000100100110110101
000010000100100111010101
000010000100110010100111
000010000100110011000111
000010000100110110000111
000010000101000100101111
000010000101000110110011
000010000101001001010111
000010000101001001101101
000010000101001100011101
000010000101010100011011
000010000101010110010011
000010000101011010001011
000010000101100010110011
000010000101100100100111
000010000101100100101011
000010000101101010001011
000010000110001010001111
000010000110010001010111
000010000110010001100111
000010000110010010100111
000010000110010100011011
000010000110011010001011
000010000110100001010111
000010000110100011000111
000010000110110010000111
000010001000010010011111
000010001000010011011011
000010001000010110010111
000010001000100010101111
000010001000100111001011
000010001000101001001111
000010001000101010011011
000010001000101110001011
000010001000101111000011
000010001001000011101011
000010001001000011101101
000010001001000101101101
000010001001000110001111
000010001001001010010111
000010001001001010011011
000010001001001010101101
000010001001001011001011
000010001001001011010011
000010001001001100011101
000010001001001101001011
000010001001001111000011
000010001001001111010001
000010001001010001001111
000010001001010001011101
000010001001010011001011
000010001001010011010011
000010001001010110000111
000010001001010110010011
000010001001010111000101
000010001001011001001011
000010001001011001011001
000010001001011010010011
000010001001011011000011
000010001001011011000101
000010001001011011010001
000010001001011110010001
000010001001100010101011
000010001001100010101101
000010001001100011000111
000010001001100011100101
000010001001100011101001
000010001001100100001111
000010001001101001000111
000010001001101010000111
000010001001101101000011
000010001001110000111001
000010001010000101101011
000010001010000110001111
000010001010000110011011
000010001010001011011001
000010001010001011100101
000010001010001011101001
000010001010001101101001
000010001010010001001111
000010001010010010001111
000010001010010010011011
000010001010010010011101
000010001010010011001011
000010001010010011011001
000010001010010100011011
000010001010011001001011
000010001010011010011001
000010001010011011001001
000010001010100010101011
000010001010100100101101
000010001010101001001011
000010001011000010010111
000010001011000100001111
000010001011000100011101
000010001011000110000111
000010001011000110001101
000010001011000110010101
000010001011001000100111
000010001011001000101011
000010001011001000101101
000010001011001000111001
000010001011001001001011
000010001011001001010011
000010001011001001011001
000010001011001010010011
000010001011001010011001
000010001011001011001001
000010001011010001001101
000010001011010010010011
000010001011010010100011
000010001011010011001001
000010001011100010010011
000010001011100010100011
000010001011100010101001
000010001011101010000101
000010001011110000100011
000010001011110000101001
000010001011110000110001
000010001100001001100111
000010001100001011011001
000010001100001011100011
000010001100001100011101
000010001100001101001101
000010001100001101010101
000010001100001110011001
000010001100001111001001
000010001100010110010101
000010001100010111001001
000010001100011001001101
000010001100011101001001
000010001100100010100111
000010001100100011101001
000010001101000011010011
000010001101000011101001
000010001101000101011001
000010001101000101101001
000010001101000110001011
000010001101000110010011
000010001101001000011101
000010001101001001000111
000010001101001010010011
000010001101001010101001
000010001101001100001101
000010001101001100011001
000010001101001101001001
000010001101010001001101
000010001101100001100101
000010001101100001101001
000010001101100010101001
000010001101100011001001
000010001101100100100011
000010001101100100100101
000010001110000110001011
000010001110000110011001
000010001110001001100101
000010001110010010001011
000010001110010100001011
000010001110010100011001
000010001110100011001001
000010001111000010010011
000010001111000100001011
000010001111000100011001
000010001111000110001001
000010001111001000100011
000010001111001000101001
000010001111100100001001
000010010000110010101011
000010010001000110010111
000010010001000111001101
000010010001000111010101
000010010001001000111011
000010010001001001011011
000010010001001001111001
000010010001001011001011
000010010001001011010011
000010010001010000111011
000010010001010001011011
000010010001010001110101
000010010001010001111001
000010010001010010101011
000010010001010011001011
000010010001010011010011
000010010001010011010101
000010010001010011011001
000010010001010011101001
000010010001010100011101
000010010001010110000111
000010010001011000011011
000010010001011001010011
000010010001011001011001
000010010001011010001011
000010010001011011000011
000010010001011011001001
000010010001011110001001
000010010001100001010111
000010010001100001110101
000010010001100010100111
000010010001100010101011
000010010001100100010111
000010010001101010100011
000010010001110000110101
000010010001110001010101
000010010001110010001011
000010010001110100010101
000010010010000101011011
000010010010001001010111
000010010010001010011011
000010010010001010110011
000010010010001010111001
000010010010001011010011
000010010010010001010111
000010010010010001011011
000010010010011100010101
000010010010100010011011
000010010010100011010011
000010010010100100010111
000010010010101000011011
000010010010101000110011
000010010010110001010101
000010010010110101000011
000010010011000010110101
000010010011000011010101
000010010011000100010111
000010010011000110010101
000010010011001010000111
000010010011001010001011
000010010011001010001101
000010010011001010100011
000010010011010000110101
000010010011010001001011
000010010011010001010011
000010010011010001010101
000010010011010010001011
000010010011010010100011
000010010011010110000101
000010010011011000100011
000010010011100001010101
000010010011100010001011
000010010011100010100011
000010010011100100010011
000010010011100100010101
000010010011110001000101
000010010100001001010111
000010010100001010011101
000010010100001011010101
000010010100001101010101
000010010100001101011001
000010010100010010011101
000010010100010011011001
000010010100010100011011
000010010100010110001101
000010010100010110010101
000010010100100100010111
000010010101000010110011
000010010101000110010011
000010010101010001001101
000010010101110001000101
000010010110010100001011
000010010110010100010101
000010010110100100010011
000010010111000100010011
000010011000010100001111
000010011000010100011011
000010011000100011010011
000010011000101000111001
000010011000101010001011
000010011001000101001011
000010011001000111000101
000010011001001010000111
000010011001001010001011
000010011001010001011001
000010011010001001001011
000010011010001001011001
000010011010001010010011
000010011010010001001011
000010011010010010001011
000010011010100010010011
000010011100001101000101
000010011100010010001011
000010011100010010010101
000010011100010110000101
000010100001011010010011
000010100001100100101011
000010100001101000100111
000010100010001010101011
000010100010001010101101
000010100010001100100111
000010100010001100101011
000010100010001110100101
000010100010010001100111
000010100010010010110011
000010100010010011100011
000010100010010100110011
000010100010101100100011
000010100010110100100011
000010100011001010010011
000010100011010010001011
000010100011010010010011
000010100011100010001011
000010100011100010010011
000010100100010001010111
000010100100010001100111
000010100100010001110101
000010100100010011010011
000010100100100010001111
000010100100100010101011
000010100100100010110011
000010100100110000110101
000010100101000110010011
000010100101101000100011
000010101000100110001011
000010101000110010010011
000010101001100010001011
000010101010100010001011
000010101010100100100011
000010110001000110010011
000010110001000111000011
000010110010001000101011
000010110010001010010011
000010110010010001000111
000010110010010010100011
000010110010101000100011
000010110100010010100011
000010110100100010100011
000010110101000100010011
000010110101000100100011
000010111000100010001011
000010111000100010010011
000010111000100010100011
000011000101001001000111
000011001000101001000111
000011001001000101001011
000011001001001010001011
000011001001010001001011
000011001001010010001011
000011001010001001001011
000011001010010001001011
000011001010010010001011
000011010010010001000111
