0000000000000000001000101000101000111111
0000000000000000011100000000010110110111
0000000000000000100010101100110100001011
0000000000000000100101101100110000010101
0000000000000000101010001010001010011101
0000000000000001000010010010010100011111
0000000000000001011100000000011010010111
0000000000000001100100100101011000000111
0000000000000010101001001001001000011101
0000000000000100001000011000010111011001
0000000000000100010110000010011100100101
0000000000000100010111000000011100101001
0000000000000100100010110010100000111001
0000000000000100100110000011000100110101
0000000000000100101000010011000001110011
0000000000000100111100001010010000010011
0000000000000101000001000011001000111101
0000000000000101000110000010011100100101
0000000000000101010110000010011100000011
0000000000000101100100001001010001001011
0000000000000101101001000100110000100011
0000000000000110010001010011000010000111
0000000000000110100010000110000001101011
0000000000001000010000101100001011101001
0000000000001000011001000101110000100101
0000000000001000011100001000101010010011
0000000000001000101000011011000010101001
0000000000001001000101000110010000100111
0000000000001001000110010001010010000111
0000000000001001001000000011100101010011
0000000000001001001100001000101010000111
0000000000001001010001100100000011101001
0000000000001001011000010000011100010011
0000000000001001011100000000011000010111
0000000000001010000001011000001100110101
0000000000001010000100000010100100110111
0000000000001010000100000100110110000111
0000000000001010000101100110000100001011
0000000000001010001100001001000000111011
0000000000001010010000000101100100100111
0000000000001010011100000000010100010111
0000000000001011000110010001010010000011
0000000000001100000000001100010101011011
0000000000001100000010000010011010100111
0000000000001100001000001001010100010111
0000000000001100001001001000101000100111
0000000000001100101100000011000000101011
0000000000010000001010110100011000010011
0000000000010000001011000010100010110011
0000000000010000010101100000010101010011
0000000000010000100010010001100001001111
0000000000010000100010111000001001001011
0000000000010000100101000101000010011011
0000000000010000101001100100000111000011
0000000000010000101010001001001001100011
0000000000010000110010001001000101001011
0000000000010001000001000101101000011011
0000000000010001000011100000001101100101
0000000000010001001000010010110010000111
0000000000010001001101100010000100110001
0000000000010001011000010000110110001001
0000000000010001011010010000100110000011
0000000000010001100000100110000100101011
0000000000010001100101010000111000001001
0000000000010010000011100001000100111001
0000000000010010000100100100010101100011
0000000000010010011000100010100100001011
0000000000010010011000100010100101000011
0000000000010011000000010100010110100011
0000000000010011000100100010010100010011
0000000000010011011100000000010010000111
0000000000010100000000101000011011100011
0000000000010100000011000010001101100101
0000000000010100001100110001010000001011
0000000000010100100110001000011000010101
0000000000010100110001000000111000001101
0000000000010101000000100001011011000011
0000000000010110001100100000010100000111
0000000000010110100010110000001000100011
0000000000010110101000100001100010000011
0000000000011000000010101100000010101011
0000000000011000000011000001100010101011
0000000000011000001011010000100010100011
0000000000011000001011010010100000100011
0000000000011000100000101000000101011011
0000000000011001010000000110000010101011
0000000000011001011100000000010000100111
0000000000100000010110110100001000100011
0000000000100000011000001001011100110001
0000000000100000011000110000100100010111
0000000000100000011100001001001001010101
0000000000100000011100010010000010101011
0000000000100000011110100000100100110001
0000000000100000100010010010101100000111
0000000000100000100111011000001000001011
0000000000100000110101101010000010000011
0000000000100001000000111000101011001001
0000000000100001000001000001101000111011
0000000000100001000110110000000101100101
0000000000100001001100101010010000000111
0000000000100001010000110001001011001001
0000000000100001010110010000001110001001
0000000000100001011000010000010110010011
0000000000100001011100000000010010010111
0000000000100001100010000001101000101101
0000000000100001100010010000111010010001
0000000000100001101001000100100000011101
0000000000100001110000100010100110001001
0000000000100010000010010100000111110001
0000000000100010000011100000101001010011
0000000000100010000101100000001010011011
0000000000100010000110010100001000011101
0000000000100010010000000101011000111001
0000000000100010010001001101011000000011
0000000000100010100100001000110100001101
0000000000100010100101110000010001000101
0000000000100010110000000101011000110001
0000000000100011000000100100100000101111
0000000000100011101000100000110100001001
0000000000100100000011100010001010001101
0000000000100100000110110000000101000111
0000000000100100001000010100011000011011
0000000000100100101000010100011000010011
0000000000100101001100000110001000010101
0000000000100101011100001001001000000101
0000000000100110100001010000110001000101
0000000000100111001101000001100000000101
0000000000101000000100010011010010100011
0000000000101000001000000110000001111011
0000000000101001000001000001011100100011
0000000000101001011100000000010000010111
0000000000101100100000010000100011000111
0000000000110000000100000110110000101011
0000000000110011100100100000010000001011
0000000001000000001100010001010011000111
0000000001000000001101000100010100011011
0000000001000000001101000100010100110011
0000000001000000001101101101010000000011
0000000001000000010100001001100001111001
0000000001000000010100100100011010010101
0000000001000000010101101100110000000011
0000000001000000010111000100100010110001
0000000001000000011010110001000110000011
0000000001000000011100101000010100010011
0000000001000000011100110001010001000011
0000000001000000100100000101010000111101
0000000001000000100101010000110101001001
0000000001000000101101000100010100010011
0000000001000000110010101101000100000101
0000000001000000110100001101010000011001
0000000001000000110110000101010000011001
0000000001000000110110001000001101000101
0000000001000001000111000010011100010001
0000000001000001001000101000010001101011
0000000001000001001010110000010000010111
0000000001000001001011100011000000010101
0000000001000001001100101000010100000111
0000000001000001001101001100010100000011
0000000001000001010100000000110010010111
0000000001000001010100100000110000010111
0000000001000001010100101100000100100011
0000000001000001010110100100010010000101
0000000001000001011000001000110111000001
0000000001000001011100000000110010010101
0000000001000001011100100000110000010101
0000000001000001100100000101011000001101
0000000001000001100100001101010000001101
0000000001000001100110000000101101000101
0000000001000001101100001010000001000111
0000000001000001110000001011001100001001
0000000001000001110100000101010000101001
0000000001000010000010100111011000001001
0000000001000010000011100010110000010011
0000000001000010000011110100010000010011
0000000001000010001101000100010100010011
0000000001000010001101100100001000001011
0000000001000010100001100000101011001001
0000000001000010100100000101010000011101
0000000001000010101000010011010000110001
0000000001000010110100010100110000001001
0000000001000011000000010011111000000101
0000000001000011001101000010000000110101
0000000001000011110100000101010000001001
0000000001000100000010001001001101001011
0000000001000100000010100100000111000111
0000000001000100000100100001110001000111
0000000001000100001001000010100110000111
0000000001000100001100000001110011000101
0000000001000100001100100000010011000111
0000000001000100001100100001010001000111
0000000001000100001100110001010000000111
0000000001000100010100000001110011000011
0000000001000100010100000010010001001111
0000000001000100010100000010010001100111
0000000001000100010100000010110001001101
0000000001000100010100001000110001001101
0000000001000100010111000000011000101001
0000000001000100011100000001010011000011
0000000001000100011100000010010001001101
0000000001000100011100010001010010000011
0000000001000100011100100000010011000011
0000000001000100100000010100000100101111
0000000001000100100001011000001000101101
0000000001000100100100000001110000111001
0000000001000100100101010000010100001011
0000000001000100101101010000010100001001
0000000001000100110010001000010011000101
0000000001000100110100000010010001000111
0000000001000100110100000010110001000101
0000000001000100110100001000110001000101
0000000001000100111100000010010001000101
0000000001000101000101000101100000011001
0000000001000101010010010000110010000101
0000000001000101010010100110000000110001
0000000001000101100100000001110000101001
0000000001000101101100001001000001001001
0000000001000110000010011000010100001101
0000000001000110011100000010010001000101
0000000001000110101000010100000100001101
0000000001000111001000100000110100000101
0000000001000111100100000001110000001001
0000000001001000000010001000010110100111
0000000001001000000110000101010010010101
0000000001001000001100000010001000111101
0000000001001000001100010001010001000111
0000000001001000001111000100000100011001
0000000001001000010101000100110000100011
0000000001001000010101000101100000100011
0000000001001000010110000000011010010101
0000000001001000010110000100010010010101
0000000001001000010110100100010000010101
0000000001001000011000001001000101010011
0000000001001000100000011000001101011001
0000000001001000100000100001100100011101
0000000001001000100011000001010000110101
0000000001001001000100000101011010000101
0000000001001001010100000000110000010111
0000000001001001010100000100011010000101
0000000001001001010100100100011000000101
0000000001001001010110000000011010000101
0000000001001001011100000000110000010101
0000000001001010000100000001100100010111
0000000001001010010011000001100000010101
0000000001001100001100000001110001000101
0000000001001100001100100001010001000011
0000000001001100010100000001110001000011
0000000001001100011100000001010001000011
0000000001001100011100010001010000000011
0000000001001101101010000000101000000011
0000000001010000000100010010010101001011
0000000001010000000110000010001001010111
0000000001010000001101001100010000010011
0000000001010000010010100110001001000101
0000000001010000010110000010001001100101
0000000001010000011100101000010000010011
0000000001010000100000000101001100100111
0000000001010000100100010000010101001011
0000000001010000100100010000110100001011
0000000001010000100101010000010001001011
0000000001010001000100000110001101000011
0000000001010001001100101000010000000111
0000000001010001001101000100010000100011
0000000001010001001101000110010000000011
0000000001010001010001000010010011000011
0000000001010010011100100000000101000011
0000000001010011000100100010000100010011
0000000001010011001101000100010000000011
0000000001010011101000100000011000000011
0000000001010100100100010010010100000011
0000000001011000000101010000010011000011
0000000001011000010001010000001000100111
0000000001100000011100101010000000010011
0000000001100010100100100000000100011011
0000000010000000010011110001101000000101
0000000010000000010100101000110100010101
0000000010000000010101001100100001001011
0000000010000000101100100010100011000011
0000000010000001000010100010111001000011
0000000010000001001000100010111001000011
0000000010000001001010001000001100100111
0000000010000001001100000000101011001011
0000000010000001010010010101100000100011
0000000010000001010110010000010011100001
0000000010000001010110100000110000010101
0000000010000001011000110000100010101001
0000000010000001011010001000101100100001
0000000010000001100001000100001000011111
0000000010000001101000001010100000110011
0000000010000001101100000000101011000011
0000000010000010000011101000000011100101
0000000010000010000110000000110010011101
0000000010000010001010000000111000110011
0000000010000010001110000000101000110011
0000000010000010001110000100100000110011
0000000010000010001110001000101000010011
0000000010000010010001000101010010000111
0000000010000010010010101000001000011101
0000000010000010010111000100000110010001
0000000010000010011000000101000110100101
0000000010000010011101000110000001000011
0000000010000010100001001000100011010011
0000000010000010101001001000100100001011
0000000010000010110000110010100000010011
0000000010000011000111001000100000001011
0000000010000011001000101100001000010101
0000000010000011001010000000111000100011
0000000010000011001100000100101000100011
0000000010000011001110000000101000100011
0000000010000011001110001000101000000011
0000000010000011010100010100000100001011
0000000010000011100000001001101000100101
0000000010000011100000101001001000100101
0000000010000011100100010000101000001011
0000000010000011101000000010101010001001
0000000010000100000000100001110100110101
0000000010000100000001010000011001101101
0000000010000100000010000010100100111011
0000000010000100001100000000101010011011
0000000010000100001101000000101110100001
0000000010000100010011000000100111100001
0000000010000100010111010001000000101001
0000000010000100100000011011100001010001
0000000010000100100100010100000001101101
0000000010000100101100000000101010010011
0000000010000100101100100010100010000011
0000000010000100110000011000000101001101
0000000010000101000101000001001000100111
0000000010000101000111001000100000001011
0000000010000101001100000000101010001011
0000000010000101010000010110000001100011
0000000010000101100000100001100100010011
0000000010000101100011001010000000011001
0000000010000101100101001000010000011001
0000000010000110100100010110010000000101
0000000010000111001001000100010000001011
0000000010001000000010100010010110001101
0000000010001000000010100010100110100011
0000000010001000001100000100010110100101
0000000010001000001100100010100001001011
0000000010001000010010000010010111000101
0000000010001000011100001000001010010011
0000000010001000100000010010100110011001
0000000010001000101100100010100100000011
0000000010001001001100001000001010000111
0000000010001010000011000100001100100101
0000000010001010010011000100000010000111
0000000010001010010101000101100000000101
0000000010001011010000011000000100110001
0000000010001100001000010000001011001101
0000000010001100001100100010100000001011
0000000010001100010010000000101000101101
0000000010001110100110000001010000001001
0000000010001110100110000100001000000011
0000000010010000000100001100011010001011
0000000010010000000101000001011000111001
0000000010010000001000001010100100101011
0000000010010000001000001010100110001101
0000000010010000001010000000100111100011
0000000010010000010000001100000101011011
0000000010010000011000000110001010010101
0000000010010000101000001000100100101011
0000000010010000101000001000110100001011
0000000010010000101001001000100000101011
0000000010010000110101000100000110001001
0000000010010001000100000001101011000011
0000000010010001000100001000010110011001
0000000010010010100010001101000100000011
0000000010010010101000001010100100000011
0000000010010100000100001000110110000101
0000000010010100001000001000100110001101
0000000010010100001000001001001100010011
0000000010010100001000101000101100000011
0000000010010100001010000000100110100011
0000000010010110000011001000000010100011
0000000010010111100000001001000001000101
0000000010011000000001010001000110100101
0000000010011000001010000000100101100011
0000000010011000100001001000001010000111
0000000010011001100000010000100010001011
0000000010011001110000010000010100000011
0000000010011010010100000100010010000011
0000000010100000001001100000100101100011
0000000010100000001110001000100000110011
0000000010100000100100001100010010001101
0000000010100001001110001000100000100011
0000000010100010001001000000101100100011
0000000010100010001010000100110000100011
0000000010100010001110000100100000100011
0000000010100010010011100000100001000011
0000000010100011001100000100100000100011
0000000010101000000100000101101010000011
0000000010101000001000000100111010000011
0000000010101000100100001101000010000011
0000000010101101100010000000110000000011
0000000010101110000101000000100100000011
0000000010110000001000000010001100101101
0000000010110010001001000000101000100011
0000000010110100000101000000100010100011
0000000011000001010100100000010000010111
0000000011000010001010000100101000100011
0000000011000100000100000001010011000111
0000000011001100000100000001010001000111
0000000100000001000001110010001011010001
0000000100000001000010101101100001000101
0000000100000001000110001101100000011001
0000000100000001001001010010000100100111
0000000100000001001001110000001100000111
0000000100000001010100100100000001110011
0000000100000001011000010010000101100011
0000000100000001011000110000001101000011
0000000100000010000011000010000100110111
0000000100000010001011100001001010000011
0000000100000010001111010100000100000011
0000000100000010010000100111100010100001
0000000100000010010001000001010100101101
0000000100000010010101000001000100101101
0000000100000010010101000011000000101101
0000000100000010010101001001000100001101
0000000100000010011000010001010001000111
0000000100000010011001000101000010000111
0000000100000010100001001000100010110011
0000000100000010100111000000011001001001
0000000100000010101001000001100000101011
0000000100000010101100000010000011001011
0000000100000010110001000001010100100101
0000000100000010110100000011000100100101
0000000100000010110101000001000100100101
0000000100000010110101001001000100000101
0000000100000011000000010011110010000101
0000000100000011000000110000010100100111
0000000100000011000000110100000101100011
0000000100000011000001001010000010101011
0000000100000011000001110000001100100101
0000000100000011000001110000010100100011
0000000100000011000100000011011000010011
0000000100000011001000010000011100000111
0000000100000011001000010100001101000011
0000000100000011001001010000011100000011
0000000100000011001001010010000100100101
0000000100000011001011010000100000010101
0000000100000011010000110000001101100001
0000000100000011010000110100000100100011
0000000100000011011000010010000101100001
0000000100000011011000010100001100000011
0000000100000011100000001001100101100001
0000000100000011100000010001011001100001
0000000100000100000100000100100010111101
0000000100000100000101011001100000001101
0000000100000100000111011000010000101001
0000000100000100001001001100101000000111
0000000100000100001010100110010000000111
0000000100000100001111001000100000010101
0000000100000100010000001001110001000111
0000000100000100010110000001001001000111
0000000100000100010110000001101001000101
0000000100000100011000001001000001100111
0000000100000100011000001001010001000111
0000000100000100011000011001010000000111
0000000100000100011110000001001001000101
0000000100000100100100000001010011001011
0000000100000100101100000001010011001001
0000000100000100101100001000010001011001
0000000100000100110000010001010010001101
0000000100000100110000011001010000001101
0000000100000101000100001000110000101101
0000000100000101001000010010000100100111
0000000100000101001000010010010100100011
0000000100000101001000110000001100000111
0000000100000101001000110000011100000011
0000000100000101100000011000000110001101
0000000100000101100000011000010110001001
0000000100000101100010010000100100001101
0000000100000101100010010000110100001001
0000000100000110000010110101000100100001
0000000100000110000110011000000010101001
0000000100000110100100000100110010000101
0000000100000111000000110000001100100101
0000000100000111000000110000011100100001
0000000100000111000001110000000100100011
0000000100000111001000010010000100100101
0000000100000111001000010010010100100001
0000000100000111001001010000001100000011
0000000100000111011000000100001001000101
0000000100001000000110000110110000010101
0000000100001000010000001101000101101001
0000000100001000011001000101000000100111
0000000100001000101100000010000001101011
0000000100001001000001101100100001010001
0000000100001001000010010000010110001101
0000000100001001000010010100000111001001
0000000100001001000011010000010110001001
0000000100001001000011010000100110000101
0000000100001001010010010100000110001001
0000000100001001100000010000110100001101
0000000100001001100000010100100101001001
0000000100001001100000101010000001101001
0000000100001001100001010000110100001001
0000000100001001100001011000000110000101
0000000100001001110000010100100100001001
0000000100001011000001110010000010010001
0000000100001100000010000011011100010001
0000000100001100010111000001000010001001
0000000100001100100100000001010001001011
0000000100001100101010100000100000010011
0000000100001100101100000001010001001001
0000000100001100110000010001010000001101
0000000100001101000010010000100110000101
0000000100001101000011010000000110001001
0000000100001101100000011000000110000101
0000000100001101100001010000100100001001
0000000100001110001000000111010000001001
0000000100001110100000010100100001010001
0000000100010000000100100011001100000111
0000000100010000001000010000011000101111
0000000100010000010000001001011001011001
0000000100010000010000101101011000000011
0000000100010000010100000001100100100111
0000000100010000010100001001100100000111
0000000100010000010100100001000100100111
0000000100010000010100100011001100000011
0000000100010000010101001001000000101101
0000000100010000011100000001100100100101
0000000100010000011100001001100100000101
0000000100010000011100100001000100100101
0000000100010000100000100001001000101111
0000000100010000110101001001000000100101
0000000100010010010001000011010000100101
0000000100010010010100000001100100000111
0000000100010010010101000011000000100101
0000000100010010011100000001100100000101
0000000100010010110100000011000000100101
0000000100010100001001010000001110001001
0000000100010100011010010000000100100011
0000000100010101100100001010001000000101
0000000100011000010100001001100100000101
0000000100011000100110000001100100000101
0000000100011010011000000100100000100101
0000000100011100010010010001001000000011
0000000100011100100010000001001010000011
0000000100100000010001000001011100001101
0000000100100000010001100001011100000101
0000000100100000011100001000001001010101
0000000100100000100100100010000011100101
0000000100100000110001000001011100000101
0000000100100001000100000111000000110011
0000000100100001001000010000010100100111
0000000100100001001000010000011100100101
0000000100100001001000010100000101100011
0000000100100001001001010000010100100011
0000000100100001001001010010001100000101
0000000100100001010000100010000010011011
0000000100100001011000010100000100100011
0000000100100011000000010010010100100101
0000000100100011000000010100001101000011
0000000100100011000001010000011100000011
0000000100100011000001110000001100000101
0000000100100011010000010100001100000011
0000000100100100010110000001000001000111
0000000100100100010110000001100001000101
0000000100100100011110000001000001000101
0000000100100101001000010010001100000101
0000000100100101011100001000001000000101
0000000100100111000000110000001100000101
0000000100100111000001010000001100000011
0000000100101000111000100100001000000101
0000000100110000010001000001011010000101
0000000100110000011010010001000010000101
0000000100110101010010000010000100000011
0000000100111000010001000001011000000101
0000000101000000011000011001000001000111
0000000101000000100000010000110010110101
0000000101000000100010000010000101011011
0000000101000000100100001100010000011101
0000000101000000100110000100010000011101
0000000101000000110000010001000001101101
0000000101000000110000010001000011001101
0000000101000001000100100001010000110011
0000000101000001000100100001110000010011
0000000101000001001000010010000101100011
0000000101000001001000010110000100100011
0000000101000001001000110000001101000011
0000000101000001001000110100001100000011
0000000101000001100100000100010000101101
0000000101000010001001000101010010000011
0000000101000010010001000011000100100101
0000000101000010110000010001000001001101
0000000101000011000100000011001000010011
0000000101000011011000010000001100000011
0000000101000011100100000100010000001101
0000000101000100000100000011010001001011
0000000101000100001100010000010010000111
0000000101000100001100100000110001000101
0000000101000100010100100000110001000011
0000000101000100011000010001000000100111
0000000101000100011100100000010001000011
0000000101000100100011000100010000010011
0000000101000100100100000011010001000011
0000000101000111000001000010010000001011
0000000101001000000100000100011010010101
0000000101001000001001000101010000100011
0000000101001000011100010000010001000011
0000000101001000110000010001000001001101
0000000101001100001100100000010001000011
0000000101010010010001000001000000101101
0000000101100011010000010000001100000011
0000000101101000010001000001000001100011
0000000101110010000010001010000100000011
0000000110000010101001000001000000101011
0000000110000011000010000100000010101011
0000000110010000010100001001000100000111
0000000111000100000100100000010001000111
0000001000000100000010000001000011011111
0000001000000100000010001100101001001101
0000001000000100000010101011000000101011
0000001000000100000100001001010000110111
0000001000000100000100010100110000101101
0000001000000100000100011110000001000111
0000001000000100000101000110001000101101
0000001000000100001101000000101000110011
0000001000000100011000010010000101100101
0000001000000100100000100101000101010011
0000001000000110001000010001000001011011
0000001000000110010000010010000101000111
0000001000001000001100000010001110001101
0000001000001000001100010010000010001111
0000001000001000010000010000010000111111
0000001000001000010000100011010100010011
0000001000001000010010010001000010011101
0000001000001000011000100000011110001001
0000001000001000011000100010000001101101
0000001000001000011100010010000010001011
0000001000001000100000011010001001010011
0000001000001000101100010010000010000111
0000001000001000101101000011001000001001
0000001000001000111100010010000010000011
0000001000001001000001010010000101110001
0000001000001001000010000010000010111101
0000001000001001100010000010000010110101
0000001000001010000001100100101100100001
0000001000001010000010000011001000111001
0000001000001010000100100001001000011011
0000001000001010000100100001101000010011
0000001000001010000100110000001100001011
0000001000001010000100110000101100000011
0000001000001010001011010000001001100001
0000001000001010010010110001000010001001
0000001000001010100000100011010000101001
0000001000001010100100100011000000101001
0000001000001010110100000011000000101001
0000001000001011000010110000001000010011
0000001000001100011001010001000000100101
0000001000010000010101100110000100000011
0000001000010000100110000010101000001011
0000001000010001000011000101100100000011
0000001000010001001010010000010000011101
0000001000010001010100100100000011100001
0000001000010010000100100000101000011011
0000001000010010000100101000001010010011
0000001000010010000110100000101000010011
0000001000010010100100101000001000010011
0000001000010011000000101000001110000011
0000001000010011000010100000101100000011
0000001000010011001100100000010100010001
0000001000010011100000101000001100000011
0000001000010111010000001001000001000011
0000001000011000011100000010001010001001
0000001000011000101100000010001010000101
0000001000011110010000100010001000001001
0000001000100000100101000011000010001011
0000001000100000101110000010100100001001
0000001000100001000101100001010000010101
0000001000100001001010000011001100000011
0000001000100010000110000100100000010111
0000001000100011010000100000111000001001
0000001000100101000100000100001000010111
0000001000101000001001000010110000110001
0000001000110000100000100010010000001111
0000001001000001000100000111010000100101
0000001001000001000100000111011000000101
0000001001000001000100001011010001000011
0000001001000010100000100011000010101001
0000001001000100000100000100110000101101
0000001001010000100100010000010101000011
0000001001010100000100010000010100001011
0000001010000010000100100001001010010011
0000001010000010000100101001001000010011
0000001010000010000100110000001110000011
0000001010000010000100111000001100000011
0000001010000100001100100000100010001011
0000001010001000001100100000100100001011
0000001010001000010010001000100000110011
0000001010001000101100100000100001000011
0000001010010000101000001000100100100011
0000001010010010001000001000100100001011
0000001010100000100110000010000100001011
0000001100100000100101000010000010001011
