000001101101001001000101000011000101100001000111
000001100101001001001101100001000101000011000111
000001100101001001000101100001000101000011001111
000001011011010001001001000011001001010001001011
000001011011000011001001010001001001000011001011
000001011001010011001001010001001001000011001011
000001011001010011001001000011001001010001001011
000001011001010001001011010001001001000011001011
000001011001010001001011000011001001000011001011
000001011001010001001001010001011001000011001011
000001011001010001001001000011011001000011001011
000001011001010001001001000011001011010001001011
000001011001010001001001000011001001010011001011
000001011001010001001001000011001001010001011011
000001011001001001110001100001010001000011010011
000001011001000011011001010001001001000011001011
000001011001000011001011010001001001010001001011
000001011001000011001001010001001001010011001011
000001011001000011001001010001001001000011011011
000001011001000011001001000011011001010001001011
000001010101010100010100010001010100010101010101
000001010101010001010100010001010001010101010101
000001010101010001010001000101010001010101010101
000001010101000101000101010001000101010101010101
000001010101000101000100010001010101010101010101
000001010101000100010101000101000101010101010101
000001010101000100010001010001010101010101010101
000001010100010101010101010100010100010001010101
000001010100010101010101010001000101000101010101
000001010100010100010101010101010100010001010101
000001010100010100010101000100010101010101010101
000001010100010001010101010101010100010100010101
000001010100010001010101010101010001010001010101
000001010100010001010101010100010100010101010101
000001010100010001010101000101000101010101010101
000001010100010001010001010001010101010101010101
000001010001100001111001000011010001001001010011
000001010001100001110001001001010001000011011011
000001010001010101010101010001010101000100010101
000001010001010101010101010001010001000101010101
000001010001010101010101000100010101010001010101
000001010001010101010100010101010001000101010101
000001010001010101010100010001010101010001010101
000001010001010101010001000101010101010001010101
000001010001010101010001000101010100010101010101
000001010001010100010001010001010101010101010101
000001010001010001010101010101010100010001010101
000001010001010001010001000101010101010101010101
000001010001001001110001100001011001000011010011
000001010001001001011001100001110001000011010011
000001010001001001010001100001011001000011110011
000001010001000101010101010101010000010101010101
000001010001000101010101010001010101010100010101
000001010001000101010101010001010001010101010101
000001010001000101010101010000010101010101010101
000001010001000101010100010101010001010101010101
000001010001000011111001001001010001100001010011
000001010001000011010001100001110001001001011011
000001010001000011010001100001011001001001110011
000001010001000011010001100001010001001001111011
000001010000010101010100010001010101010101010101
000001010000010101010001000101010101010101010101
000001001111100011000101000001100101001001000101
000001001111100001000101001011000101000001100101
000001001111100001000101001001000101000011100101
000001001111001101000011001001000110000101000011
000001001111001101000011001001000101000101000011
000001001111001101000011001001000011000101000011
000001001111001101000011000101000011001001000011
000001001111001101000010001001000111000101000011
000001001111001001000111000101000011001001000011
000001001111001001000101000011000101100001100101
000001001111001001000011001001000111000101000011
000001001111000101001011001001000110000101000011
000001001111000101001011001001000101000101000011
000001001111000101001011001001000011000101000011
000001001111000101001010001001000111000101000011
000001001111000101001001001001000111000101000011
000001001111000101000011001001000111000101000011
000001001111000100001011001001000111000101000011
000001001111000011100101001001000101100001000101
000001001111000011000101100001100101001001000101
000001001111000011000101001001100101100001000101
000001001110001101000011001001000111000101000011
000001001110000101001011001001000111000101000011
000001001101101001000111000001100101000011000101
000001001101100011000111000001100101001001000101
000001001101100001101001000101001001100001001101
000001001101100001001001000101101001100001001101
000001001101100001001001000101001001100001101101
000001001101100001000111000011100101001001000101
000001001101100001000101001001000111000011100101
000001001101100001000101000011000111001001100101
000001001101001101000011001001000111000101000011
000001001101001011000111100001000101000001100101
000001001101001011000101100001000101000001100111
000001001101001001100111000011000101100001000101
000001001101001001100101100001000111000011000101
000001001101001001100101100001000101000011000111
000001001101001001000111000001100101100011000101
000001001101001001000101100001100111000011000101
000001001101001001000101000001100101100011000111
000001001101000101101001100001001001000101001101
000001001101000101001011001001000111000101000011
000001001101000101001001100001101001000101001101
000001001101000101001001100001001001000101101101
000001001101000011100111100001000101001001000101
000001001101000011100111001001000101100001000101
000001001101000011100101100001000101001001000111
000001001101000011000111100001000101001001100101
000001001101000011000101001001100111100001000101
000001001101000011000101001001000111100001100101
000001001101000001101001100001001001000101101101
000001001101000001101001000101001001100001101101
000001001101000001100101000011000111101001000101
000001001011011001001000011010001001001001011001
000001001011010011001001010001001011000001011001
000001001011010011001001010001001001000011011001
000001001011010011001001000011001011000001011001
000001001011010011001001000011001001010001011001
000001001011010001011001010001001001000011011001
000001001011010001011001000011001001010001001011
000001001011010001011001000011001001000011011001
000001001011010001001011000011001001010001011001
000001001011010001001001010011001011000001011001
000001001011010001001001010001001011000011011001
000001001011010001001001000011011011000001011001
000001001011010001001001000011011001010001011001
000001001011010001001001000011011001010001001011
000001001011010001001001000011001011000011011001
000001001011010001001001000011001001010011011001
000001001011010001001001000011001001010001011011
000001001011001101000111001001000011000101000101
000001001011001101000111001001000011000101000011
000001001011001101000111001001000010000101000111
000001001011001101000110001001000011000101000111
000001001011001101000101001001000011000101000111
000001001011001101000011001001000111000101000011
000001001011001101000011001001000011000101000111
000001001011001101000011000101000111001001000011
000001001011001100000111001001000011000101000111
000001001011001011001001001001010001011000011001
000001001011001001001000011010001001001011011001
000001001011001001000111001001000011000101000111
000001001011001001000111000101000011001101000011
000001001011001001000111000101000011000001001111
000001001011001001000011000101000111001001000111
000001001011001001000011000101000011001101000111
000001001011000101001111001001000011000101000101
000001001011000101001111001001000011000101000011
000001001011000101001111001001000010000101000111
000001001011000101001110001001000011000101000111
000001001011000101001101001001000011000101000111
000001001011000101001011001001000111000101000011
000001001011000101001011001001000011000101000111
000001001011000101000111001001000011000101000111
000001001011000100001111001001000011000101000111
000001001011000011011001010001001001010001011001
000001001011000011011001010001001001000011001011
000001001011000011011001000011001001010001011001
000001001011000011001011010001001001000011011001
000001001011000011001001010011001011000001011001
000001001011000011001001010001011011000001011001
000001001011000011001001010001011001000011011001
000001001011000011001001010001011001000011001011
000001001011000011001001010001001011010001011001
000001001011000011001001010001001001010011011001
000001001011000011001001010001001001000011011011
000001001011000011001001000011001011010001011001
000001001011000001011011010001001001000011011001
000001001011000001011011000011001001010001011001
000001001011000001011001010011001001010001011001
000001001011000001011001010011001001000011011001
000001001011000001011001010001001001010011011001
000001001011000001011001010001001001000011011011
000001001011000001011001000011001001010011011001
000001001011000001011001000011001001010001011011
000001001011000001001111001001000011000101000111
000001001010001101000111001001000011000101000111
000001001010001011001011001001001001011000011001
000001001010001011001001001001011001011000011001
000001001010001011000011001001001001011001011001
000001001010000101001111001001000011000101000111
000001001001101101001000001101101001001001000101
000001001001101101001000001100101001001001001101
000001001001101001101001101001000001001100001101
000001001001101001101001001001000101001100001101
000001001001100101101101000001101001000001001101
000001001001100101101101000001001101000001101001
000001001001100101101001100001001101000001101001
000001001001100101101001100001001001000101001101
000001001001100101101001000101001101000001101001
000001001001100101101001000101001001100001001101
000001001001100101101001000001101001100001001101
000001001001100101101001000001101001000101001101
000001001001100101101001000001001101100001001101
000001001001100101101001000001001101000001101101
000001001001100101001101100001101001000001001101
000001001001100101001101100001001001000101101001
000001001001100101001101000101001001100001101001
000001001001100101001101000001101001100001101001
000001001001100101001101000001101001000101101001
000001001001100101001101000001101001000001101101
000001001001100101001101000001001101100001101001
000001001001100101001101000001001101000101101001
000001001001100101001001100001101001000101001101
000001001001100101001001100001001101000101101001
000001001001100101001001100001001001000101101101
000001001001100101001001000101101001100001001101
000001001001100101001001000101001101100001101001
000001001001100101001001000101001001100001101101
000001001001100001101101100001001001000101101001
000001001001100001101101100001001001000101001101
000001001001100001101101000101101001000001001101
000001001001100001101101000101001101000001101001
000001001001100001101101000101001001000101101001
000001001001100001101101000101001001000101001101
000001001001100001101101000001101001000101001101
000001001001100001101101000001001101000101101001
000001001001100001101001100101001101000001101001
000001001001100001101001100001001101000101101001
000001001001100001101001000101101001100001001101
000001001001100001101001000101001101100001001101
000001001001100001101001000101001101000101101001
000001001001100001101001000101001101000001101101
000001001001100001101001000101001001100101001101
000001001001100001101001000101001001000101101101
000001001001100001101001000001101001100101001101
000001001001100001101001000001001101100101001101
000001001001100001101001000001001101000101101101
000001001001100001001101100101101001000001001101
000001001001100001001101100001101001000101001101
000001001001100001001101100001001001000101101101
000001001001100001001101000101101001100001101001
000001001001100001001101000101101001000101001101
000001001001100001001101000101101001000001101101
000001001001100001001101000101001101100001101001
000001001001100001001101000101001001100101101001
000001001001100001001101000101001001000101101101
000001001001100001001101000001101001100101101001
000001001001100001001101000001101001000101101101
000001001001100001001101000001001101100101101001
000001001001100001001001000101101101100001101001
000001001001100001001001000101101101100001001101
000001001001100001001001000101101001100101001101
000001001001100001001001000101001101100101101001
000001001001100001001001000101001101100001101101
000001001001100001001001000101001001100101101101
000001001001011011001000001011011001001001000011
000001001001011011001000001010011001001001001011
000001001001011001011001011001000001001010001011
000001001001011001011001001001000011001010001011
000001001001011001001000001011011001001001010011
000001001001011001001000001010011001001001011011
000001001001010011011011010001001001000011001001
000001001001010011011011000011001001000001011001
000001001001010011011011000011001001000001001011
000001001001010011011011000001011001000011001001
000001001001010011011011000001011001000001001011
000001001001010011011011000001001011000011001001
000001001001010011011011000001001011000001011001
000001001001010011011001010001001011000011001001
000001001001010011011001010001001011000001011001
000001001001010011011001010001001001000011001011
000001001001010011011001000011001011000001011001
000001001001010011011001000011001001010001001011
000001001001010011011001000011001001000001011011
000001001001010011011001000001011011000011001001
000001001001010011011001000001011001010001001011
000001001001010011011001000001011001000011001011
000001001001010011011001000001001011010001001011
000001001001010011011001000001001011000001011011
000001001001010011001011010001011001000011001001
000001001001010011001011010001011001000001001011
000001001001010011001011010001001001000011011001
000001001001010011001011000011001001010001011001
000001001001010011001011000011001001000001011011
000001001001010011001011000001011011000011001001
000001001001010011001011000001011001010001011001
000001001001010011001011000001011001000011011001
000001001001010011001011000001011001000001011011
000001001001010011001011000001001011010001011001
000001001001010011001011000001001011000011011001
000001001001010011001001010001011011000011001001
000001001001010011001001010001011001000011001011
000001001001010011001001010001001011000011011001
000001001001010011001001010001001001000011011011
000001001001010011001001000011011001010001001011
000001001001010011001001000011001011010001011001
000001001001010011001001000011001001010001011011
000001001001010011001001000001011011010001011001
000001001001010011001001000001011011010001001011
000001001001010011001001000001011011000011011001
000001001001010011001001000001011011000011001011
000001001001010011001001000001011001010001011011
000001001001010011001001000001011001000011011011
000001001001010011001001000001001011010001011011
000001001001010011001001000001001011000011011011
000001001001010001011011010011001001000001011001
000001001001010001011011010011001001000001001011
000001001001010001011011010001001001000011011001
000001001001010001011011010001001001000011001011
000001001001010001011011000011011001000001001011
000001001001010001011011000011001011000001011001
000001001001010001011011000011001001010011001001
000001001001010001011011000011001001000011011001
000001001001010001011011000011001001000011001011
000001001001010001011011000001011001010011001001
000001001001010001011011000001011001000011001011
000001001001010001011011000001001011010011001001
000001001001010001011011000001001011000011011001
000001001001010001011001010011001011000001011001
000001001001010001011001010011001001000001011011
000001001001010001011001010001001011000011011001
000001001001010001011001000011011001010001001011
000001001001010001011001000011001011010011001001
000001001001010001011001000011001011010001001011
000001001001010001011001000011001011000011011001
000001001001010001011001000011001011000001011011
000001001001010001011001000011001001010011001011
000001001001010001011001000011001001000011011011
000001001001010001011001000001011011010011001001
000001001001010001011001000001011001010011001011
000001001001010001011001000001001011010011001011
000001001001010001011001000001001011000011011011
000001001001010001001011010011011001000001001011
000001001001010001001011010011001001000001011011
000001001001010001001011010001011001000011001011
000001001001010001001011010001001001000011011011
000001001001010001001011000011011001010011001001
000001001001010001001011000011011001010001011001
000001001001010001001011000011011001000011001011
000001001001010001001011000011011001000001011011
000001001001010001001011000011001011010001011001
000001001001010001001011000011001001010011011001
000001001001010001001011000011001001000011011011
000001001001010001001011000001011011010011001001
000001001001010001001011000001011001010011011001
000001001001010001001011000001011001000011011011
000001001001010001001011000001001011010011011001
000001001001010001001001000011011011010011001001
000001001001010001001001000011011011010001011001
000001001001010001001001000011011011010001001011
000001001001010001001001000011011001010011001011
000001001001010001001001000011001011010011011001
000001001001010001001001000011001011010001011011
000001001001010001001001000011001001010011011011
000001001001001101000111001001000011000101000111
000001001001001001000001001001101100101101101001
000001001001001001000001001001011010011011011001
000001001001001001000001001001001100101101101101
000001001001001001000001001001001010011011011011
000001001001001000101101101101100001001001001001
000001001001001000011011011011010001001001001001
000001001001001000001001001011011010011011001001
000001001001001000001001001011010011011011001001
000001001001001000001001001001101100101101101001
000001001001001000001001001001100101101101101001
000001001001001000001001001001011010011011011001
000001001001001000001001001001010011011011011001
000001001001001000001001001001001100101101101101
000001001001001000001001001001001010011011011011
000001001001001000001001001001000101101101101101
000001001001001000001001001001000011011011011011
000001001001000111000101000011000001001111001101
000001001001000101101101100101001001000001101001
000001001001000101101101100001101001000101001001
000001001001000101101101100001101001000001001101
000001001001000101101101100001001101000101001001
000001001001000101101101100001001101000001101001
000001001001000101101101100001001001100101001001
000001001001000101101101100001001001100001101001
000001001001000101101101100001001001100001001101
000001001001000101101101000101001001100001101001
000001001001000101101101000101001001100001001101
000001001001000101101101000001101001100101001001
000001001001000101101101000001101001100001001101
000001001001000101101101000001001101100101001001
000001001001000101101101000001001101100001101001
000001001001000101101001100101001101000001101001
000001001001000101101001100101001001000001101101
000001001001000101101001100001101101000101001001
000001001001000101101001100001101001000101001101
000001001001000101101001100001001101100101001001
000001001001000101101001100001001101100001101001
000001001001000101101001100001001101000101001101
000001001001000101101001100001001101000001101101
000001001001000101101001100001001001100101001101
000001001001000101101001100001001001100001101101
000001001001000101101001000101001101100001101001
000001001001000101101001000101001001100001101101
000001001001000101101001000001101101100101001001
000001001001000101101001000001101001100101001101
000001001001000101101001000001001101100101001101
000001001001000101101001000001001101100001101101
000001001001000101001111001001000011000101000111
000001001001000101001101100101101001000001001101
000001001001000101001101100101001001000001101101
000001001001000101001101100001101101000101001001
000001001001000101001101100001101001100101001001
000001001001000101001101100001101001100001001101
000001001001000101001101100001101001000101101001
000001001001000101001101100001101001000001101101
000001001001000101001101100001001101000101101001
000001001001000101001101100001001001100101101001
000001001001000101001101100001001001100001101101
000001001001000101001101000101101001100001001101
000001001001000101001101000101001001100001101101
000001001001000101001101000001101101100101001001
000001001001000101001101000001101001100101101001
000001001001000101001101000001101001100001101101
000001001001000101001101000001001101100101101001
000001001001000101001001100001101101100101001001
000001001001000101001001100001101101000101101001
000001001001000101001001100001101101000101001101
000001001001000101001001100001101001100101001101
000001001001000101001001100001101001000101101101
000001001001000101001001100001001101100101101001
000001001001000101001001100001001101000101101101
000001001001000101001001100001001001100101101101
000001001001000101001001000001101101100101101001
000001001001000101001001000001101101100101001101
000001001001000101001001000001101001100101101101
000001001001000011011011010011001001000001011001
000001001001000011011011010001011001000011001001
000001001001000011011011010001011001000001001011
000001001001000011011011010001001011000011001001
000001001001000011011011010001001011000001011001
000001001001000011011011010001001001010011001001
000001001001000011011011010001001001010001011001
000001001001000011011011010001001001010001001011
000001001001000011011011000011001001010001011001
000001001001000011011011000011001001010001001011
000001001001000011011011000001011001010011001001
000001001001000011011011000001011001010001001011
000001001001000011011011000001001011010011001001
000001001001000011011011000001001011010001011001
000001001001000011011001010011001011000001011001
000001001001000011011001010011001001000001011011
000001001001000011011001010001011011000011001001
000001001001000011011001010001011001000011001011
000001001001000011011001010001001011010011001001
000001001001000011011001010001001011010001011001
000001001001000011011001010001001011000011001011
000001001001000011011001010001001011000001011011
000001001001000011011001010001001001010011001011
000001001001000011011001010001001001010001011011
000001001001000011011001000011001011010001011001
000001001001000011011001000011001001010001011011
000001001001000011011001000001011011010011001001
000001001001000011011001000001011001010011001011
000001001001000011011001000001001011010011001011
000001001001000011011001000001001011010001011011
000001001001000011001011010011011001000001001011
000001001001000011001011010011001001000001011011
000001001001000011001011010001011011000011001001
000001001001000011001011010001011001010011001001
000001001001000011001011010001011001010001001011
000001001001000011001011010001011001000011011001
000001001001000011001011010001011001000001011011
000001001001000011001011010001001011000011011001
000001001001000011001011010001001001010011011001
000001001001000011001011010001001001010001011011
000001001001000011001011000011011001010001001011
000001001001000011001011000011001001010001011011
000001001001000011001011000001011011010011001001
000001001001000011001011000001011001010011011001
000001001001000011001011000001011001010001011011
000001001001000011001011000001001011010011011001
000001001001000011001001010001011011010011001001
000001001001000011001001010001011011000011011001
000001001001000011001001010001011011000011001011
000001001001000011001001010001011001010011001011
000001001001000011001001010001011001000011011011
000001001001000011001001010001001011010011011001
000001001001000011001001010001001011000011011011
000001001001000011001001010001001001010011011011
000001001001000011001001000001011011010011011001
000001001001000011001001000001011011010011001011
000001001001000011001001000001011001010011011011
000001001001000001011011010011011001000001001011
000001001001000001011011010011001001010001001011
000001001001000001011011010011001001000011001011
000001001001000001011011010001011001000011001011
000001001001000001011011010001001001010011001011
000001001001000001011011000011011001010001001011
000001001001000001011011000011001001010011001011
000001001001000001011011000001011001010011001011
000001001001000001011001010011001011000001011011
000001001001000001011001010011001001010001011011
000001001001000001011001010011001001000011011011
000001001001000001011001010001001011000011011011
000001001001000001011001010001001001010011011011
000001001001000001011001000011001011010001011011
000001001001000001011001000011001001010011011011
000001001001000001011001000001001011010011011011
000001001001000001001101100101101001100001001101
000001001001000001001101100101101001000101001101
000001001001000001001101100101101001000001101101
000001001001000001001101100101001001100001101101
000001001001000001001101100101001001000101101101
000001001001000001001101100001101001100101001101
000001001001000001001101100001101001000101101101
000001001001000001001101100001001001100101101101
000001001001000001001101000101101001100101001101
000001001001000001001101000101101001100001101101
000001001001000001001101000101001001100101101101
000001001001000001001101000001101001100101101101
000001001001000001001011010011011001010001001011
000001001001000001001011010011011001000011001011
000001001001000001001011010011011001000001011011
000001001001000001001011010011001001010001011011
000001001001000001001011010011001001000011011011
000001001001000001001011010001011001010011001011
000001001001000001001011010001011001000011011011
000001001001000001001011010001001001010011011011
000001001001000001001011000011011001010011001011
000001001001000001001011000011011001010001011011
000001001001000001001011000011001001010011011011
000001001001000001001011000001011001010011011011
000001001000101001101001101001001001001100001101
000001001000101001101001001001001101001100001101
000001001000101001100001101001001001001101001101
000001001000101001100001001001001101001101001101
000001001000011001011001011001001001001010001011
000001001000011001011001001001001011001010001011
000001001000011001010001011001001001001011001011
000001001000011001010001001001001011001011001011
000001000111101001100101000001001101000011000101
000001000111101001000101000011100101000001001101
000001000111101001000101000011000101000001101101
000001000111100011000101000001100101001001001101
000001000111100001101101000011000101001001000101
000001000111100001100101001001001101000011000101
000001000111100001100101000011001101001001000101
000001000111100001000101001011100101000001001101
000001000111100001000101001001101101000011000101
000001000111100001000101001001000101000011101101
000001000111100001000101000011001101001001100101
000001000111010101000011010001000111000101000011
000001000111001101001011000101000011001001000011
000001000111001101001011000001001110000101000011
000001000111001101001011000001001101000101000011
000001000111001101001011000001001011000101000011
000001000111001101001001000001001111000101000011
000001000111001101000011001001001110000101000011
000001000111001101000011001001001101000101000011
000001000111001101000011001001001011000101000011
000001000111001101000011001001000111000101000011
000001000111001101000011001000001111000101000011
000001000111001101000011000101001011001001000011
000001000111001101000011000101000011001001001011
000001000111001101000011000001001111000101000011
000001000111001101000011000001001011001001000111
000001000111001101000010001001001111000101000011
000001000111001101000001001001001111000101000011
000001000111001100001011000001001111000101000011
000001000111001011100101100001000101000001001101
000001000111001011000101100001001101000001100101
000001000111001011000101100001000101000001101101
000001000111001001101101100001000101000011000101
000001000111001001100101100001001101000011000101
000001000111001001001111000101000011001001000011
000001000111001001001101100001000101000011100101
000001000111001001001011000001001111000101000011
000001000111001001000111000101001011001001000011
000001000111001001000111000101000011001001001011
000001000111001001000101100001101101000011000101
000001000111001001000101000011000101100001101101
000001000111001001000101000001100101100011001101
000001000111001001000011001001001111000101000011
000001000111001001000011000001001011001101000111
000001000111000111000111000101000011000011000011
000001000111000111000011000101000011000011000111
000001000111000101010011000001010111000101000011
000001000111000101001011001001000111001001000011
000001000111000101001011001001000111000101000011
000001000111000101001011001001000110001101000011
000001000111000101001011001001000101001101000011
000001000111000101001011001001000011001101000011
000001000111000101001011000001001111001001000011
000001000111000101001011000001001111000101000011
000001000111000101001011000001001110001101000011
000001000111000101001011000001001101001101000011
000001000111000101001011000001001011001101000011
000001000111000101001011000001000111001101000011
000001000111000101001010001001000111001101000011
000001000111000101001001001001000111001101000011
000001000111000101001001000001001111001101000011
000001000111000101000011010001000111010101000011
000001000111000101000011001001001111000101001001
000001000111000101000011001001001111000101000011
000001000111000101000011001001001111000100001011
000001000111000101000011001001001111000001001011
000001000111000101000011001001001110000101001011
000001000111000101000011001001001101000101001011
000001000111000101000011001001001011000101001011
000001000111000101000011001001000111001101001001
000001000111000101000011001001000111001101000011
000001000111000101000011001001000111001100001011
000001000111000101000011001001000111001001001011
000001000111000101000011001001000111000101001011
000001000111000101000011001001000110001101001011
000001000111000101000011001001000101001101001011
000001000111000101000011001001000011001101001011
000001000111000101000011001000001111000101001011
000001000111000101000011000001010111000101010011
000001000111000101000011000001001111001101000011
000001000111000101000011000001001111000101001011
000001000111000101000011000001000111001101001011
000001000111000101000010001001001111000101001011
000001000111000101000010001001000111001101001011
000001000111000101000001001001001111000101001011
000001000111000101000001001001000111001101001011
000001000111000100001011001001000111001101000011
000001000111000100001011000001001111001101000011
000001000111000011100101101001000101000001001101
000001000111000011001101100001100101001001000101
000001000111000011001101100001000101001001100101
000001000111000011001101001001000101100001100101
000001000111000011000111000101000011000111000011
000001000111000011000101100001001101001001100101
000001000111000011000101001001001101100001100101
000001000111000011000011000101000011000111000111
000001000111000001101101101001000101000011000101
000001000111000001101101100011000101001001000101
000001000111000001100101101001000101000011001101
000001000111000001100101100001000101001011001101
000001000111000001100101001011001101100001000101
000001000111000001100101000011001101101001000101
000001000111000001100101000011000101101001001101
000001000111000001001101001011100101100001000101
000001000111000001001101000001100101101011000101
000001000111000001001011001101000111001001000011
000001000111000001001011001001000111001101000011
000001000111000001001011000101001111001001000011
000001000111000001001011000001001111001101000011
000001000110110100101010001010100001001100100011
000001000110100100011111000001010010100100010101
000001000110100100010101000001010010100100011111
000001000110001101001011000001001111000101000011
000001000110001101000011001001001111000101000011
000001000110000101001011001001000111001101000011
000001000110000101001011000001001111001101000011
000001000110000101000011001001001111000101001011
000001000110000101000011001001000111001101001011
000001000110000100100111100101000110100100000111
000001000110000100100111000101100110100100000111
000001000101111000010000100001000101111000010111
000001000101101011001101000001000111000001100101
000001000101101011000101000001101101000001000111
000001000101101011000101000001100101000001001111
000001000101101001100101000001001101000011000111
000001000101101001001111000001100101000011000101
000001000101101001001101000011000111000001100101
000001000101101001001101000001100111000011000101
000001000101101001001001101100001001001001101001
000001000101101001001001001100001001001001101101
000001000101101001000101000011101101000001000111
000001000101101001000101000011001111000001100101
000001000101101001000101000011000101000001101111
000001000101101001000101000001100111000011001101
000001000101100011101101001001000101000001000111
000001000101100011100101001001000111000001001101
000001000101100011100101001001000101000001001111
000001000101100011001111001001000101000001100101
000001000101100011001101001001000111000001100101
000001000101100011000111001001000101000001101101
000001000101100011000101001001001111000001100101
000001000101100011000101000001100101001001001111
000001000101100011000101000001001101001001100111
000001000101100001101101001011000101000001000111
000001000101100001100111001001001101000011000101
000001000101100001100111001001000101000011001101
000001000101100001100111000011000101001001001101
000001000101100001100101001001000111000011001101
000001000101100001100101000011000111001001001101
000001000101100001001111001011000101000001100101
000001000101100001001111001001100101000011000101
000001000101100001001101001011000101000001100111
000001000101100001001101001001000101000011100111
000001000101100001001101000011100111001001000101
000001000101100001001101000001100111001011000101
000001000101100001001101000001100101001011000111
000001000101100001000111000011101101001001000101
000001000101100001000111000001001101001011100101
000001000101100001000101001011100101000001001111
000001000101100001000101001011000101000001101111
000001000101100001000101001001101111000011000101
000001000101100001000101001001001111000011100101
000001000101100001000101000001100111001011001101
000001000101100001000101000001100101001011001111
000001000101100001000101000001001111001011100101
000001000101010101010101010001010101000101000101
000001000101010101010101010001010100000101010101
000001000101010101010101000101010100010101000101
000001000101010101010101000101000101010001010101
000001000101010101010101000100010101010100010101
000001000101010101000101010101000101010100010101
000001000101010101000101010100010101010101000101
000001000101010101000101010001010101010100010101
000001000101010101000101010001010101000101010101
000001000101010100010101010101000101010101000101
000001000101010100010101010101000101010001010101
000001000101010100010101000101010101000101010101
000001000101010100010101000100010101010101010101
000001000101010100000101010001010101010101010101
000001000101010001010101010101000101010100010101
000001000101010001010101000101010100010101010101
000001000101010001010101000101000101010101010101
000001000101010001010100000101010101010101010101
000001000101001101001011000001001111000101000011
000001000101001101000011001001001111000101000011
000001000101001011100111000001000101100001001101
000001000101001011001111100001000101000001100101
000001000101001011001101000001100111100001000101
000001000101001011000111100001001101000001100101
000001000101001011000111000001101101100001000101
000001000101001011000111000001100101100001001101
000001000101001011000111000001001101100001100101
000001000101001011000101000001100111100001001101
000001000101001011000101000001001101100001100111
000001000101001001101111000011000101100001000101
000001000101001001101101000011000101100001000111
000001000101001001100111100011000101000001001101
000001000101001001100111000011000101100001001101
000001000101001001100101100011000101000001001111
000001000101001001100101000011001111100001000101
000001000101001001100101000011000111100001001101
000001000101001001001101100011000111000001100101
000001000101001001001101100011000101000001100111
000001000101001001001101100001100101000011000111
000001000101001001001101000011000101100001100111
000001000101001001001101000001100101100011000111
000001000101001001001001101100001001001101101001
000001000101001001000111100011100101000001001101
000001000101001001000111100011001101000001100101
000001000101001001000111000001101101100011000101
000001000101001001000111000001001101100011100101
000001000101001001000101100001101111000011000101
000001000101001001000101100001000111000011101101
000001000101001001000101000011001111100001100101
000001000101001001000101000011000111100001101101
000001000101001001000101000001001101100011100111
000001000101001001000101000001000111100011101101
000001000101000111000001001011001101000111001001
000001000101000111000001001011000101001111001001
000001000101000101010101010100010101000101010101
000001000101000101010101010001010101010101000101
000001000101000101010101000101010101010100010101
000001000101000101001011001001000111001101000011
000001000101000101001011000001001111001101000011
000001000101000101000101010001010101010101010101
000001000101000101000011001001001111000101001011
000001000101000101000011001001000111001101001011
000001000101000011101111001001000101100001000101
000001000101000011101101100001000101001001000111
000001000101000011101101001001000111100001000101
000001000101000011100111101001000101000001001101
000001000101000011100111000001001101101001000101
000001000101000011100101101001000111000001001101
000001000101000011100101100001001111001001000101
000001000101000011100101100001001101001001000111
000001000101000011100101100001000111001001001101
000001000101000011100101000001001101101001000111
000001000101000011001111100001100101001001000101
000001000101000011001101101001100101000001000111
000001000101000011001101100001100101001001000111
000001000101000011001101000001100111101001000101
000001000101000011001101000001100101101001000111
000001000101000011000111001001100101100001001101
000001000101000011000101101001101101000001000111
000001000101000011000101101001100111000001001101
000001000101000011000101100001001111001001100101
000001000101000011000101100001000111001001101101
000001000101000011000101001001001111100001100101
000001000101000011000101001001000101100001101111
000001000101000011000101000001100111101001001101
000001000101000011000101000001100101101001001111
000001000101000011000101000001000101101001101111
000001000101000001101111100011000101001001000101
000001000101000001101111000011000101101001000101
000001000101000001101101101011000101000001000111
000001000101000001101101100001000111001011000101
000001000101000001101101001011000101100001000111
000001000101000001101101001001000111100011000101
000001000101000001101101001001000101100011000111
000001000101000001100111101001001101000011000101
000001000101000001100111000001001101101011000101
000001000101000001100101100011001101001001000111
000001000101000001100101001011001111100001000101
000001000101000001100101001011001101100001000111
000001000101000001100101001001000111100011001101
000001000101000001100101001001000101100011001111
000001000101000001100101000011000111101001001101
000001000101000001100101000001001101101011000111
000001000101000001001111101001100101000011000101
000001000101000001001111100001100101001011000101
000001000101000001001111001001000101100011100101
000001000101000001001111000011000101101001100101
000001000101000001001101101011000111000001100101
000001000101000001001101100001000111001011100101
000001000101000001001101000011100111101001000101
000001000101000001001101000011000101101001100111
000001000101000001001101000001100101101011000111
000001000101000001000111101011001101000001100101
000001000101000001000111101001001101000011100101
000001000101000001000111100011000101001001101101
000001000101000001000111100001100101001011001101
000001000101000001000111001011100101100001001101
000001000101000001000111001001000101100011101101
000001000101000001000111000001101101101011000101
000001000101000001000101101011100111000001001101
000001000101000001000101101011000111000001101101
000001000101000001000101101001100101000011001111
000001000101000001000101101001001101000011100111
000001000101000001000101100011101101001001000111
000001000101000001000101100011000101001001101111
000001000101000001000101100001001111001011100101
000001000101000001000101001011101101100001000111
000001000101000001000101001011100101100001001111
000001000101000001000101001001000111100011101101
000001000101000001000101000011000101101001101111
000001000100010101010101010101010100000101010101
000001000100010101010101010001010101000101010101
000001000100010101010101000101010101010001010101
000001000100010101010100000101010101010101010101
000001000100001111010001000010110100001111010001
000001000011011001001001011010001001001001011001
000001000011011001001001001010001001001001011011
000001000011010101000111010001000011000101000111
000001000011001101001111000001001011000101000101
000001000011001101001111000001001011000101000011
000001000011001101001111000001001011000100000111
000001000011001101001111000001001011000001000111
000001000011001101001111000001001010000101000111
000001000011001101001111000001001001000101000111
000001000011001101001111000001000111001001000011
000001000011001101001101000001001011000101000111
000001000011001101001011000101000111001001000011
000001000011001101001011000001001111000101000011
000001000011001101001011000001001011000101000111
000001000011001101000111001001001011000101000101
000001000011001101000111001001001011000101000011
000001000011001101000111001001001011000100000111
000001000011001101000111001001001011000001000111
000001000011001101000111001001001010000101000111
000001000011001101000111001001001001000101000111
000001000011001101000111001001000011000101000111
000001000011001101000111001000001011000101000111
000001000011001101000111000001001111001001000011
000001000011001101000111000001001011000101000111
000001000011001101000111000001000111001001001011
000001000011001101000110001001001011000101000111
000001000011001101000101001001001011000101000111
000001000011001101000011001001001111000101000011
000001000011001101000011001001001011000101000111
000001000011001101000011000101001111001001000011
000001000011001101000011000101000111001001001011
000001000011001100001111000001001011000101000111
000001000011001100000111001001001011000101000111
000001000011001001001111000101001011000001000111
000001000011001001001111000101000011001101000011
000001000011001001001111000001001011000101000111
000001000011001001001111000001000111001101000011
000001000011001001001011000101000111001001000111
000001000011001001001011000101000011001101000111
000001000011001001001001011010001001001011011001
000001000011001001000111001101001011000001000111
000001000011001001000111001001001011000101000111
000001000011001001000111000101001011001101000011
000001000011001001000111000101000011001101001011
000001000011001001000111000001001111001101000011
000001000011001001000111000001000111001101001011
000001000011001001000011000101001111001001000111
000001000011001001000011000101001011001101000111
000001000011001001000011000101000111001001001111
000001000011001001000011000101000011001101001111
000001000011000111000111000101000111000011000011
000001000011000111000011000101000111000011000111
000001000011000101010111000001010011000101000111
000001000011000101001111001001000011001101000101
000001000011000101001111001001000011001101000011
000001000011000101001111001001000011001100000111
000001000011000101001111001001000011001001000111
000001000011000101001111001001000011000101000111
000001000011000101001111001001000010001101000111
000001000011000101001111001001000001001101000111
000001000011000101001111000001001011001101000101
000001000011000101001111000001001011001101000011
000001000011000101001111000001001011001100000111
000001000011000101001111000001001011001001000111
000001000011000101001111000001001011000101000111
000001000011000101001111000001001010001101000111
000001000011000101001111000001001001001101000111
000001000011000101001111000001000011001101000111
000001000011000101001110001001000011001101000111
000001000011000101001101001001000011001101000111
000001000011000101001101000001001011001101000111
000001000011000101001011001001000111001101000011
000001000011000101001011001001000011001101000111
000001000011000101001011000001001111001101000011
000001000011000101001011000001001011001101000111
000001000011000101000111010001000011010101000111
000001000011000101000111001001001011000101001101
000001000011000101000111001001001011000101001011
000001000011000101000111001001001011000101000111
000001000011000101000111001001001011000100001111
000001000011000101000111001001001011000001001111
000001000011000101000111001001001010000101001111
000001000011000101000111001001001001000101001111
000001000011000101000111001001000011001101001101
000001000011000101000111001001000011001101001011
000001000011000101000111001001000011001101000111
000001000011000101000111001001000011001100001111
000001000011000101000111001001000011001001001111
000001000011000101000111001001000011000101001111
000001000011000101000111001001000010001101001111
000001000011000101000111001001000001001101001111
000001000011000101000111001000001011000101001111
000001000011000101000111000001010011000101010111
000001000011000101000111000001001011001101000111
000001000011000101000111000001001011000101001111
000001000011000101000111000001000011001101001111
000001000011000101000110001001001011000101001111
000001000011000101000110001001000011001101001111
000001000011000101000101001001001011000101001111
000001000011000101000101001001000011001101001111
000001000011000101000011001001001111000101001011
000001000011000101000011001001001011000101001111
000001000011000101000011001001000111001101001011
000001000011000101000011001001000011001101001111
000001000011000100001111001001000011001101000111
000001000011000100001111000001001011001101000111
000001000011000100000111001001001011000101001111
000001000011000100000111001001000011001101001111
000001000011000011000111000101000111000111000011
000001000011000011000011000101000111000111000111
000001000011000001001111001101000011001001000111
000001000011000001001111001001000011001101000111
000001000011000001001111000101001011001001000111
000001000011000001001111000001001011001101000111
000001000011000001000111001101001011000001001111
000001000011000001000111001101000011001001001111
000001000011000001000111001001001011000101001111
000001000011000001000111001001000011001101001111
000001000010100101011111000001010010000100011101
000001000010100100011101000001010110100100010111
000001000010100100011101000001010010000101011111
000001000010100100010111000001010110100100011101
000001000010001101001111000001001011000101000111
000001000010001101000111001001001011000101000111
000001000010000101011101000001010010100100011111
000001000010000101001111001001000011001101000111
000001000010000101001111000001001011001101000111
000001000010000101000111001001001011000101001111
000001000010000101000111001001000011001101001111
000001000010000100011111000001010010100101011101
000001000001011011001001001010011001001001001011
000001000001011001001001001010011001001001011011
000001000001001111001101000011001001000111000101
000001000001001111000101001011001001000111000101
000001000001001101001111000001001011000101000111
000001000001001101000111001001001011000101000111
000001000001000111001101001011000001001111000101
000001000001000111001101000011001001001111000101
000001000001000111000101001011001001000111001101
000001000001000111000101001011000001001111001101
000001000001000101001111001001000011001101000111
000001000001000101001111000001001011001101000111
000001000001000101000111001001001011000101001111
000001000001000101000111001001000011001101001111
000000110010010011110001010000110000010001110011
000000110010010001110001010000110000010011110011
000000110000010001110001010010110010010001110011
000000110000010001110001010010110000010011110011
000000101010111000001001010000100010111100001011
000000101000100100010001111100011101000001010011
000000100111100110100001100000100011100010100101
000000100111100010100001100000100011100110100101
000000100110100101000111100100000110000101000111
000000100110100101000111000100000110000101100111
000000100110000101100111100100000110000101000111
000000100110000101000111000100000110100101100111
000000100101100110100011100100100001100010100011
000000100101100110100011100000100001100010100111
000000100101100010100111100100100001100010100011
000000100101100010100011100000100001100110100111
000000100100000111010001000010110100001111010101
000000100011110010010011000010110011100010000011
000000100011110010000011010010110011100010000011
000000100011100010100001100100100111100010100101
000000100011100010100001100100100011100110100101
000000100011100010010011010010100011110010000011
000000100011100010010011000010110011110010000011
000000100011100010000011010010110011100010010011
000000100011100010000011010010100011110010010011
000000100010111100001010110000100010111100001001
000000100010111100001001010000101010111000001011
000000100010111000001011010000101010111100001001
000000100010001100100000101001101111010110000011
000000100001100110100111100000100101100010100011
000000100001100110100011100100100101100010100011
000000100001100010100111100100100001100110100011
000000100001100010100111100000100101100110100011
000000100001100010100011100100100101100010100111
000000100001100010100011100100100001100110100111
000000100001011001111001000001101001010001110001
000000100001011001110001001001101001010001110001
000000100001010001111001001001100001011001110001
000000100001010001111001000001101001011001110001
000000100001010001110001001001101001010001111001
000000100001010001110001001001100001011001111001
000000100001001101001001101001001101001001101001
000000100001001101001001101001001101001001001101
000000100001001101001001101001001001101001001101
000000100001001101001001001101001001101001001101
000000100001001001101001001101001001101001001101
000000100000110000101010001011000010011101110011
000000100000101100010100001101111001010110010001
000000011010010111100100010001000100100001100111
000000010101010001010001010100010101010101010101
000000010101000101010101010101000101000101010101
000000010101000101010101010100010100010101010101
000000010101000101010101010001010001010101010101
000000010101000101010001010001010101010101010101
000000010101000101000101010100010101010101010101
000000010101000101000101000101010101010101010101
000000010100010101010101010100010101000101010101
000000010100010101010101000101010101010100010101
000000010100010101010100010101010100010101010101
000000010100010100010101010100010101010101010101
000000010011110010100011010010000011100010100011
000000010011110010100011000010000011100010110011
000000010011100010110011010010000011100010100011
000000010011100010100011000010000011110010110011
000000010001011110000100111000010001011110000101
000000010001010101010101010001010101000101010101
000000010001010101010101000101010101010001010101
000000010001001011001001011001001011001001011001
000000010001001011001001011001001011001001001011
000000010001001011001001011001001001011001001011
000000010001001011001001001011001001011001001011
000000010001001001011001001011001001011001001011
000000010000110101100110010001001110000011100101
000000001101001011001110001000001100001010001111
000000001101001010001110001000001100001011001111
000000001100001010001110001001001101001010001111
000000001100001010001110001001001100001011001111
000000001011001101000111001001000011000101000111
000000001011001101000111000001000011000101001111
000000001011000101001111001001000011000101000111
000000001011000101000111000001000011001101001111
000000001010010011010010011010010011010010010011
000000001010010011010010011010010010011010010011
000000001010010011010010010011010010011010010011
000000001010010010011010010011010010011010010011
000000000110100101100111000100100110000101000111
000000000110100101000111100100100110000101000111
000000000110000101100111100100000110100101000111
000000000110000101100111000100100110100101000111
000000000110000101000111100100100110000101100111
000000000110000101000111100100000110100101100111
000000000101010100010101000101010101010101010101
000000000101010001010101010101000101010101010101
000000000101001001101001001101001001101001001101
000000000011001101001111000001001011000101000111
000000000011001101000111001001001011000101000111
000000000011001001011001001011001001011001001011
000000000011000101001111001001000011001101000111
000000000011000101001111000001001011001101000111
000000000011000101000111001001001011000101001111
000000000011000101000111001001000011001101001111
000000000001000100111000100111010011010100100111
