0000000000000000000000000000000100010101111
0000000000000000000011000000000000000101111
0000000000000000100010000000000000000101111
0000000000000000000000000000100010001001111
0000000000000000000000000001000100010001111
0000000000000000000000000010001000100001111
0000000000000000000000000100001000100001111
0000000000000000000000001000010000100001111
0000000000000000010000000100000000100001111
0000000000000010000000010000000001000001111
0000000000100000000001000000000010000001111
0000000000000000100000000001000100000001111
0000000000100000000001000000000100000001111
0000000000000100000001000000001000000001111
0000000000001000010000000000010000000001111
0000000000000100000001000000100000000001111
0000000000000000000000000000000011001010111
0000000000000000000001100000000000001010111
0000000000000000010000100000000000001010111
0000000000000000000001000000000010010010111
0000000000000000000000000000000110010100111
0000000000000000000100100000000000010100111
0000000000000000001000000100010000000100111
0000000000000000000000001010100000000100111
0000000000000000100000000010000001001000111
0000000000000010000000010000001000001000111
0000000000000001000000100000001000001000111
0000000000000000010010000001000000001000111
0000000000000000000001000100010000010000111
0000000000000000100010000001000000010000111
0000000000000000001000001001000000100000111
0000000000000100001001000000000000100000111
0000000000000000000000010010010001000000111
0000000000010000001000001000000001000000111
0000000000100000000001000100000010000000111
0000000000100000000011000000000010000000111
0000000000000000001100000000010100000000111
0000000000000100010000000010000100000000111
0000000000000100010000000000101000000000111
0000000000010000000010010000001000000000111
0000000000001000100000000010010000000000111
0000000000000100000010010000010000000000111
0000000000000100001000001000100000000000111
0000000000000000000000010000100001000011011
0000000000000000000000000110000000001101011
0000000000000000010000000010000000010101011
0000000000000100000000000010000000010101011
0000000000000000000011000000000000010101011
0000000000000000000110000000000000010101011
0000000000000000000001000001000001000101011
0000000000000000000011000000100000000101011
0000000000000000001000001100000000000101011
0000000000000010000000000010000001001001011
0000000000000010000000100000000001001001011
0000000000010000000010000000100000001001011
0000000000000010000000100001000000001001011
0000000000000100001000100000000000001001011
0000000000010000000000010000000100010001011
0000000000000000000010010000010000010001011
0000000000000000001000010000010000010001011
0000000000000000100000000101000000010001011
0000000000001000010000000001000000010001011
0000000000000000100100000100000000010001011
0000000000000001000000000000000101100001011
0000000000000000100010000000010000100001011
0000000000000000001000100000100000100001011
0000000000000000000010001001000000100001011
0000000000000001000000000010000101000001011
0000000000000010000100000000000101000001011
0000000000000000001000010000010001000001011
0000000001000000000100000010000001000001011
0000000000000100000000001100000001000001011
0000000000000100000000010001000010000001011
0000000000000000000001100010000010000001011
0000000001000001000000010000000010000001011
0000000000000001000000001000010100000001011
0000000000001000000001001000000100000001011
0000000000000000010100100000000100000001011
0000000000001000000100100000000100000001011
0000000000000000000011000000101000000001011
0000000000010000000100000100001000000001011
0000000000000100000000110000001000000001011
0000000000000000000011000001010000000001011
0000000000000010000000000110100000000001011
0000000000000100000000000110100000000001011
0000000000000110000000000010100000000001011
0000000000000000100010000011000000000001011
0000000000000000001010001100000000000001011
0000000000000000000000000001010000001110011
0000000000000010000000000000010000010110011
0000000000000000010001000000010000000110011
0000000000000100000001000000010000000110011
0000000000001010000000000010000000000110011
0000000000000000000000000010001000011010011
0000000000000000000110000000000000101010011
0000000000000000001000000010000100001010011
0000000000000000001000001000000100001010011
0000000000010000000100000000000100001010011
0000000000010000000000100000100000001010011
0000000000000100010000000010000000001010011
0000000000010000000000010000000010010010011
0000000000001000000100000000000010010010011
0000000000000000000001100000001000010010011
0000000001000000000100000000010000010010011
0000000000000100001000000001000000010010011
0000000000001010000000000100000000010010011
0000000000000000001000010000000010100010011
0000000000000100000000000001001000100010011
0000000000000000000000001100001000100010011
0000000000000010000000000100001000100010011
0000000000000010000000100000001000100010011
0000000000000010100000000000001000100010011
0000000000000000000000011000010000100010011
0000000000001000000001000000100000100010011
0000000000000000100000100001000000100010011
0000000000000010000100000000000011000010011
0000000000010000000000010000001001000010011
0000000000000100000010000000001001000010011
0000000000000000000000110000100001000010011
0000000000000010000001001000000001000010011
0000000000000010000101000000000001000010011
0000000000000010000110000000000001000010011
0000000000000010000000000001010010000010011
0000000000000010100000000001000010000010011
0000000000000000001001000010000010000010011
0000000000000100001000000010000010000010011
0000000000010000000000101000000010000010011
0000000000001000010000001000000010000010011
0000000000100001000000010000000010000010011
0000000000000100000001000010000100000010011
0000000000000000000100001100000100000010011
0000000000000000000100010000101000000010011
0000000000001000000100000000101000000010011
0000000000000010000000001001010000000010011
0000000000000000100010000001100000000010011
0000000000000001000000010010100000000010011
0000000000001000000000010010100000000010011
0000000000000100000000100101000000000010011
0000000000000101001000000001000000000010011
0000000000001000000110000100000000000010011
0000000000001000000000000100000000101100011
0000000000001000000001000000010000001100011
0000000001000000000100000000100000001100011
0000000001000000001000000000100000001100011
0000000001000000001000000001000000001100011
0000000000001000000000000100000000110100011
0000000000000000000010010000000001010100011
0000000000000000001000010000010000010100011
0000000000000000100000000101000000010100011
0000000000000000100000010010000000010100011
0000000000000010000000010100000000010100011
0000000000010010000000000100000000010100011
0000000000000000100000000000001100100100011
0000000001000000001000000010000000100100011
0000000000001000000000100100000000100100011
0000000000000001001000000000000101000100011
0000000000000000100000000001010001000100011
0000000000000000000010100000010001000100011
0000000000001000001000000000100001000100011
0000000000010000000000010010000001000100011
0000000000000100100000000010000001000100011
0000000000000001000000000000011010000100011
0000000000000000011000000001000010000100011
0000000000001001000000001000000010000100011
0000000000010000000001000000001100000100011
0000000000000001000000010000100100000100011
0000000000000000000110000010000100000100011
0000000000100000000010000010000100000100011
0000000000000000000110000100000100000100011
0000000000000000000100100000101000000100011
0000000000000000100010000000110000000100011
0000000000010000001000010000010000000100011
0000000000100000000010000010100000000100011
0000000000000000100100000101000000000100011
0000000000000100000100001001000000000100011
0000000000010100000000001001000000000100011
0000000000100000000100010010000000000100011
0000000000100000000110000010000000000100011
0000000000000100000000001000000010011000011
0000000000100000000001000000000010011000011
0000000000000010000000000010100000011000011
0000000000000100000000100010000000101000011
0000000000000001000000000000100011001000011
0000000000000001000000100010000001001000011
0000000000010000100000000100000001001000011
0000000000100000000010001000000001001000011
0000000000000000010000100001000010001000011
0000000000000000011000000001000010001000011
0000000000001000000010010000000010001000011
0000000000000000010010100000000010001000011
0000000001000000010000100000000010001000011
0000000000000000001000100010000100001000011
0000000000000100000000001001001000001000011
0000000000000000010000101000001000001000011
0000000000000100100000000001010000001000011
0000000000001000110000000000010000001000011
0000000000000001010001000000100000001000011
0000000000001001000000001010000000001000011
0000000000000000100010110000000000001000011
0000000000000000001010000000000001110000011
0000000000000000000100010000000010110000011
0000000000000010000000010000000010110000011
0000000000000001010000000000010000110000011
0000000000000000010000001000000011010000011
0000000000000001000000000010000101010000011
0000000000001000000000000100001001010000011
0000000000001000010000000000010001010000011
0000000000000000100001000000100001010000011
0000000000000000000010010010000001010000011
0000000000000010000000000001010010010000011
0000000000000010000000010100000010010000011
0000000000000001010000001000000010010000011
0000000000000000100000000010010100010000011
0000000000010000000010010000000100010000011
0000000000000000100010000100001000010000011
0000000000000100000000100001010000010000011
0000000000010000001000001000010000010000011
0000000000010000001000010000010000010000011
0000000000000000100001001000100000010000011
0000000000000000100000100101000000010000011
0000000000000100010000001001000000010000011
0000000000000100001000010001000000010000011
0000000000000101000000100001000000010000011
0000000000000000100110000001000000010000011
0000000000000101001000000001000000010000011
0000000000100001010000000001000000010000011
0000000000100100010000000001000000010000011
0000000000010001000000010010000000010000011
0000000001001000001000000010000000010000011
0000000000100010000100000100000000010000011
0000000000001010100000001000000000010000011
0000000000000001010000000000000011100000011
0000000000000000000000000001010101100000011
0000000000000000010100000000001001100000011
0000000000000001010000001000000001100000011
0000000000001000001000000000001010100000011
0000000000000001000001000001000100100000011
0000000000001000100000100000000100100000011
0000000000000100000000010001001000100000011
0000000000000010000000100100001000100000011
0000000000000001000001001000001000100000011
0000000000000000010010100000001000100000011
0000000000000000010011000000001000100000011
0000000000000010000010000001010000100000011
0000000001000000001000000010010000100000011
0000000000000010000001001000010000100000011
0000000000000110000001000000100000100000011
0000000000000010010000000101000000100000011
0000000000000100000001010100000000100000011
0000000000000001010011000000000000100000011
0000000000000000000000000010101011000000011
0000000000000001000000100000001011000000011
0000000000000001010000001000000011000000011
0000000000100000100000000010000101000000011
0000000000000000010010000100000101000000011
0000000000000000100001000010010001000000011
0000000000010000001000001000100001000000011
0000000000010001000001000000100001000000011
0000000000000000000000101011000001000000011
0000000000001000000100000011000001000000011
0000000000001010000100000001000001000000011
0000000000001000001000010100000001000000011
0000000000000001000110001000000001000000011
0000000000010000001100000000001010000000011
0000000000000010000000100001010010000000011
0000000000000001010000001000010010000000011
0000000000000000100001010000010010000000011
0000000000001000101000000000010010000000011
0000000000000001000011000000100010000000011
0000000000000010000011000000100010000000011
0000000000010000100100000000100010000000011
0000000000010000001000001001000010000000011
0000000000000100000011000010000010000000011
0000000000000100000100001100000010000000011
0000000000000100010100000100000010000000011
0000000000000100000011001000000010000000011
0000000000001001010000001000000010000000011
0000000000000001000110010000000010000000011
0000000000010100100001000000000010000000011
0000000000000000000000001010101100000000011
0000000000000000000100010010010100000000011
0000000000001000000100100000010100000000011
0000000000000100010010000000010100000000011
0000000000100000001100000000010100000000011
0000000000001001000000100001000100000000011
0000000000100000000010000110000100000000011
0000000000010100010000000010000100000000011
0000000000100000000001001100000100000000011
0000000000000100101000000100000100000000011
0000000000000010001001010000000100000000011
0000000000001010000000000100011000000000011
0000000000000000000010010010101000000000011
0000000000000000010011000000101000000000011
0000000000000000010000100011001000000000011
0000000000000000010100001001001000000000011
0000000000001000000000101010001000000000011
0000000000000100000100100010001000000000011
0000000000010100100000000010001000000000011
0000000000000010000011000100001000000000011
0000000000000001000100101000001000000000011
0000000000001010001010000000001000000000011
0000000000000000010001001001010000000000011
0000000000000100100000100001010000000000011
0000000000000000001011000001010000000000011
0000000000000001000100001010010000000000011
0000000000001000000011001000010000000000011
0000000000000101000110000000010000000000011
0000000000000000100000010101100000000000011
0000000000000000010001000110100000000000011
0000000000000001001010001000100000000000011
0000000000000010100010010000100000000000011
0000000000000010100001100000100000000000011
0000000000000001010110000000100000000000011
0000000000000100100100000101000000000000011
0000000000000000000000010000100001000011101
0000000000000010000100000000000001000011101
0000000000000000000000000001000100010101101
0000000000000001000000000100000100000101101
0000000000000000001000110000000000000101101
0000000000000000100011000000000000000101101
0000000000000000010010000000000000101001101
0000000000000100001000000000000100001001101
0000000000000000000010001000010000001001101
0000000000000000000100100000000000110001101
0000000000000000000100000000110000010001101
0000000000000000001000001010000000010001101
0000000000000000000010010000001000100001101
0000000000000001000010000000001000100001101
0000000000000000000000101000010000100001101
0000000000000000000000100100100000100001101
0000000000000000000100100000100000100001101
0000000000000000100100000000100000100001101
0000000000010000001000000010000000100001101
0000000000000010001000000100000000100001101
0000000000000001000010000000001001000001101
0000000000000001000000100001000001000001101
0000000000000010000000110000000001000001101
0000000000100100000000010000000001000001101
0000000000000010000100000000001010000001101
0000000000000100010000000001000010000001101
0000000000000001000000000110000100000001101
0000000000000001000000100010000100000001101
0000000000010001000000000010000100000001101
0000000000000100000000011000000100000001101
0000000000010000000011000000000100000001101
0000000000000100010000001000001000000001101
0000000000000100000000001001010000000001101
0000000000001000000000001100010000000001101
0000000000000000000100001000000100000110101
0000000000010000000010000000001000000110101
0000000000000010010000001000000000000110101
0000000000000000100000000100000000011010101
0000000000000001000000000010000001001010101
0000000000001000000010000000000001001010101
0000000000000000000010000000100010001010101
0000000000000000000000010000001100001010101
0000000000000000000000010000100100001010101
0000000000000010000000100000001000001010101
0000000000000000000010000000110000001010101
0000000000000001000000100000010000001010101
0000000001000000000100000000010000001010101
0000000000000000000010000001100000001010101
0000000000001000000010000000100000001010101
0000000001000000001000000001000000001010101
0000000000100000001000000010000000001010101
0000000000000010000000001100000000001010101
0000000000000000000100000000110000010010101
0000000000100000000010000001000000010010101
0000000000000010001000000001000000010010101
0000000000000000010000010010000000010010101
0000000000000000000000101000001000100010101
0000000001000000000100000000010000100010101
0000000000000000001000000100100000100010101
0000000000010000000100000000100000100010101
0000000000000010000000001100000000100010101
0000000000000000000100000100001001000010101
0000000000000100000100000000001001000010101
0000000000000000000000101000010001000010101
0000000000000100000001000001000001000010101
0000000000100000100000000100000001000010101
0000000000000100010000000000001010000010101
0000000000000100000010000000010010000010101
0000000000000000000010100000100010000010101
0000000000000100000100000000100010000010101
0000000000010000000000100100000010000010101
0000000000010000001000010000000010000010101
0000000000000000100000010000100100000010101
0000000000000001000000010000100100000010101
0000000000000000000100100000011000000010101
0000000000000100001000000001001000000010101
0000000000000000000001001100001000000010101
0000000001000000100000001000010000000010101
0000000000000000000000000100100000011100101
0000000000000000000100000000100010001100101
0000000000000000000001001000001000001100101
0000000000001000000000100000000010010100101
0000000000000100000000100000000100010100101
0000000000001000000000100000001000010100101
0000000001000000000100000000010000010100101
0000000000000100000000000010000100100100101
0000000000100000000001000000000100100100101
0000000000100000000010000000001000100100101
0000000000000000000000000001000111000100101
0000000000000000000100000100000011000100101
0000000000000000000100001000000101000100101
0000000000000001000000000001010001000100101
0000000000000010000001000000010001000100101
0000000000000001000000100000100001000100101
0000000000000001000000100001000001000100101
0000000000000000100000100100000001000100101
0000000000000000000010001000000110000100101
0000000000000010000100000000001010000100101
0000000000001000000100000000001010000100101
0000000000000001000001000001000010000100101
0000000000000000000100000110000010000100101
0000000000100000000100000010000010000100101
0000000000000010000000001100000010000100101
0000000000000000000101000100000010000100101
0000000000000001000001100000000010000100101
0000000000000100000000000001001100000100101
0000000000000100000000110000000100000100101
0000000000000100001000100000000100000100101
0000000000100100000001000000000100000100101
0000000000000100000010000000110000000100101
0000000000100000000100000100100000000100101
0000000001000000100010000000100000000100101
0000000000100000010000010001000000000100101
0000000001000000010010000001000000000100101
0000000000000000001000100110000000000100101
0000000000100000100100000010000000000100101
0000000000000000000001000100100000011000101
0000000000001000000000000100100000011000101
0000000001000000000100000000010000101000101
0000000001000000000100000000010001001000101
0000000000000000000001000110000001001000101
0000000000000000000010000110000001001000101
0000000000000000001000110000000001001000101
0000000000000000000101000000001010001000101
0000000000000000000101000000100010001000101
0000000000000001010000000000100010001000101
0000000000100000010000000000100010001000101
0000000000000101000000000000100010001000101
0000000000000000001000000101000010001000101
0000000000000100000000010000001100001000101
0000000000000000000010001010000100001000101
0000000000010000000000010010000100001000101
0000000000100000000010001000000100001000101
0000000000000100000000001000011000001000101
0000000000000000010000010000110000001000101
0000000000001000010000000000110000001000101
0000000000100000000100000001010000001000101
0000000000000001000000101000010000001000101
0000000000000001000100000011000000001000101
0000000000000000101000000011000000001000101
0000000000010000000010000001000000110000101
0000000000000000100000000100001001010000101
0000000001000000000100000001000001010000101
0000000001000000001000001000000010010000101
0000000000010001000000001000000010010000101
0000000000010000100010000000000010010000101
0000000000000100000010000000010100010000101
0000000000000000100000000010100100010000101
0000000000000100000000100000100100010000101
0000000000001000000001000000100100010000101
0000000000000000010000001010000100010000101
0000000000000000000100100100001000010000101
0000000001000000100001000000001000010000101
0000000000001000000001000001100000010000101
0000000000000000100000001100100000010000101
0000000000010000000010000100100000010000101
0000000000010000000000110001000000010000101
0000000000100000000010010001000000010000101
0000000001000000001001000010000000010000101
0000000000000100001000000000001001100000101
0000000000000000001000000010010001100000101
0000000000001000000000100000010001100000101
0000000000000100010000000000100001100000101
0000000000000000000000100000110010100000101
0000000000000000100000000000110010100000101
0000000000000000000001000011000100100000101
0000000000010000100000000001000100100000101
0000000000000100000000010010000100100000101
0000000000010000000000010000011000100000101
0000000000100000001000000000101000100000101
0000000000010000010000001000001000100000101
0000000000000010001000010000001000100000101
0000000000010000011000000000001000100000101
0000000000000000001000000110010000100000101
0000000000001000100000100000010000100000101
0000000001000000001100000000010000100000101
0000000000000000001000010001100000100000101
0000000000000000001010000001100000100000101
0000000000001000001000000011000000100000101
0000000000000001000000100001000011000000101
0000000001000000000100000010000011000000101
0000000000001000100000001000000011000000101
0000000000000100001000000000001101000000101
0000000000000000000000010001100101000000101
0000000000000001001000000001000101000000101
0000000001000000010000000100000101000000101
0000000000001000100000000001001001000000101
0000000000000100001000100000001001000000101
0000000000001000100000000001010001000000101
0000000000000000010010000100010001000000101
0000000000000001000000101000010001000000101
0000000000000100000010010000010001000000101
0000000000000001000100100000100001000000101
0000000000100000100010000000100001000000101
0000000000000010000100000011000001000000101
0000000000100000001000010001000001000000101
0000000001001000000001000001000001000000101
0000000000000000100001000110000001000000101
0000000001000000000100100010000001000000101
0000000000100000000011001000000001000000101
0000000000000001001100010000000001000000101
0000000000000100000000100001000110000000101
0000000000000100000100000001000110000000101
0000000000000001001000000010000110000000101
0000000000000000010010010000000110000000101
0000000000000000000000010010011010000000101
0000000000000100000100000001100010000000101
0000000000010000000000110001000010000000101
0000000000001001100000000001000010000000101
0000000000000100000000100110000010000000101
0000000000100000100001001000000010000000101
0000000000001000001001100000000010000000101
0000000000000100000100000001001100000000101
0000000000000010000000101000001100000000101
0000000000010010000000010000001100000000101
0000000000010000000001000001100100000000101
0000000000100000000010001000100100000000101
0000000001000000100010000000100100000000101
0000000001001000000010000001000100000000101
0000000000010001000000000110000100000000101
0000000000000100000010010010000100000000101
0000000000000010001001000010000100000000101
0000000000000010010000011000000100000000101
0000000000000100100000110000000100000000101
0000000000100010000001010000000100000000101
0000000000010010001000010000000100000000101
0000000000010001001000100000000100000000101
0000000000010011000001000000000100000000101
0000000000010000000100010000011000000000101
0000000000001000010000010010001000000000101
0000000000000100001000100010001000000000101
0000000000000100001001000100001000000000101
0000000000000100000011001000001000000000101
0000000000000010000110001000001000000000101
0000000000000000000010010001110000000000101
0000000000001000100000100000110000000000101
0000000000010000100000000110010000000000101
0000000000000000010010001100010000000000101
0000000000000000100001001001100000000000101
0000000000001000010010000001100000000000101
0000000000000010011000100000100000000000101
0000000000000010011010000000100000000000101
0000000000000001000100010011000000000000101
0000000000000001000011001001000000000000101
0000000000000100110001000001000000000000101
0000000000000001000110010010000000000000101
0000000000000000000010001000000000001111001
0000000000000000000100000001000010000111001
0000000000000001000000010000000010000111001
0000000000000100000001000000010000000111001
0000000000000000100100000010000000000111001
0000000000000000000000001000010000101011001
0000000000000010000000000010000001001011001
0000000000000001000000001000000010001011001
0000000000000000001000100000010000001011001
0000000000001000010000000001000000001011001
0000000000010000100000000100000000001011001
0000000000010000000100000000000100010011001
0000000000000000100100000000001000100011001
0000000000000000000100100000100000100011001
0000000000000000001000000101000000100011001
0000000000000000001000001001000000100011001
0000000000000010000000100001000000100011001
0000000000000000001001000001000000100011001
0000000000000010000000010010000000100011001
0000000000000000100100000010000000100011001
0000000000000000100000000101000001000011001
0000000000100000010000000001000001000011001
0000000001000000100000000100000001000011001
0000000000000010000000100000001010000011001
0000000000000000001000100000010010000011001
0000000000001000010000000000010010000011001
0000000000000000100100000000100010000011001
0000000000000001000010000010000010000011001
0000000000001000010000000010000010000011001
0000000000000000001000100100000010000011001
0000000000000000100100000010001000000011001
0000000000000000100100001000001000000011001
0000000000001000100001000000001000000011001
0000000000000100001000000001010000000011001
0000000001000010000000010000010000000011001
0000000000001000000100001000100000000011001
0000000000001000000010100001000000000011001
0000000000010000000100100001000000000011001
0000000000001000001010000001000000000011001
0000000000000000000000000100010000011101001
0000000000000000010000000000000011001101001
0000000000000000000000100000010001001101001
0000000000000000010000100000000001001101001
0000000000000000000010001000010000001101001
0000000000100000010000000001000000001101001
0000000000000000000000000001000110010101001
0000000000000001000000000001100000010101001
0000000000001000001000000001000000010101001
0000000000000000000000001001000001100101001
0000000000010000000000010000000001100101001
0000000000000000001000000000110000100101001
0000000000000000000001000011000001000101001
0000000000100000000001000001000001000101001
0000000000001000000000100100000001000101001
0000000000000000100000000001100010000101001
0000000000000000100100000001000010000101001
0000000001000000000100000001000010000101001
0000000000010000000010000001000100000101001
0000000000000001000000010010000100000101001
0000000000000000100100000100000100000101001
0000000000000000010000110000001000000101001
0000000000000100001000000001010000000101001
0000000000100000100000000100010000000101001
0000000001000000010000100000100000000101001
0000000000000001000101000000100000000101001
0000000000010000000000010000000001011001001
0000000000000000001000000010100000011001001
0000000000010000000001000000100000011001001
0000000000100000001000000010000000011001001
0000000000000000001000000010000001101001001
0000000000010000000000010000000001101001001
0000000000000010000000100000000001101001001
0000000000010000000000100000000001101001001
0000000000001000000000100000000010101001001
0000000000000000000010010000100000101001001
0000000000001000000000100000000011001001001
0000000000010000000000010000000101001001001
0000000000000000000100100001000001001001001
0000000000001000000100000010000001001001001
0000000000100000000100000001000010001001001
0000000000000000000100100010000010001001001
0000000000001000000100100000000010001001001
0000000000100000000010001000000100001001001
0000000000000000010001000000011000001001001
0000000000001001000000001000001000001001001
0000000000001000000001100000001000001001001
0000000000000000000010001011000000001001001
0000000000000000100001000101000000001001001
0000000001001000000001000001000000001001001
0000000000010000000010001010000000001001001
0000000000010000001000100010000000001001001
0000000000000000100000000001010000110001001
0000000000000000010000001000010000110001001
0000000000000000010010000000100000110001001
0000000000000001000001001000000000110001001
0000000000001000000000000100001100010001001
0000000000000001000000000011000100010001001
0000000000100000100000000010000100010001001
0000000000001000000001000000101000010001001
0000000000100000010000000100001000010001001
0000000001000000100000001000001000010001001
0000000000000100000000110000001000010001001
0000000000010000000001000000110000010001001
0000000000000000010000001100010000010001001
0000000000000001000000100100010000010001001
0000000001000000001000010000010000010001001
0000000000010000010000001100000000010001001
0000000000000100000001110000000000010001001
0000000000000100000000000001000101100001001
0000000000000100000100000000000101100001001
0000000000000100000000001010000001100001001
0000000000000010001000000000000110100001001
0000000000000001000010000000001010100001001
0000000000000000001000000110000010100001001
0000000000000100000000010010000010100001001
0000000000000001000001000010000010100001001
0000000000000000001000000110100000100001001
0000000000010000000100000100100000100001001
0000000000001000000010010000100000100001001
0000000001000000100100000001000000100001001
0000000000000001000010100010000000100001001
0000000000100000000100100010000000100001001
0000000000000000010000111000000000100001001
0000000000000001000011100000000000100001001
0000000000000000000001000001010011000001001
0000000000000001000000101000000011000001001
0000000000000000100010000010000101000001001
0000000000000001000100000010000101000001001
0000000000000010001100000000000101000001001
0000000001000000100000000010001001000001001
0000000000000100000001000001010001000001001
0000000000000001000000101000010001000001001
0000000000000100010000000010100001000001001
0000000000000010000010010000100001000001001
0000000000000010000001001010000001000001001
0000000001000000001000100010000001000001001
0000000000000001000010001100000001000001001
0000000000001000000100011000000001000001001
0000000000000010000001110000000001000001001
0000000000000000010000000010001110000001001
0000000000000000100000000010001110000001001
0000000000010000000010000000010110000001001
0000000000000010001000000010000110000001001
0000000000000001000100001000000110000001001
0000000000001000010000000100010010000001001
0000000000000100000110000000100010000001001
0000000000000010001010000010000010000001001
0000000001000000001000001100000010000001001
0000000000001000000001101000000010000001001
0000000001000001000010001000000010000001001
0000000000010001000101000000000010000001001
0000000001000001010000000010000100000001001
0000000000010000000000100000111000000001001
0000000000001000000001000100011000000001001
0000000000000001000000101000011000000001001
0000000000000100010000100000011000000001001
0000000000001000100001000000011000000001001
0000000000000010000101000100001000000001001
0000000000001000000110000100001000000001001
0000000001000000100000011000001000000001001
0000000000000001000100110000001000000001001
0000000000010000100001100000001000000001001
0000000000001000000000010001110000000001001
0000000000010000100000101000010000000001001
0000000000000001000101000001100000000001001
0000000000010000100000001010100000000001001
0000000000010000001010001000100000000001001
0000000000010001000001010000100000000001001
0000000000000001000101100000100000000001001
0000000000001000001100100000100000000001001
0000000000001000101001000000100000000001001
0000000000001000010100100001000000000001001
0000000000000010000011100100000000000001001
0000000000000000000100010000000000011110001
0000000000000000010001000000000000011110001
0000000000000000000010000001001000001110001
0000000000000000000100000010010000001110001
0000000000010000001000000000010000001110001
0000000000000100000000000100100000001110001
0000000000000000000100010010000000001110001
0000000000000001000000001000000010010110001
0000000000000000100000100000100000010110001
0000000000010000010000000000100000010110001
0000000000000000001000010010000000010110001
0000000000100000000001000000001000100110001
0000000000001000000100000000001000100110001
0000000000001000001000000001000000100110001
0000000000010001000000001000000010000110001
0000000001000000001000000010000100000110001
0000000000001000000010001000000100000110001
0000000000100000000010100000000100000110001
0000000000000000010000010000101000000110001
0000000000000001000100000000101000000110001
0000000000000000001000010010010000000110001
0000000000010000010000100000100000000110001
0000000000010000010010000000100000000110001
0000000000000000001000001011000000000110001
0000000000010000010000000101000000000110001
0000000000100000100000001010000000000110001
0000000000000010001001000010000000000110001
0000000000000100000000000100000001011010001
0000000000001000000000100001000000011010001
0000000000000000010000101000000000011010001
0000000000000000010000010000100001001010001
0000000000000100000011000000000001001010001
0000000000001000000010000000100010001010001
0000000000100000001000010000000010001010001
0000000000010000000001001000000100001010001
0000000000100000000010010000000100001010001
0000000000000010000000011000001000001010001
0000000000000001000100001000001000001010001
0000000000000000000010000101100000001010001
0000000000000010000001000101000000001010001
0000000000001000000001000101000000001010001
0000000000010000000001100001000000001010001
0000000000000000010000101100000000001010001
0000000000001000010000001100000000001010001
0000000000000000010000000000101000110010001
0000000000001000000100000000001000110010001
0000000000000000001000100001000000110010001
0000000000010000000000010000100001010010001
0000000000000010000000000101000001010010001
0000000000000010000000000001010010010010001
0000000000000010000000100000001100010010001
0000000000010000000100000001000100010010001
0000000001000000010000000001000100010010001
0000000001000000010000001000000100010010001
0000000000000010000001100000001000010010001
0000000001000000010000001000010000010010001
0000000000000010000000001011000000010010001
0000000000000001000001000110000000010010001
0000000000001000010000000110000000010010001
0000000000100001010000000100000000010010001
0000000000010001000001010000000000010010001
0000000000000000010000000000000111100010001
0000000000000000100000000000000111100010001
0000000000000000010000100000000011100010001
0000000000000001000000000101000001100010001
0000000001000000000100000010000010100010001
0000000001000001000000000100001000100010001
0000000000000100000010010000001000100010001
0000000000000100000001100000010000100010001
0000000000000100001000000001100000100010001
0000000000000000010000010101000000100010001
0000000000000000000100001110000000100010001
0000000000000010000100100000000011000010001
0000000000001000000000100100000101000010001
0000000000000100000110000000000101000010001
0000000000010000000000010000101001000010001
0000000000010000001000000000101001000010001
0000000000010000000001100000100001000010001
0000000000100010000010000000100001000010001
0000000000001000000010010010000001000010001
0000000000001000001000001100000001000010001
0000000000001000100000001100000001000010001
0000000000000100010000010100000001000010001
0000000000100000100000010100000001000010001
0000000000000001000011010000000001000010001
0000000000000100001000000100000110000010001
0000000000001000100000001000000110000010001
0000000000000010000001000001010010000010001
0000000000000001000010000001010010000010001
0000000000010000000001000011000010000010001
0000000000100000000010000011000010000010001
0000000000100000000100000101000010000010001
0000000000001000001010000001000010000010001
0000000000000000001000010110000010000010001
0000000000001000000010000110000010000010001
0000000000001000010000010100000010000010001
0000000000100000000101000100000010000010001
0000000000001000000010101000000010000010001
0000000000000010000000001000011100000010001
0000000000000010000000100001001100000010001
0000000001000000000100000001001100000010001
0000000000001000000100000100001100000010001
0000000000000010000000000010110100000010001
0000000000000010000110000000010100000010001
0000000000000000010000000111000100000010001
0000000001000000010000001001000100000010001
0000000000001000010001000000011000000010001
0000000000000010000001100000101000000010001
0000000000000000010000101001001000000010001
0000000000000100000010011000001000000010001
0000000000000010000010000011010000000010001
0000000000000001000010010001010000000010001
0000000001000000010000001100010000000010001
0000000000000100000001011000010000000010001
0000000000010000000011010000010000000010001
0000000000100000000101100000010000000010001
0000000000100000000100100001100000000010001
0000000000001000001001000010100000000010001
0000000000100000100000010100100000000010001
0000000000100000110000000100100000000010001
0000000000000001000011010000100000000010001
0000000000100001000101000000100000000010001
0000000000010000000011100001000000000010001
0000000000001000011000100001000000000010001
0000000000001000011010000001000000000010001
0000000000000100000100001110000000000010001
0000000000000100000011010010000000000010001
0000000000000000100001111000000000000010001
0000000000000000010000000010000000111100001
0000000000010000000000100000000001011100001
0000000000010000000000010000000100011100001
0000000000000001000000010000000010101100001
0000000000000100000000000101000000101100001
0000000000000001000000101000000000101100001
0000000000000100000001000000000101001100001
0000000000000010000000010100000001001100001
0000000000010000000100100000000001001100001
0000000000000100000000001000001010001100001
0000000001000000000100001000000100001100001
0000000000100000000001000000101000001100001
0000000000000100000000001010001000001100001
0000000000000100000001100000010000001100001
0000000000100000000010100000010000001100001
0000000000000100001010000010000000001100001
0000000000000000000100001000000101010100001
0000000000000100000000001100000001010100001
0000000000001000001001000000000001010100001
0000000000010000000000010000000110010100001
0000000000010000001000000001000010010100001
0000000000000000100000101000000010010100001
0000000000010000001000010000000010010100001
0000000000100000000010000000100100010100001
0000000000100000000010100000000100010100001
0000000000000000000100000010000011100100001
0000000000000000010000000000001110100100001
0000000000000000100000010000001010100100001
0000000000000000000100000000101100100100001
0000000000000000100000000000101100100100001
0000000000001000000101000000000100100100001
0000000000001000001000010100000000100100001
0000000000010000001000100100000000100100001
0000000000001000000000000100000111000100001
0000000000100000000100000001000011000100001
0000000000100000000100000100000011000100001
0000000000000100000001001000000011000100001
0000000001000000100000101000000001000100001
0000000000100000000100000100000110000100001
0000000000000001000000000000111010000100001
0000000000001000000000110000100010000100001
0000000000000100000101000000100010000100001
0000000000000001000000010011000010000100001
0000000000000000010000011010000010000100001
0000000000000001000000000000111100000100001
0000000000000000010000000011010100000100001
0000000001000000000100000000111000000100001
0000000000000010000010000001011000000100001
0000000001000000000100000100011000000100001
0000000000000000100000001001101000000100001
0000000000000100000001000001101000000100001
0000000000000100000011000000101000000100001
0000000000010000000000101001001000000100001
0000000001000000010000010100001000000100001
0000000000000100000000101100010000000100001
0000000001000000001100010000010000000100001
0000000000100000000100000101100000000100001
0000000001000000010000101000100000000100001
0000000000100000001001001001000000000100001
0000000000100000001010001001000000000100001
0000000000100000001010010001000000000100001
0000000000000100000110100010000000000100001
0000000000000001000001111000000000000100001
0000000000010000000010000000000100111000001
0000000000000000100000100100000000111000001
0000000000001000000001001000000000111000001
0000000000010000000100001000000001011000001
0000000000001000000001000000001010011000001
0000000000000100000000001000100010011000001
0000000000000000010000010000100010011000001
0000000000100000010000010000000010011000001
0000000000100000000110000000000100011000001
0000000000100000010100000001000000011000001
0000000000000100000001001010000000011000001
0000000000000000000010000001000011101000001
0000000000000010000000000010010001101000001
0000000000000100000000010000001100101000001
0000000000000010000000000011000100101000001
0000000000000000100000001000000111001000001
0000000000000001000000100000001011001000001
0000000000000001000000011000010001001000001
0000000000000001000000101000010001001000001
0000000000000100000000000101100001001000001
0000000000000100000000001010100001001000001
0000000000100000000011000000100001001000001
0000000000100000001100001000000001001000001
0000000000100000001010100000000001001000001
0000000000000000100000010000001110001000001
0000000000001000000010100000100010001000001
0000000001000000001000100001000010001000001
0000000000000010000000110100000010001000001
0000000000000000000010000001101100001000001
0000000000100000010000000010001100001000001
0000000000100000000001000000110100001000001
0000000000100000000101010000000100001000001
0000000000000000001000000100111000001000001
0000000000010000000001001001001000001000001
0000000000010000000001010001001000001000001
0000000000000100000000010001110000001000001
0000000000000100000000001101010000001000001
0000000000000100000001011000010000001000001
0000000000001000000010001011000000001000001
0000000000010000000100110001000000001000001
0000000001000000101000010001000000001000001
0000000001000000001001100010000000001000001
0000000000000000010000001000000011110000001
0000000000010000000000010000000011110000001
0000000000010000000001000000000011110000001
0000000000100000000001000000000101110000001
0000000000010000000000100000000110110000001
0000000000000001000000000010010010110000001
0000000000000010000000010000100010110000001
0000000000000100000000010010100000110000001
0000000000010000000001001000100000110000001
0000000000010000000101000000100000110000001
0000000000001000000110000000100000110000001
0000000000001000000001011000000000110000001
0000000000000100000000010001001001010000001
0000000001000000100001000000001001010000001
0000000000100000010010000000010001010000001
0000000000000010000000010000010110010000001
0000000000000100000000000101000110010000001
0000000001000000000100000001001010010000001
0000000000001000000001000000110010010000001
0000000000100000000010000000110010010000001
0000000000010000000010000000110100010000001
0000000000100000000010110000000100010000001
0000000000100000001110000000000100010000001
0000000000100000000100000001011000010000001
0000000000010000001000001000011000010000001
0000000000010000000001001000101000010000001
0000000000100000001011000000001000010000001
0000000000001000000010010000110000010000001
0000000000000001000000011001010000010000001
0000000000010000000010100100010000010000001
0000000000010000000000110001100000010000001
0000000000100000000010100011000000010000001
0000000000100000001010010010000000010000001
0000000000001000000000001000100101100000001
0000000000000100000000010000011001100000001
0000000000000100000000000110000110100000001
0000000000010000000100000100100100100000001
0000000001000000001010000010000100100000001
0000000000001000000000110101000000100000001
0000000000100000000101001001000000100000001
0000000000010000000001010110000000100000001
0000000001000000001010101000000000100000001
0000000000000000100000000100001111000000001
0000000000000000010000000010101011000000001
0000000000001000000000100100001011000000001
0000000000001000000000100110000101000000001
0000000000010000000000110000101001000000001
0000000000010000000000110001010001000000001
0000000000001000000000100100100110000000001
