00001110110100011001111010010110010010001000101111
00001110110001110110101100010001000101001001101111
00001101011010100011001111001100101001011000100111
00001101011000100111001011000100101000111011100111
00001101010010111110110010001010100100010101100111
00001101010010100011101110001100101101011000100111
00001101010010100011101011000100101001111001100111
00001101010010011110110011100010100100010011010111
00001101010010011110110010100010100100010111100111
00001101010010011110100011100010100100010111100111
00001101010010011110010011100010100100010111100111
00001101010010001011111011001110000110101001000111
00001101010010001011110011001110000110101101000111
00001101001010111101011100010001100010001001101111
00001101001010111101010100110100100010001001101111
00001101001010111101010100010101100010001001101111
00001100111110100100100111011010100010100100010111
00001100101011011011101001000110100011000100011111
00001100100100011001111010010111011010001000101111
00001100011110110010111100100111000101000100101011
00001100011110110010110100100111010101000100101011
00001100011010110010111100100111010101000100101011
00001100011010110010111100100011011101000100101011
00001100011010110000111100100101111101000100101011
00001100010010110010111100100111011101000100101011
00001100001101010010001010101110010011110100110111
00001011110111101001000110010100011010110010100011
00001011110101101001001110010100011010110010100011
00001011110100101011001110010100011010010011100011
00001011110010100011000110110101011010010011100011
00001011110001000101101110100111101001100010010011
00001011110001000100100110100111101001100010110111
00001011010100011101111100100110000101101010010011
00001011010100011101111100100010001100011110010011
00001011010100011100111100100010001110111010010011
00001011010100011100111100100010001110110110010011
00001011010100011100111100100010001100111110010011
00001011010100011100010100101010001110111110010011
00001011010011101100100010001100010100100111111101
00001010111101011100110101100010001000101111000011
00001010111101011100110100100010001001101111000011
00001010111101011100010101100010001001101111000011
00001010110111101001000110010100011010110010100111
00001010110110101011000110010100111010010001100111
00001010110110101011000110010100011010010011100111
00001010110010100111000110100101111010010001100111
00001010110010100011000110110101111010010001100111
00001010101000110110100110001001010111011011000111
00001010100100011011001000101001111101011110000111
00001010100100011011001000101001011101011110100111
00001010100010011100110101101100010110000111110011
00001010100010011100110100101110010110000111110011
00001010100010010100110101101101010110000111110011
00001010100010010100110100101111010110000111110011
00001010011110100010010100011100110111100100101011
00001010011101110001110010001101001010011001101011
00001010011011111010001001010110000111001100101011
00001010011011111010001001010110000111001001101011
00001010011011000100111111000101100101100110001101
00001010011001111001110010001101011000011100101011
00001010011001101001010010001111011100011100101011
00001010011001000110110010001111110101100101000111
00001010010101110001010010001101001110011001111011
00001010010100011101111100100010001100111110010011
00001010010011111010110001011010001101110100010011
00001010010011101111001110010101001000110001101011
00001010010011100111011110010101001000110101100011
00001010010001111011110011000101011000010100111011
00001010010001111001110011001101011000010100111011
00001010010001111001010010001101011100011100111011
00001010010001111001010010001101001100011101111011
00001010010001101111001110110100101000110101100011
00001010010001101011001110010101101001110001101011
00001010010001101011000110110100101001110111100011
00001010010001101011000110100100101001110111100111
00001010010001101011000110010101101001110011101011
00001010010001101011000110000101101001110011101111
00001010010001100111011110010100101010110001101011
00001010010001100011011110010101101001110101100011
00001010010001100011011110010100101011110001101011
00001010010001100011010110010101101001110111100011
00001010010001100011010110010100101011110011101011
00001010010001100011010110000101101001110111100111
00001010001011001100111001000101100101101010011111
00001010001011001100011011000101101101100010011111
00001010001011000100111101000101100101101110011101
00001010001001010110000111001101111101100100101011
00001001111111000111100010110010100001100110100101
00001001111101100101100001101100011010101010001101
00001001111011110011001010000110101001110000110101
00001001111011100011001011000110101001110000110101
00001001111010110111100011000100111001010010100011
00001001111010110001001010001110111001110000110101
00001001111001110111001010000110101000110010110101
00001001111001100111001011000110101000110010110101
00001001111001100111001011000100101000111010110101
00001001111001011110111011000110101000010100010011
00001001111001011110111011000110001000110100010011
00001001111001011110111011000100101000110100010011
00001001111001011110111001000110101000110100010011
00001001111001011110111001000110001010110100010011
00001001111001011110011011000110101000110100010011
00001001111001011110001011000110101000110100010111
00001001111001011100111011000110101000110100010011
00001001111001001110111011000110101000110100010011
00001001111001001110011011000110101010110100010011
00001001111000110101001010001110111000110010110101
00001001111000100101001011001110111000110010110101
00001001111000100101001011001100111000111010110101
00001001111000011110111011000110101000110100010011
00001001111000011110111001000110101010110100010011
00001001111000011110011011000110101010110100010011
00001001110111101001010110010100011000110110100011
00001001110110101011010110010100011000010111100011
00001001110101101001011110010100011000110110100011
00001001110100100011001110010101011010010111100011
00001001110100100011001110000101011011010111100011
00001001110011101001000110010100011010110110101011
00001001110010110101100111000110101001110010100011
00001001110010101011010110110100011000010011101011
00001001110010101011000110010100011010010111101011
00001001110010100111100011000110111101010010100011
00001001110010100111000011000110111101011010100011
00001001110010100101100111000110101101110010100011
00001001110010100101000111000110101101111010100011
00001001110010100101000110000110101101111010110011
00001001110001101001011110110100011000110010101011
00001001110001101001011110100100011001110010101011
00001001110001101001001110010100011010110110101011
00001001110000101011011110110100011000010011101011
00001001101010110010100001010111110010111100010011
00001001101001011110111011000110101000110100010011
00001001101000011110111011000110101010110100010011
00001001011111000110111000100010110011111000100101
00001001011111000110111000100010110011101000110101
00001001011110110101000101001000101110000110011111
00001001011101100101100001001110011010101010011101
00001001011101000110111010100010110011111000100101
00001001011101000110111010100010110011011000110101
00001001011100111101110010100100101100011000110101
00001001011100100110000101101010001110111110010011
00001001011011110101100011001100101001110010100011
00001001011011110011001110000110101001010001110101
00001001011011110001001010000110111001110001110101
00001001011011100011001111000110101001010001110101
00001001011011100011001111000100101001011001110101
00001001011011001110000110101001000101111101100101
00001001011011001110000110101001000101111101000111
00001001011011001110000110101001000101111001100111
00001001011011001110000110101001000100111101100111
00001001011011001010000110101001000101111101100111
00001001011011000110111000100010110011111000110101
00001001011010110011001110001110101001010000110111
00001001011010110011001010000110101001110001110111
00001001011010100011001111001110101001010000110111
00001001011010100011001111001100101001011000110111
00001001011010100011001011000110101001110001110111
00001001011010100011001011000100101001111001110111
00001001011010001110000110101001000101111101100111
00001001011001110101001010000110111000110011110101
00001001011001100111001111000110101000010011110101
00001001011001100111001111000100101000011011110101
00001001011001100101100111100001101110001001110101
00001001011001100101001011000110111000110011110101
00001001011001100101001011000100111000111011110101
00001001011001001110000110101001000101111101100111
00001001011001000110111010100010110011111000110101
00001001011000111001111010100101001101011000110101
00001001011000110111001110001110101000010010110111
00001001011000110101110010100101101110011000110101
00001001011000110101100010100101101110011100110101
00001001011000110101100010010101001110011110111001
00001001011000110001111010100101001111011000110101
00001001011000110001101010100101001111011100110101
00001001011000110001101010000101101110011110111001
00001001011000110001101010000101001111011100111101
00001001011000100111001111001100101000011010110111
00001001011000100111001011000110101000110011110111
00001001011000100111001011000100101000111011110111
00001001010111100111011110000101001000110001101011
00001001010011110101100111000110111001010010100011
00001001010011110101100011001110101001110010100011
00001001010011100101100111000110111101010010100011
00001001010011100101100011001110101101110010100011
00001001010011100101000111000110111101011010100011
00001001010011100101000110000110111101011010110011
00001001010011100101000011001110101101111010100011
00001001010010001011111011001110000100101101100111
00001001001011111100011100010101100010001001101111
00001001001011001110000110101001000101111101100111
00001001001000110110100010110101001011011111011001
00001000111101101011110110000110001010010100111001
00001000111010110111101011000100011001010010100111
00001000111010110101101111000100011001010011100101
00001000111010110101101111000100001001110010100111
00001000111000010100110110001101100100110111101011
00001000110111101101010110000100111000110100100111
00001000110111101001010110010100111000110100100111
00001000110111100111011010010101011000110001101001
00001000110111100111001010110100011010110001101001
00001000110111100101000110000101111010110100100111
00001000110110101111010110000100111000010101100111
00001000110110101011010110010100111000010101100111
00001000110110101011010110010100011000010111100111
00001000110110100111000110000101111010010101100111
00001000110110100011000110010101111010010101100111
00001000110110100011000110010101011010010111100111
00001000110110011001011010011011111100001110000101
00001000110110011001010010111011111001001110000101
00001000110110011001010010110011111101001110000101
00001000110110011001010010011011111101001110000101
00001000110110011001001010111011111100001110000101
00001000110110011001001010111011110101001110000101
00001000110110011001001000111001111101001110000111
00001000110110011001000010111011111101001110000101
00001000110110011000010011011010011010111100100111
00001000110101100111011010010101111000110001101001
00001000110101100011010010010101111001110011101001
00001000110101100011010010000101111001110011101101
00001000110101100011001010110100111011110001101001
00001000110101100011000010110100111011110011101001
00001000110101100011000010100100111011110011101101
00001000110011101101010110100100111000110000101111
00001000110011101101000110000100111010110100101111
00001000110011101001010110110100111000110000101111
00001000110011101001010110110100011000110010101111
00001000110011101001000110010100111010110100101111
00001000110010110111101011001110001001010011100101
00001000110010110111101011000110011001010010100111
00001000110010110101101111000110011001010011100101
00001000110010110101101111000110001001110010100111
00001000110010101111000110000100111010010101101111
00001000110010101011010110110100111000010001101111
00001000110010101011010110110100011000010011101111
00001000110010101011000110010100111010010101101111
00001000110010101011000110010100011010010111101111
00001000110010100111101011001110001101010011100101
00001000110010100111101011000110011101010010100111
00001000110010100111001011001110001101011011100101
00001000110010100111001011000110011101011010100111
00001000110010100111001010001110001101011011110101
00001000110010100101101111000110011101010011100101
00001000110010100101101111000110001101110010100111
00001000110010100101001111000110011101011011100101
00001000110010100101001110000110001101111010110111
00001000110010001110101111010001011001000111110101
00001000110001100100111110111010000100110010101111
00001000101110000110111111010010110011100100010101
00001000101010111001000111010011011110001100101101
00001000101010100100110111000011000111001011111101
00001000101001101111101001010110000111001111010001
00001000100111011010111110000100011000010101011111
00001000100110111100001100001010111101011100110101
00001000100110100100101111110001110110001110010101
00001000100101111010111110000100011001000101011111
00001000100100111101010110110100001111101100110001
00001000100011111000011001010110110111001010011101
00001000100011001010111110000100011010011101011111
00001000100010111011100101101000110101111100100101
00001000100010010111110001011001110101001011011101
00001000100001101010111110000100011011001101011111
00001000011011110101101111000100011001010010100111
00001000011011110101101011001100001001110010100111
00001000010111100111001110110100001010110001101011
00001000010101100111011110010101101000110001101011
00001000010101100111001110110100101010110001101011
00001000010101100011111001101000101011101100011011
00001000010101100011011110010101101001110001101011
00001000010101100011010110010101101001110011101011
00001000010101100011010110000101101001110011101111
00001000010101100011001110110100101011110001101011
00001000010101100011000110110100101011110011101011
00001000010100100011111001101000101011101100011111
00001000010011110101101111000110011001010010100111
00001000010011110101101011001110001001110010100111
00001000010011100101101111000110011101010010100111
00001000010011100101001110000110011101011010110111
00001000010011100101001011001110001101111010100111
00001000010011100101001010001110001101111010110111
00000111010101000100101011000011000111101100101111
00000111001111100100100100001000010011100011111111
00000111000110101101001100100010110111010100100111
00000110101111011010110010100100010101000011001111
00000110101110011010011010111100010001000100101111
00000110101100001110011011111010001001010110000111
00000110101010010110000100010101111101001110010111
00000110101001000111011001110000110010001011111011
00000110100011001101000010101001110001111101011011
00000110011110100010010100011100100111110100101011
00000110011110100010010100010100110111110100101011
00000110011011111010001001010110000111001100101011
00000110011011111010001001010110000111001001101011
00000110010011001101010010101011110001011101001011
00000110010011001101010010101011110000111101001011
00000110010011001101010010101011100001111101001011
00000110010011001101010010100011110001111101001011
00000110010011001101010000101011110001111101001011
00000110010011001101000010101011110001111101001011
00000110010011001101000010101011110000111101011011
00000110010011001101000010101001110001111101011011
00000110010011000101010010101011110001111101001011
00000110010011000101010010101001110001111101011011
00000110010011000101010000101011110001111101011011
00000110010010001101010010101011110001111101001011
00000110010010001101010010101011110001111011001011
00000110010010001101010010101011110001110111001011
00000110010010001101010010101001110001111101011011
00000110010010001101010010100011110001111101011011
00000110010010001101010000101011110001111101011011
00000110001100111110010011000010110101000110011111
00000110001011111010001001010110000111001101101011
00000110000111111100011110101010010101100010010011
00000110000011001101010010101011110001111101001011
00000101111111011001110100100111000101000010001011
00000101111111011001100100100111000101001010001011
00000101111111010001100110100111000101001010001011
00000101111110010010001110011010110111000101000011
00000101111110010010000110011010111110010101000011
00000101111110001010001110011010110111001001000011
00000101111101011001110110100111000101000010001011
00000101111101011001100110100111000101001010001011
00000101111100101010000110011010111111001001000011
00000101111010110110111010110010000100100100011011
00000101111010010110111110110010000100100110010011
00000101111010010110111110110010000100100100011011
00000101111010010110111010110010000100100110011011
00000101111010010010111110110010000100100110011011
00000101111000010110111110110010000100100110011011
00000101110010110110111110110010000100100110010011
00000101110010110110111010110010000100100110011011
00000101110010010110111110110010000100100110011011
00000101101110010010000110011010111111000101000111
00000101101110001010000110011010111111001001000111
00000101101101100111000011010100100010111010110011
00000101101101100111000011010100100010101110110011
00000101101010111000100110101000011101111100010011
00000101101000011001001111100110001000100111110111
00000101100111110001101010000100101110100011011101
00000101100111110001101010000100001111100011011101
00000101100111110001001010000100101111100011011101
00000101100111110000101010000100101111100011011101
00000101100111010001101010000100101111100011011101
00000101100110110001101010000100101111100011011101
00000101100110001111101001000010101100011111001101
00000101100100011101010100101000110010001111101111
00000101100011011001111010011110010000111010001011
00000101011111100010011010010000101011000111110011
00000101011010110101100101001000101110000110011111
00000101011010010110111110110010000100100110011011
00000101010111100101100100100010001111010010111011
00000101010110100101100110000110010001001110111111
00000101010110000110101000011111101110010011100011
00000101010110000110101000011011100110010111110011
00000101010010001101100010010100101110111111010011
00000101010010001011111011001100000101101101100111
00000101001110110110111010100010000111001001001111
00000101001110110010111110100010000111001011001101
00000101001100110010111110100010000111101001001111
00000101001010111000100110100000111101111110010011
00000101001001010110011110001000110110011111010011
00000101000111011110011000010110101000111110010011
00000101000110101001001100100011110111010110100111
00000101000110001000101110111001011010001101011111
00000101000101101110011101100010110010110001001111
00000100111111011001110110100111000101001010000011
00000100111111011001110110100111000101000010001011
00000100111111011001110110100110000101001010001011
00000100111111011001110110100011000101001010001011
00000100111111011001110100100111000101001010001011
00000100111111011001110010100111000101001010001011
00000100111111011001100110100111000101101000001011
00000100111111011001100110100111000101001010001011
00000100111111011001100110100101000101101010001011
00000100111111010001110110100111000101001010001011
00000100111111001001100110100111000101101010001011
00000100111110000110101111011010110010100100010101
00000100111100101111001101100011010100011010001011
00000100111011001101011111000010001000110010101111
00000100111010110110111110110010000100100100011011
00000100111010010110111110110010000100100110011011
00000100111001101001011110101100001111100110000101
00000100110111100000110011001011110110101100010101
00000100110110110001000010101101111111001001001011
00000100110011101101011111000010001100100010101111
00000100110011001001000010011011111011010010111101
00000100110001000111110011000011011110111010010101
00000100110000110111100101110011100100011010101011
00000100110000100111100101111011100100011010101011
00000100110000100111100101111001101100011010101011
00000100110000100110100101111011101100011010101011
00000100101101100111000011010100100010111110110011
00000100101010111100011001110110000101101010011011
00000100101001110000101111010000011110011111001101
00000100101000111001101111001001010110000111001111
00000100100111001000100011100001000111111110011111
00000100100110111100101111110001000110101100010101
00000100100110111100001110110001110110101100010101
00000100100110101100101111110001110110100100010101
00000100100110101100101011110001110110101100010101
00000100100110101000101111110001110110101100010101
00000100100110001100101111110001110110101100010101
00000100100010111110111000011010100100011101100111
00000100011110010010100110000011101011101101110011
00000100011100100101111010001111010001100110111001
00000100010111011010110011110000101000100110111101
00000100010111011010110001110000111011000110110101
00000100010111011010110001110000111010000110111101
00000100010111011010110001110000101011100110111001
00000100010111011010110001110000101011100110110101
00000100010111011010110001110000101011100110101101
00000100010111011010110001110000101010100110111101
00000100010111011010110001110000011010100110111101
00000100010111011010110000110000101011100110111101
00000100010111011010100011110000101010100110111101
00000100010111011010010001110000111011100110110101
00000100010111011010010001110000111010100110111101
00000100010111011010010001110000101011100110111101
00000100010111011000110011110000101010100110111101
00000100010110011010100110000011101111101001110011
00000100010101011010110001110000101011100110111101
00000100010011100110100011000111000101111101011011
00000100010011011010111000110000111011000110111101
00000100010011011010110001110000111011000110111101
00000100010011011010110001110000101011100110111101
00000100010011011010101111000110101110001000111101
00000100010011011010010001110000111011100110111101
00000100010011001011011100011111101001101011001001
00000100001111111010100110011100000111110001010011
00000100001111101010100110011101000011110101010011
00000100001111100010100110011100000111111101010011
00000100001110110110011010100010100111001001011111
00000100001110110010011110100010100111001011011101
00000100001100110010011110100010100111101001011111
00000100000101111011001110101000011100011010110111
00000011100010110001100000100111110110011100011111
00000011011110011101101101000111100010100000100111
00000011011110011101101101000111100010000010100111
00000011011101000100101011000011000111101100101111
00000011011001010100100100101000011101101111100111
00000011011000101010100101000101101001111001101111
00000011011000101000100101000111101001111001110111
00000011010001010010100011000101101110011010111111
00000011001110110010000011111001111111000010000111
00000011001001111100110001000100111110111000101011
00000011001001011110011010000011100101001011101111
00000011001001011101110001000100111110111000101011
00000011001001010110011010001011100101101011100111
00000011000101000101000111100010110110111001111011
00000010111111100101101000110001110100110101000011
00000010111101011100110101100010001001101111000011
00000010111011100101101000110101111100100001000111
00000010111011100101101000110001110100110101000111
00000010111011100101101000100101111100100101000111
00000010111011100101001000110101111100100101000111
00000010111011000101101000110101111100100101000111
00000010111001101111010000010001011101101011000111
00000010111001100101101000110100111100110101000111
00000010111001001001000110000111001001111011101111
00000010110111010000100111000001111001111011010011
00000010110100100100111111101111010000100011010011
00000010110011001001000010011011111011011010011101
00000010110001010110001101110111101001111001000011
00000010110001001001000010011011111011011010111101
00000010101111000111110101101100000110010011001101
00000010101101001100011001110100010010111101001111
00000010101100110110001110001101010101011011010011
00000010101100110110001100001001110101011011010111
00000010101001011011011111011001000010110011001101
00000010101000110110101100001001110111011011000111
00000010100111010100100111010001111001101011010011
00000010100110101101111010110000111110011000010101
00000010100110101000110101011101001001111100011011
00000010100110101000110101011101001001101100111011
00000010100110101000110101011101001001011100111011
00000010100110101000110001011101001001111100111011
00000010100110101000101101011101001000111100111011
00000010100110101000101001011101001001111100111011
00000010100110101000100101011101001001111100111011
00000010100110101000010101011101001001111100111011
00000010100110100001111101011101001000011100111011
00000010100110100000111101011101001000111100111011
00000010100110100000111001011101001001111100111011
00000010100110100000110101011101001001111100111011
00000010100110100000011101011101001001111100111011
00000010100110011000110101011101001001111100110011
00000010100110011000110101011101001001111000111011
00000010100110011000110101001101001001111100111011
00000010100110001000111101011101001000111100111011
00000010100110001000111001011101001001111100111011
00000010100110001000110101011101001001111100111011
00000010100101111110011101011000001100100101001111
00000010100101111100011110101010010101100110010011
00000010100010110101001111110001011001011001100111
00000010011111101100111011010011100010100101000101
00000010011100111110010010111010101100010101100101
00000010011100110011011010001111100101000101101011
00000010011011001100100011110110111110100100100101
00000010011011001100001011110110111110100100100101
00000010011011000100001011110111111110100000101101
00000010011011000100001011110111111100100100101101
00000010011011000100001011110111101110100100101101
00000010011011000100001011110111011110100100101101
00000010011011000100001011110101111110100100101101
00000010011010010111100010001011011101001111010101
00000010010111110001101110100000101100111110001101
00000010010110011111000110111010100001001111001101
00000010010110011010010111110100001011011010110011
00000010010101101110101110000011011010010011110011
00000010010101100110100110000011011010010111110111
00000010010100101111101110000011011010110011010011
00000010010100100111100110000011011010110111010111
00000010010011010010111111100001011011010110011001
00000010010011001100001011100111111110100100101101
00000010001110010100111010010101110101001101001111
00000010001101101100000010110100100100111111101111
00000010001101101100000010110100000101111111101111
00000010001101011100011110110010111100100011010101
00000010001101001100011110110010111100100111010101
00000010001101001001110101111010100011100001111011
00000010001100101011111110000110100110010100011111
00000010001100101010111100001110100110010101011111
00000010001100101000111110000110100110010101111111
00000010001001001001111000110101011010111100110111
00000010000111011001001110111110100011100010110101
00000010000110111010011100111101000111010010011101
00000010000100011011001100101001011101111110100111
00000010000010111101100111011100001110001101011011
00000001110110010000100000100111111110011100011111
00000001110011011000110000010011111111001010001111
00000001110010011000100000010011111111011110001111
00000001110010010000100000110111111110011100011111
00000001110001011000110000010011111111001110001111
00000001101100110010010000100110111110110100101111
00000001101100110010010000100110101110110110101111
00000001101011011010101010010001110001101100110111
00000001101011000111000101011000110110110110011011
00000001101000101001010001110010110111001101011111
00000001101000101001010001110010100111001101111111
00000001101000101001010001110010010111001101111111
00000001100110110001100000100111111110011100011011
00000001100110110001100000100111110110011100011111
00000001100110110001100000100110111110011100011111
00000001100100011101011100101010110010001111101011
00000001100011011011101010010001110101101100010111
00000001011110011101101101000111110010100010000111
00000001011110011101101101000111100010100010100111
00000001011110011101101101000111100010100010010111
00000001011110011101101101000101110010100010100111
00000001011110011101101101000101100010100010110111
00000001011110011101101100000111100010100010110111
00000001011110011101100101000111110010100010010111
00000001011110011101100101000111100010100010110111
00000001011110011101001101000111100010100010110111
00000001011110011100101101000111100010100010110111
00000001011110011001101101000111110010100010010111
00000001011110011001101101000111100010100010110111
00000001011101110010110100011010111110010010100011
00000001011101100011111010010000101011000111110011
00000001011100011100111111110010000011000110110011
00000001011010011101101101000111100010100010110111
00000001011010011001101101000111110010100010110111
00000001011001111100011010100001001011111000110111
00000001011001011100111010100001001011111000110111
00000001011001010001010110001010011100111111001111
00000001010110100010100111110001011011001100111101
00000001010110100010100111110001010011011100111101
00000001010110001111101001000010101110011111001101
00000001010011010100011010101110100100111110011101
00000001010011000100011110101110100100111110011101
00000001010010100010100111110001011011011100111101
00000001001110011101101101000111100010100010110111
00000001001101111100011100010101111010001001101011
00000001001101111000011100010101111010011001101011
00000001001011111000100110100010111101011110010011
00000001001001111100111010100001001011111000110111
00000001001001000110110100010111101001011011111011
00000001001000110110100010111101001011011111011001
00000001000111011111001010010110101000111110010011
00000001000111010001010110110110100111010010101111
00000001000110111000011111111000001100011110011011
00000001000110111000011111110000001110011110011011
00000001000110111000001111111000001110011110011011
00000001000110011100011111111000001110011110010011
00000001000110011100011111111000001110011110001011
00000001000110011100011111111000001110011100011011
00000001000110011100011111111000001110010111010011
00000001000110011100011111111000001110010110011011
00000001000110011100011111101000001110011110011011
00000001000110011000011111111000001110011111011001
00000001000110011000011111111000001110011110011011
00000001000110011000011111111000001110010111011011
00000001000110001100011111111000001110011110011011
00000001000101111100111000001111111100011100110001
00000001000100100110111110011010101101011110001011
00000001000100011100011111111000001110011110011011
00000001000100011000011111111000001110011111011011
00000001000010011100011111111000001110011111011001
00000001000010011100011111111000001110011110011011
00000001000010011100011111111000001110010111011011
00000000110110110001100000100111111110011100010111
00000000110100010100101000111001011011100110111111
00000000110011011000110000010011111111001110001111
00000000110010010101100100010100111111101110001111
00000000101100111110001101110101000010010110011111
00000000101100110010010000100110111110110110101111
00000000100110101100101111110001110110101100010101
00000000100110101100101111110001110100101110010101
00000000100011001110001111111100000111001111001101
00000000100010011101011011100011111101001101011001
00000000100001001110001111111100000111001111101101

