0001111111111101110110110110101111111111111111111111111111
0011011111011111011111010110101111111111111111111111111111
0010110111111011111101110111001111111111111111111111111111
0011111011101011111111011010110111111111111111111111111111
0001111111111101011101101101111011111111111111111111111111
0001111111111011101101101101111011111111111111111111111111
0010011111111110111011110011111101111111111111111111111111
0011110111101101111111101101110101111111111111111111111111
0001111111111011101111011011111001111111111111111111111111
0001001111110111110111110111111110111111111111111111111111
0011010111011111111100111111011110111111111111111111111111
0011011111110110111110101111011110111111111111111111111111
0001111111111101110110110111101110111111111111111111111111
0010111110111101110111101111110110111111111111111111111111
0011110111111101111010101111110110111111111111111111111111
0011011110101110111101111111111100111111111111111111111111
0011011110111110111101011111111100111111111111111111111111
0011101011111110110111111110011111011111111111111111111111
0010111111101111011101011111101111011111111111111111111111
0010101111111011111101101111101111011111111111111111111111
0001111111110111011101101111101111011111111111111111111111
0011111001111111111010110111110111011111111111111111111111
0011111011111111110101011110110111011111111111111111111111
0011111101101111011110111111010111011111111111111111111111
0011101111101010111111011111111011011111111111111111111111
0011101111111101011111010111111011011111111111111111111111
0010111110111111110111011111101101011111111111111111111111
0011111110111110110111011111101101011111111111111111111111
0011111110110110111111111011110101011111111111111111111111
0010111101111101111101111101110111101111111111111111111111
0011111101010101111111111110110111101111111111111111111111
0011111101101101111111111101010111101111111111111111111111
0011011111111111110101011111100111101111111111111111111111
0001011110111101111101111111111011101111111111111111111111
0011111011111011101110111111110101101111111111111111111111
0011111110111011111011111111010110101111111111111111111111
0010110111111101110111111011111111001111111111111111111111
0001110011111111011011111110111111110111111111111111111111
0011100111111111110101111101101111110111111111111111111111
0011101111110111110101111101101111110111111111111111111111
0011101111111101110101111101101111110111111111111111111111
0010111111111111001110111110101111110111111111111111111111
0000111111011110111011111111110111110111111111111111111111
0001111111111110111001111110110111110111111111111111111111
0001111111001011101111111111111011110111111111111111111111
0011011111110111011111011111101011110111111111111111111111
0001111011101111011011111111111101110111111111111111111111
0010111111111101111101110111101101110111111111111111111111
0011101111111111110101111101101101110111111111111111111111
0011111110111010111101111111110110110111111111111111111111
0011111011111111110110111101110111010111111111111111111111
0001011101111011110111111111011111111011111111111111111111
0000111101111101110111111111011111111011111111111111111111
0011111111101101111101111010101111111011111111111111111111
0010111111111111100111110111001111111011111111111111111111
0010101111110101111101111111110111111011111111111111111111
0010111111100111101111111101110111111011111111111111111111
0011111111011110110111110101110111111011111111111111111111
0011111111011101111011111010110111111011111111111111111111
0001111111101101110111111101111011111011111111111111111111
0001111011111110110111111110111011111011111111111111111111
0010111110110110111011111111111101111011111111111111111111
0011011111111110111110101111011110111011111111111111111111
0011111111011111101011111011110110111011111111111111111111
0011110101111101110111101111111111011011111111111111111111
0011110100111111111101110111111111011011111111111111111111
0011101111110111110101111111011111011011111111111111111111
0011110111111101110111111110101111011011111111111111111111
0011111111110101110111111110101111011011111111111111111111
0011011101011111111011110111111111110011111111111111111111
0011101100111110111111111010111111111101111111111111111111
0000111110111101110111111111011111111101111111111111111111
0011011110111110111111011101011111111101111111111111111111
0011111110111111111110101010011111111101111111111111111111
0011111011101111011111110101101111111101111111111111111111
0011011111011101111111011110101111111101111111111111111111
0011111101101111111110110101110111111101111111111111111111
0011111011110110111111111011101011111101111111111111111111
0011011110111010111111011111111101111101111111111111111111
0011101100111111111101011111111101111101111111111111111111
0011111111101111110111010111110110111101111111111111111111
0011011110111110111111011111111101011101111111111111111111
0011111010111011111011110111111111101101111111111111111111
0011110111011111111101011110111111101101111111111111111111
0011111111101111101111110111101101110101111111111111111111
0010110111001111111111110110111111111110111111111111111111
0001110011111110110111111111101111111110111111111111111111
0011111110111111011111011010101111111110111111111111111111
0011111111111111011011011010101111111110111111111111111111
0011101001111111010111111111110111111110111111111111111111
0011011111010111101111111011110111111110111111111111111111
0010111011111111100111111011110111111110111111111111111111
0001111101111011011111111101110111111110111111111111111111
0011111011111011101111111011010111111110111111111111111111
0011111101110111111111110101100111111110111111111111111111
0011110111011011111111010111111011111110111111111111111111
0011111111011111111111010101011011111110111111111111111111
0011111111110111011111011011110101111110111111111111111111
0011011110110111101011111111111110111110111111111111111111
0011101101011111111111001111111110111110111111111111111111
0010111111011111011111110111011110111110111111111111111111
0011101101111111010111111111110110111110111111111111111111
0011111101110111111111101011110110111110111111111111111111
0011111111110111011111101011110110111110111111111111111111
0010111111011100111111111111111010111110111111111111111111
0011111111011110110111011111111010111110111111111111111111
0011011101011111111111001111111111011110111111111111111111
0011111011111110100111111111110111011110111111111111111111
0011111111111111011011011111110101011110111111111111111111
0010111101111101101111111111101111101110111111111111111111
0010111101111101110111111111110111101110111111111111111111
0011111010111111111110111001111111110110111111111111111111
0011111111011110111111011101011111110110111111111111111111
0011110101101111111101110111111111111010111111111111111111
0001101111101111110111111101011111111111011111111111111111
0001110101111110110111111111101111111111011111111111111111
0011010111111001111110111111101111111111011111111111111111
0001111101110110111111110111101111111111011111111111111111
0010011110111111011111111101101111111111011111111111111111
0011101111110110111110111110101111111111011111111111111111
0011111011111110111011110110101111111111011111111111111111
0011111011111111010111011110110111111111011111111111111111
0001011110111101111111111011111011111111011111111111111111
0010111011110111101111111011111101111111011111111111111111
0011111110111111111111010101101111011111011111111111111111
0011101111110110111110111111111101011111011111111111111111
0011111011110110101111111110111111110111011111111111111111
0011111011101101011111111111011111110111011111111111111111
0011011110101111101111111011111111111011011111111111111111
0011101110101111110111111011111111111011011111111111111111
0011101111011111010111111111110111111011011111111111111111
0011111101011101111111111011110111111011011111111111111111
0011111110111111111110110101110111111011011111111111111111
0011111111111011101111111101110101111011011111111111111111
0011111111011101101111111111101111101011011111111111111111
0011011111100111101111111101111111111101011111111111111111
0011110110111011111111101111101111111101011111111111111111
0011101111101101111111101111110111111101011111111111111111
0011111111101111110111111101111011011101011111111111111111
0011111111011010101110111111111111111110011111111111111111
0010101101111101111111110111101111111111101111111111111111
0010101111011111011111110111101111111111101111111111111111
0010111101101110111111110111110111111111101111111111111111
0011011111011111110111101011110111111111101111111111111111
0010111101111111101101111101110111111111101111111111111111
0011010111111101111111101101110111111111101111111111111111
0011110110011111011111111111010111111111101111111111111111
0011110110111111011101111111010111111111101111111111111111
0011110110111111011111111101010111111111101111111111111111
0010110111110111111011111110111011111111101111111111111111
0001101111110111110111111101111101111111101111111111111111
0010111110111011011111111111110111101111101111111111111111
0010111011110111111111111101011111110111101111111111111111
0011011111110101111101111111101111110111101111111111111111
0010111111101111101111110111111101110111101111111111111111
0011111111110111111101111110111010110111101111111111111111
0001111010111011111111101111111111111101101111111111111111
0011101110101111101111110111111111111101101111111111111111
0011101111110101111101111111011111111101101111111111111111
0011111111111111011111111101010111101101101111111111111111
0011111111111111011111111111010101101101101111111111111111
0011011110110111111011111011111111111110101111111111111111
0011011111100111101111111101111111111110101111111111111111
0011011111010111111111111101111111011110101111111111111111
0011111111110111110111111110111011011110101111111111111111
0011111110110111011111011111111111110110101111111111111111
0011011011111011110111111101011111111111110111111111111111
0011010101111111110111111110101111111111110111111111111111
0011011111011111110111011110101111111111110111111111111111
0011011110101111111111100111110111111111110111111111111111
0011010110110111111011111111111110111111110111111111111111
0011011111111110111110101111011110111111110111111111111111
0011111111111110111101010111110110111111110111111111111111
0011110111101011011101111111111111011111110111111111111111
0011101111101101011111101111111111011111110111111111111111
0011111111101011011101111111011111011111110111111111111111
0011111111101111111101011101101111011111110111111111111111
0011111111011011111111101111010111011111110111111111111111
0011101111101011111101111111111011011111110111111111111111
0011110110111111111010111111111011101111110111111111111111
0011011111111110111111110111101111010111110111111111111111
0011011111101001111011111111111111111011110111111111111111
0011011111101011111011111111011111111011110111111111111111
0011111111111011011111101111111010111011110111111111111111
0011111111111111011011111011110101111101110111111111111111
0011111111101111111111110101110110111101110111111111111111
0001111100111011111111101111111111111110110111111111111111
0010111011011110111111111111011111111110110111111111111111
0011110111011011111110111111111111101111010111111111111111
0011110111111101101111110101011111111111111011111111111111
0001111101110111111110111101101111111111111011111111111111
0011101101110111110111111110101111111111111011111111111111
0011111010110111111101111101110111111111111011111111111111
0001110111101101111111110111111011111111111011111111111111
0011101111111101111111010011111011111111111011111111111111
0011011111111101111111101011110011111111111011111111111111
0011011010111101111110111111111101111111111011111111111111
0011111101111011111111101011101101111111111011111111111111
0011110111011011111111110111110101111111111011111111111111
0011111111111101111110110101110101111111111011111111111111
0011011111111111011111010111101110111111111011111111111111
0001110110111111111101111111111010111111111011111111111111
0010111100111111111101111111110111011111111011111111111111
0011011110111111110101111111110111110111111011111111111111
0011011111111101111111101011111011110111111011111111111111
0011111110101101110111111111111011111011111011111111111111
0011111111110111111101111111110101011011111011111111111111
0011111101011011111011011111111111111110111011111111111111
0011111101111101101011111111101111111110111011111111111111
0010111110111011110111111111111101111110111011111111111111
0011111101101111111111111011110111111010111011111111111111
0011110111101010111111101111111111111111011011111111111111
0011110101101110111111111111011111111111011011111111111111
0011101110101111111111101111110111111111011011111111111111
0011101111110101111111011111111111011111011011111111111111
0011110110101111111111101111111111110111011011111111111111
0011111111101110111111111111011111101011011011111111111111
0011111011111111101111111011101111111101011011111111111111
0011110110111111111111011111101110111111101011111111111111
0011101111101101111111011111111111011111101011111111111111
0011101111111111111101111111011011011111101011111111111111
0011111011111111011111111101110111111101101011111111111111
0011111111110111111101111111011111011101101011111111111111
0011111111110111111111110111110111011101101011111111111111
0011110111101101110101111111111111111111110011111111111111
0011010111110111111011111111111110111111110011111111111111
0010111111011101111111011111111111111011110011111111111111
0001111010110111111111111011101111111111111101111111111111
0011111010110111101111111011101111111111111101111111111111
0001111101110111111110111101101111111111111101111111111111
0011111111011111101110101101101111111111111101111111111111
0010111101100111111111110111110111111111111101111111111111
0011111111101111110111010110110111111111111101111111111111
0001111010110111111111111110111011111111111101111111111111
0011101101101111101111111111101011111111111101111111111111
0010111101111111111011101111101101111111111101111111111111
0011110111111111111011001111110101111111111101111111111111
0010111110111111110111011111101111011111111101111111111111
0011111010110111111111111011101111011111111101111111111111
0011101111111111011111010111111011011111111101111111111111
0010110111111111011111110111011111101111111101111111111111
0010111011110111111101111111110111110111111101111111111111
0011111111110110111010111111111011110111111101111111111111
0011101011111111111111100111111110110111111101111111111111
0010111101110111111110111111111011111011111101111111111111
0010111101111111111011111111011101111101111101111111111111
0011011110111111111111111010111111111001111101111111111111
0011111010110111111111111011101111111110111101111111111111
0011111111011011101111111111111010111110111101111111111111
0011111111101110101111110111111111110111101101111111111111
0011111011111111111101111111110101110111101101111111111111
0011111111011111111111111011101111110101101101111111111111
0011110111011011111111101111111011111111110101111111111111
0011101101111110111110111111111110111111110101111111111111
0011011101111011111011111111111111011111110101111111111111
0011010111110111111111111011111111101111110101111111111111
0011111101011011111011111111111111111101110101111111111111
0011111011111111111101111111110110111101110101111111111111
0011111101111111111110111111101110111110110101111111111111
0011110101110110111111111011111111111111111001111111111111
0010111111111111111111110111111100111011111001111111111111
0010111111011111111111111111111010111110111001111111111111
0010111101101111111101111101110111111111111110111111111111
0010111110011111111110111101110111111111111110111111111111
0010111110111111111010111101110111111111111110111111111111
0011111111111101111011011011101011111111111110111111111111
0011010111111110111111011011111110111111111110111111111111
0011110100111111110111111111101110111111111110111111111111
0011111111111101110110101111101110111111111110111111111111
0011110110111111011111111110101110111111111110111111111111
0011111111011111111111011010101110111111111110111111111111
0001011111011111111111011111101111011111111110111111111111
0011101011111110111111011111111011011111111110111111111111
0011110101111011101101111111111111101111111110111111111111
0010111011111011110111111111111111110011111110111111111111
0011011110111111111101111111110101111101111110111111111111
0010111101110111110111111111111111111001111110111111111111
0010111011011110111111111111011111111110111110111111111111
0011111110110111111111111111010111101110111110111111111111
0011111101111111110111111111110111010110111110111111111111
0011111111101111110111111111110111011010111110111111111111
0011011111101011101111111011111111111111011110111111111111
0011111111101111111111101011101101111111011110111111111111
0001111111101111101111111111111110111011011110111111111111
0011011111111011111111110111110111111101011110111111111111
0011111010110111111111011111011111111111101110111111111111
0010111111011111111111011111110111101111101110111111111111
0011111011010111111111111101111111111011101110111111111111
0011111010111011110111111111011111111111110110111111111111
0011101111101011111101111111011111111111110110111111111111
0011011110101111111111110111110111111111110110111111111111
0011101111101011111101111111111111101111110110111111111111
0011110111010111111111111111110111111011110110111111111111
0011111111011111111111110101110111111011110110111111111111
0011101111010111111101111111111111111110110110111111111111
0011111110110111011111011111111111111111010110111111111111
0011101111101111111111111011111110111111010110111111111111
0011111111011111111111111111110111011011010110111111111111
0010111110111111111111111111110111101111100110111111111111
0011010111111111111111111011111110110111111010111111111111
0011011111111111111111111011111010110111111010111111111111
0011111011101111111101111111011111111111011010111111111111
0011111101111111111111111111010111011111011010111111111111
0011111011101111111111111111011111110111011010111111111111
0011101111111110100111110101111111111111111111011111111111
0001101111111011111101101111101111111111111111011111111111
0011101111101101111110111110101111111111111111011111111111
0011001111111110111111010111110111111111111111011111111111
0010111011101111111101111011110111111111111111011111111111
0011101101111110111111110101110111111111111111011111111111
0011111110110111111011110101110111111111111111011111111111
0011111110111111011011110101110111111111111111011111111111
0011111111101111101011011101111011111111111111011111111111
0011110101111111101111110110111011111111111111011111111111
0011101101101111111111101111110101111111111111011111111111
0011111011111111110111011110110101111111111111011111111111
0011111110111111111011110101110110111111111111011111111111
0010111001111111101111111011111111101111111111011111111111
0011011111111111111010111101101111101111111111011111111111
0010111011111011111110111111110111101111111111011111111111
0001110110111111101111111101111111110111111111011111111111
0011111111111011101101011111011111110111111111011111111111
0001101110111111111101111111110111110111111111011111111111
0011110101101111101111111111111101110111111111011111111111
0010111100111111111011111111111101110111111111011111111111
0010101111101111111111101111110111111011111111011111111111
0010111101111101110111111111111111011011111111011111111111
0011011111011010110111111111111111111110111111011111111111
0010111111111111111110111111100111101110111111011111111111
0011011111111111111111011111111010110110111111011111111111
0011111101110110101111011111111111111111011111011111111111
0011011110101111011111111101111111111111011111011111111111
0011011110101111111111111101011111111111011111011111111111
0011011110101111111111111101111111011111011111011111111111
0011111101110110101111111111111111110111011111011111111111
0011111110111111111111110101101111110111011111011111111111
0010111101111111101111111111111111100111011111011111111111
0011111101101110101111011111111111111111101111011111111111
0010111011101111111011111111111101111111101111011111111111
0010111011101111111111101111111101111111101111011111111111
0010111011101111111111111011111101111111101111011111111111
0010111011111111111111011111110101111111101111011111111111
0011111101101111111111111101110101111111101111011111111111
0011111101101110101111111111111111110111101111011111111111
0011110101101111111111011111111111111011101111011111111111
0001111111101111101111111111111111011101101111011111111111
0001111011011111111110111111111011111111110111011111111111
0001111011011111111111111101111011111111110111011111111111
0001111011011111111111111110111011111111110111011111111111
0010111011110111111111110111111101111111110111011111111111
0011111111011110111111111111111010111110110111011111111111
0001111111101111101111111111111111011110110111011111111111
0001111011011111111111111111111011111111010111011111111111
0011111111101111110111111101111111111011010111011111111111
0011111101011101111011111111101111111111111011011111111111
0011111101011101111011111111111011111111111011011111111111
0011110101011111111111111111101101111111111011011111111111
0011111010101111111111111111101111011111111011011111111111
0011111110111101110101111111111111110111111011011111111111
0011101011101111111111111111101111111101111011011111111111
0011111101111111110111111111111101111010111011011111111111
0011011110101111111111111111101111111111011011011111111111
0011011111101111111111111111101111111101011011011111111111
0010111011101111111111111111111101111111101011011111111111
0011111101111111110111111111111101111011101011011111111111
0011111011110111011011111111111111110111111101011111111111
0011111011111111111111110111011110110111111101011111111111
0011110111011111111111111101101111111011111101011111111111
0011101111111111111111111101011111011011111101011111111111
0011011110111111111111111110111111111001111101011111111111
0011011111011111110111111111111111101110111101011111111111
0011111011101111111111111110111111110111101101011111111111
0011111111101111101011111111111111111011101101011111111111
0011111111101111101111111011111111111011101101011111111111
0011111111011101101011111011111111111111111110011111111111
0011111111101111101011011101111111111111111110011111111111
0001110110111111111111111111101111101111111110011111111111
0001110111111111111111111111101111101101111110011111111111
0011010111111111100111111010111111111111111111101111111111
0011011111111111100111101010111111111111111111101111111111
0011011111111101011110101111101111111111111111101111111111
0011111101111111011110110101110111111111111111101111111111
0011111011101011111111011110110111111111111111101111111111
0011110111111101111110110111010111111111111111101111111111
0011111101111101110110101111111011111111111111101111111111
0001110111011111111110110111111011111111111111101111111111
0011101101101101111111111111101011111111111111101111111111
0011111011111111110101101111011101111111111111101111111111
0010101110111111111111011111101101111111111111101111111111
0011011100111101111111111111110101111111111111101111111111
0001011110111111111011111011111110111111111111101111111111
0011010111111101111011111101111111101111111111101111111111
0011111101011101111111111111110101101111111111101111111111
0010111111111111111011111100111101110111111111101111111111
0011111101011101101111111111111101111011111111101111111111
0011111101110101101111111111111101111011111111101111111111
0001110110111111110111111111111110111011111111101111111111
0011101011111111111101111111011111011011111111101111111111
0000111101111111110111111111111111011101111111101111111111
0010111101110111110111111111111111011101111111101111111111
0011101101111111110111111111111101110101111111101111111111
0011010101111111111111110111111111111001111111101111111111
0011011111011111110111111111111101011110111111101111111111
0011011111011110101111111111111111101110111111101111111111
0001110011111111011111111111111111110110111111101111111111
0011111011111111011111111111110111011010111111101111111111
0011101101101111111111111011111111111101011111101111111111
0011101101111111110111111111111101111101011111101111111111
0010111101111111110111111111111111011101011111101111111111
0011111110111111110111111111111101011011101111101111111111
0011110111011011111111111011111111111110101111101111111111
0011101111111010111011011111111111111111110111101111111111
0011111110111010111011011111111111111111110111101111111111
0011111111101010111011011111111111111111110111101111111111
0001011101111111111111111111011111111011110111101111111111
0011011111111111111111111111001111110101110111101111111111
0010111111111101111111111111111101111100110111101111111111
0011111010111111111111111111010110111111111011101111111111
0000111101111111111111111111011111111011111011101111111111
0010111101111111101111111111111111011011111011101111111111
0000111110111111111111111111011111111101111011101111111111
0011111010111101111111111111110111111111011011101111111111
0001111110111101111111111111111111111011011011101111111111
0011111111101111101111111011111111111101011011101111111111
0011111011111101111111111111110111111101011011101111111111
0011111101101101111111111111111111111101101011101111111111
0011110101011111110111111111111011111111111101101111111111
0001110111011111111111111111011111101111111101101111111111
0011101011111111111111111110111111001111111101101111111111
0011110111011111111111111111101011110111111101101111111111
0010111101111111110111111111111111011101111101101111111111
0011101011111111101111111111110111111110111101101111111111
0011110101111111111111111111111011111011011101101111111111
0011011111011111101111111111111111111110110101101111111111
0011110110111111111111110111111011101111111110101111111111
0011010111111111111111111111101111111001111110101111111111
0011101101111111111111111111110111111110011110101111111111
0011111110111111011011110111111111111111101110101111111111
0011110110111111011111111111110111111111101110101111111111
0011110111111111011111111111110111111101101110101111111111
0011111011111111110111111111111110111011110110101111111111
0001101111111111110011111010111111111111111111110111111111
0010101101111111101111101111101111111111111111110111111111
0011111011111111011010111011101111111111111111110111111111
0010111101111111101111101011101111111111111111110111111111
0010111101111111101111101110101111111111111111110111111111
0011111011101110111111110110101111111111111111110111111111
0011010111111011111110101111110111111111111111110111111111
0011111110111101111110110101110111111111111111110111111111
0011101011111101111011111110110111111111111111110111111111
0011101011011111111011101111111011111111111111110111111111
0011111111011101011011101111111011111111111111110111111111
0001111011111111011101101111111011111111111111110111111111
0011011111111111011111010111101011111111111111110111111111
0011111101011101111111111101101011111111111111110111111111
0010111011111111111011111011011110111111111111110111111111
0011111111101111111011110110111010111111111111110111111111
0011111010111011011111111111101111011111111111110111111111
0011111010111111111111011011101111011111111111110111111111
0011101011011111111011111110111111101111111111110111111111
0011110111111111110101101110111111101111111111110111111111
0011010111101111111011111111011111110111111111110111111111
0011110101111111111110111011111111011011111111110111111111
0001110110111111111101111111111111101011111111110111111111
0011101010111111111111101111111111101101111111110111111111
0010111101111111101111111111111101110101111111110111111111
0010110111111111111101110111111101111110111111110111111111
0010111011101111111011111111111111011110111111110111111111
0001101111111111110111111110111111011111011111110111111111
0010111110111101111111111101110111111111101111110111111111
0010111111101111101111111111111101110111101111110111111111
0010110111111110111111111111101111111011101111110111111111
0010111110111110111111111111111101111011101111110111111111
0011101111111011111111111111111101011101101111110111111111
0011011111110111111111111111011110111110101111110111111111
0011010111111011111111111111111110111111001111110111111111
0010111111111111111111111011101111011111001111110111111111
0011111110111010110111011111111111111111110111110111111111
0011111111101011011101111111111111011111110111110111111111
0011011111111111111111111110011110111111010111110111111111
0011011111110111111111111111111110101111010111110111111111
0011101111111001111111111111111111111110100111110111111111
0011101111111010111111111111111111111110100111110111111111
0011011111111011111010111101111111111111111011110111111111
0011111110111111111111011011101011111111111011110111111111
0001111101111111111111111101101111111110111011110111111111
0011101011111101111111111111011111111111011011110111111111
0011011111111011111111111111111110101111101011110111111111
0011111010111101111111111111101101111111111101110111111111
0010111101111111111111101111101101111111111101110111111111
0001111101111111111111111111111011011110111101110111111111
0010110111111111111111111111011111101111011101110111111111
0001111111011110111111111111111111111101101101110111111111
0011101101111011111111111111111110111111110101110111111111
0011111101101011111111111111111111111110110101110111111111
0011111010111101111111111101110111111111111110110111111111
0011101011111011111111111111101111111101111110110111111111
0011111011111110101111111111111111110111101110110111111111
0011111110111111011110111111111111111110101110110111111111
0011101111101011111101111111111111111111110110110111111111
0011110111011111101101111011111111111111111111010111111111
0011101101111111111111101111101101111111111111010111111111
0011111101111111111111101110101101111111111111010111111111
0011101111111111111111011111110111110110111111010111111111
0011111011111111011011110111111111111111111101010111111111
0011011111011111010111101111111111111111111111100111111111
0011011111111011110101111101111111111111111111100111111111
0010111010111111111111111111111101111011111111100111111111
0011011101111110111101111101011111111111111111111011111111
0011011111111110101111001111101111111111111111111011111111
0010101011111111110111111101101111111111111111111011111111
0011101011111101110111111101101111111111111111111011111111
0011101111111011110101111101101111111111111111111011111111
0001011110111111110111110111110111111111111111111011111111
0011011111111110111110101111011110111111111111111011111111
0010111111111111011101101111011111011111111111111011111111
0010111100111101111111111111110111011111111111111011111111
0010111101110101111111111111110111011111111111111011111111
0010111101111101111110111111110111011111111111111011111111
0010111111111111011100111110111111101111111111111011111111
0001101101111111111101111101111111110111111111111011111111
0011011110111110101111111111101111110111111111111011111111
0011111011111111111010110111111101110111111111111011111111
0011111011110110111111111111110101110111111111111011111111
0011101111110111110101111111111110110111111111111011111111
0001110110111111111101111111111110111011111111111011111111
0011101110101111110111111111111111011011111111111011111111
0011011010111111111101111111111111101011111111111011111111
0011011110111111011111111111110101111101111111111011111111
0011101101111111111101111111111101110101111111111011111111
0011111011111110111011111111111110110101111111111011111111
0010111101111101111111111111110111011111011111111011111111
0011111110111101011101111111111111111011011111111011111111
0011010111111110111111011111101111111111101111111011111111
0001101111111111011111101111101111111111101111111011111111
0011101011111111110111111101101111111111101111111011111111
0011011111101111011111111111111110101111101111111011111111
0010111011011111111110111111111111110111101111111011111111
0010111011111110111111111111110111110111101111111011111111
0010111011111111111111011111111110110111101111111011111111
0011010111111111111101111111110111111011101111111011111111
0001111011111111111101111111111111011011101111111011111111
0010111111111111011111111111110111101011101111111011111111
0011011111111111111101111111110111101011101111111011111111
0010101111111111111111101111101111011111110111111011111111
0010111110111101111111111110111111111101110111111011111111
0011101111101011111111110111111111111110110111111011111111
0011101101110111111111111111110101111111111011111011111111
0001101111011111111111111111111011110111111011111011111111
0011011111110111111111111111101011110111111011111011111111
0010111111111111111111110111101101110111111011111011111111
0011111110101101110111111111111111111011111011111011111111
0011011111111111110111111111110111110101111011111011111111
0001011111111111111111111111101111110111101011111011111111
0011011111110111111111111111101111110111101011111011111111
0011101111111011011111111111111111111111010011111011111111
0011110101110110111111111111111011111111111101111011111111
0010111110111111111111011111101110111111111101111011111111
0011111010111011111111111111110110111111111101111011111111
0011011111111111111101111101011111111011111101111011111111
0011011011111111111011111111111111110101111101111011111111
0011011111111111101111111111101111110101111101111011111111
0001111101111011111111111101101111111111111110111011111111
0011111011111111111011010111110111111111111110111011111111
0011110101101111111111111111101110111111111110111011111111
0011010111101111111111111111101111111011111110111011111111
0001111011111111111101111111111111011011111110111011111111
0011101011111111111111110111111111011011111110111011111111
0001011110111111111111111111111110111110111110111011111111
0011010111101111111111111111111110111111101110111011111111
0010111101111111111111111111110111101111101110111011111111
0011111011111111010111111111111111111011110110111011111111
0011110111111111101111111111111111101011110110111011111111
0001111011111111101111111011101111111111111111011011111111
0011101011111111111111101111101111111101111111011011111111
0011101011111111111111111111111011110101111111011011111111
0011101101111111011111101111101111111111111111101011111111
0011101101111101111111111110101111111111111111101011111111
0011101101111111111111101111011111011111111111101011111111
0011101101111111111111111111011111011111101111101011111111
0011011111111111111101111111111111010111101111101011111111
0011011111111111111111111111001111110111110111101011111111
0011111011111111111111111101101111011111111011101011111111
0010111011101111111111111111101111011111111111110011111111
0010101111111111101100111110111111111111111111111101111111
0011010111111111101011111101101111111111111111111101111111
0011110101110111101111111110110111111111111111111101111111
0010111101111110111111011111011101111111111111111101111111
0011110111101011011111111111101110111111111111111101111111
0011110111101011111111111101101110111111111111111101111111
0011011111111110111110111111011010111111111111111101111111
0011101011110110111111111111111110011111111111111101111111
0010110111011111111111001111111111101111111111111101111111
0011111011101111111111110110101111110111111111111101111111
0000111011111111111110111111111110111011111111111101111111
0011101101111111111011111011111111101011111111111101111111
0001110101111111111011111111111111101101111111111101111111
0011011111111111010111101111101111111110111111111101111111
0011010111111111111111011111111101101110111111111101111111
0011110111111111111101011111111101101110111111111101111111
0011101101101111111111111101011111111111011111111101111111
0001101111110111111011111111111111011111011111111101111111
0011011101011111111110111111111111101111011111111101111111
0011111011111111111111110110101111110111011111111101111111
0010111011111111111111101111111111100111011111111101111111
0011110101110111111111101111111111111011011111111101111111
0010110111011111111111011111111111101111101111111101111111
0010111101110111111111011111111111101111101111111101111111
0010111101111110111111111111111011111011101111111101111111
0011010111101111011111111111101111111111110111111101111111
0011010111101111111111111101101111111111110111111101111111
0011011111111101111111111111101111101111010111111101111111
0011011111111111110111111111101111101111010111111101111111
0011011111111111111111111101101111101111010111111101111111
0011011111111111111111111111101111100111010111111101111111
0010111011111101111111111111111110111101111011111101111111
0011101111101111111111111101011111111111011011111101111111
0011101111111111111110101101111110111111111101111101111111
0011111101011011111111111111101110111111111101111101111111
0011011111111111111110111111011010111111111101111101111111
0010101111110111111111111111111111011111011101111101111111
0010111111111110111111111111011111101111011101111101111111
0011011011101111111111111110101111111111111110111101111111
0010111101111111111101111101110111111111111110111101111111
0011011110101111111111111111101111101111111110111101111111
0011011111101111111111101111101111111111111010111101111111
0011011111011111111110111111111101111111111010111101111111
0010101111011111111111110111110111111111111111011101111111
0011111011111111110110101111111011111111111111011101111111
0011110111111011011111111111111110101111111111011101111111
0011111011111111101111111111111101101011111111011101111111
0010110111111111111111111111100111111110111111011101111111
0010110111111111111111111111101111011110111111011101111111
0011111011111111110111111111111111010110111111011101111111
0001111011111111101110101111111111111111111111101101111111
0001111101111111110111001111111111111111111111101101111111
0001110111111111111110110111111011111111111111101101111111
0011101011111111111111111101110111110111111111101101111111
0001110111111111111111110111111011111110111111101101111111
0011101111111111110101111101111111111111011111101101111111
0011110111110101111111111111111111111111011011101101111111
0011101111111111111111111110101111011111111101101101111111
0010110111111111110110111011111111111111111111110101111111
0011110111110111110110111011111111111111111111110101111111
0011110111111101110110111011111111111111111111110101111111
0011110111111111110110111011111111111011111111110101111111
0011110111111111111111111011110110111011111111110101111111
0011110111111011111111111111111011101101111111110101111111
0011110111111111111111111101101111111011101111110101111111
0011110111111111111011111111111111011101101111110101111111
0011010111111111111111101111110111111111111011110101111111
0011111011111111111011111011101111111111111110110101111111
0011110111111111111110110111111011111111111111010101111111
0011110111111111111111111101101110111111111111010101111111
0011011111111111010111101111101111111111111111111001111111
0011010111111111111111111111101110111111011111111001111111
0011011111111111111111111111101110101111011111111001111111
0010110111111111111101111110111111111111111110111001111111
0010111111111011101011011111011111111111111111111110111111
0001110111111111101101111110101111111111111111111110111111
0010111111010111011111111011110111111111111111111110111111
0010111111111110011110111011111101111111111111111110111111
0011010110111111111110101111111110111111111111111110111111
0010111111111011101111011111011110111111111111111110111111
0011011111111011111011111110101111011111111111111110111111
0011101111101111111101011011111111101111111111111110111111
0010111111111011101111011111011111101111111111111110111111
0011101111101011111111111110110111110111111111111110111111
0010111111110111101111111111110101110111111111111110111111
0010111011110111111101111111111110110111111111111110111111
0010111111111110111110111111011101111011111111111110111111
0010101110111111111101111111111111111001111111111110111111
0011011111011111111110110101111111111110111111111110111111
0011011111011111111111101011011111111110111111111110111111
0011010111111110111111011111111101111110111111111110111111
0010111111111111101110111101111101111110111111111110111111
0001101111111111011111111111101110111110111111111110111111
0010101111111111011111111111110110111110111111111110111111
0011101111111010111111111111111011011111011111111110111111
0011110110111011111111101111111111111101011111111110111111
0011101111111110111111111111111011011101011111111110111111
0011110110111111111111111101111111110101011111111110111111
0010111011110110111111111111011111111111101111111110111111
0011111011010111011111111111111111111101101111111110111111
0011101110101111111111110111111111111101101111111110111111
0010111111111111011111111111110111101110101111111110111111
0011111011101111111101111111111111110110101111111110111111
0011101011111111111111111110110111111111010111111110111111
0010111111111011101111011111011111111111111011111110111111
0010111111111110111111111111111101011101111011111110111111
0011110111110110111111111111111111111110101011111110111111
0010110111011111111111011111111110111111111101111110111111
0011010111111111111111101011111111101111111101111110111111
0011010111111111111111101111111110101111111101111110111111
0011011110111111111111111101011111111101111101111110111111
0010110111111111111111111111011111101111011101111110111111
0001101111111111111110110111111111011111111110111110111111
0011101111111110111111111111111011010111111110111110111111
0010101111111111111101111111101111111111011110111110111111
0011011111111111111111110111101110111111111010111110111111
0010111111111111101111011101011111111111111111011110111111
0010111111111111101110101111111101111111111111011110111111
0010011011111111111111110111111110111111111111011110111111
0011011011011111111111111111111010111111111111011110111111
0011010111111111101111111111111111110011111111011110111111
0010111111111101111111011111011111111111110111011110111111
0010111111111111111111011111011110111111110111011110111111
0010111111111111111111011111011111101111110111011110111111
0011111010111111111011010111111111111111111111101110111111
0011010111111111111101111111100111111111111111101110111111
0011111011111111101111111111111110110101111111101110111111
0011110101111111111111111111111011111011011111101110111111
0010111110111111111111110111101111111111110111101110111111
0011110111111111111011111111111111101011111101101110111111
0010111111110111111111111011110111111111111110101110111111
0001011111111111101111001111111111111111111111110110111111
0011110101111111111101111011101111111111111111110110111111
0011101111111111111111101111111101011101111111110110111111
0011110111111111111101010111111111111110111111110110111111
0011110101111111111111111011101111111110111111110110111111
0011101011111111101111111111110111111110111111110110111111
0010111011111111111011111111011111111111111011110110111111
0011110111111111110111111110101111111111111101110110111111
0011110111111111111111101111110101111111111101110110111111
0011110111111111110111111111111111101011111101110110111111
0011101111111111111101011111101111111111111110110110111111
0010111111111111111111011111011111111111110111010110111111
0011011011111111111011010111111111111111111111111010111111
0011111011101111111011010111111111111111111111111010111111
0011101111111111011011011111101111111111111111111010111111
0011101111101111011111111111101101111111111111111010111111
0011110111110110111111111111101110111111111111111010111111
0011110111111101101111111111101110111111111111111010111111
0001110111111111111101101111111111101111111111111010111111
0011110110111111111111111101110111111011111111111010111111
0011101111111111101101101111111111111101111111111010111111
0011011011111111111111011111111111011110111111111010111111
0011101111111111111111011111111110110110111111111010111111
0011011111111111101111101111101111111111111101111010111111
0011011111110111111111111111101111101111111101111010111111
0011111011111111110111011101111111111111111111011010111111
0011111011111011101111111111011111111111111111011010111111
0011111011111111111111111101101111011111111111101010111111
0011011111111111111111111111100111101111111111101010111111
0010111110101111111111001110111111111111111111111111011111
0011111011111111010110111101110111111111111111111111011111
0001101111111101110111101111111110111111111111111111011111
0011101110111111110110101111111110111111111111111111011111
0011011111111011111010111111110111101111111111111111011111
0010111111111011110111110111111101110111111111111111011111
0011011110111111111110101111111111010111111111111111011111
0001101111111110110111111111111011111111011111111111011111
0010111111111101111011111111101111111011101111111111011111
0011011110111011111111111111111111110101101111111111011111
0011101111111011111111010110111111111111110111111111011111
0011101111011011111111111111010111111111110111111111011111
0011101101111111111110101111111110111111110111111111011111
0011101111111111111101111111101101011111110111111111011111
0001011111111011111111111111011111111011110111111111011111
0011111010110111111111111111111011111101110111111111011111
0011110110111111111111111111101111111101010111111111011111
0001011111111101111111111011110111111111111011111111011111
0011011111111111110101101111111011111111111011111111011111
0011011110111111110111111111110101111111111011111111011111
0011111010110111111111111111101110111111111011111111011111
0011111011101111111111111111111111101101011011111111011111
0011011110111111011111111111101111111111101011111111011111
0011101111111111110110111111010111111111111101111111011111
0011010111111111111111011111111110101111111101111111011111
0010111111111111111111111111001111111110011101111111011111
0010101111111110111111111111011111111111101101111111011111
0011101111111111110110111111110111111111110101111111011111
0010111111101111111111111011101111111111011110111111011111
0010111101111111111011111011101111111111111111011111011111
0010101101111111111111110111111111011111111111011111011111
0010111111101111111011101111111101111111111111101111011111
0011011111111111111111111011110111111110101111101111011111
0001101111111111111111101111111110111111111011101111011111
0010111111111111111111011111111101101111111011101111011111
0011011111111111111110111111101111111111111010101111011111
0011101111111101101011011111111111111111111111110111011111
0010111110111101111111111101110111111111111111110111011111
0010111111110111101111111111101111111011111111110111011111
0010111111111111101111111111101111011011111111110111011111
0011101111111111111111111111111011010110111111110111011111
0010111111111111110111101111111101111111011111110111011111
0010111111110111101111111111111110111111101111110111011111
0011101111111111010101111111011111111111111111111011011111
0011101111110011111111111110101111111111111111111011011111
0011101111111011111111111111101101011111111111111011011111
0001110111111111111101011111111111101111111111111011011111
0011101111111111010111111111101111111011111111111011011111
0011011110111111111101111111111111101011111111111011011111
0011101111111111111101111111010111111111111111011011011111
0011101111111011111111111111101011111111111111011011011111
0011011111111101111111101111111011111111111111101011011111
0011101111111110110111111111110011111111111111111101011111
0011011101111110111111111111011110111111111111111101011111
0011011111110110111111111111011110111111111111111101011111
0011011111111110111101111111011110111111111111111101011111
0011011111111110111110111101111111011111111111111101011111
0010111111111011101111111111110111101111111111111101011111
0011011111111101111011111111110111101111111111111101011111
0011110111101111111111111111110111011011111111111101011111
0011101110110111111111111111011111111101111111111101011111
0011011111111111111111011111111110101101111111111101011111
0011110111111111111111011111111101101110111111111101011111
0011011111111111111110111111111111010110111111111101011111
0011101111111111011011111111110111111111110111111101011111
0011011111111110111111111111011110111111110111111101011111
0010111111111111101111011111111101111111111111011101011111
0011101111111111111111101111111110111101111111101101011111
0011110111111011111111111111110110111111111111110101011111
0011011111111111101011011111111011111111111111111110011111
0011110110101111111110110111011111111111111111111111101111
0011110111110101111110110111011111111111111111111111101111
0011110111111101110110111111010111111111111111111111101111
0011101111111101101111111011110101111111111111111111101111
0001101111111011011111110111111110111111111111111111101111
0010111111111011101111110111111100111111111111111111101111
0011101101111110111111110101111111110111111111111111101111
0011101111110101111111111111101101111011111111111111101111
0011011111101011011111111111110111111101111111111111101111
0011101111110101111111111110110111111101111111111111101111
0011011111111111110101111111110011111101111111111111101111
0011010101111111110111111111111111111001111111111111101111
0010111111001111111111011111111111101110111111111111101111
0011011111100110111111111111111111111101011111111111101111
0011101110110111011111111111111111111101011111111111101111
0010111011111111101111111111101111111101011111111111101111
0011010111101111111011111111111110111111101111111111101111
0011101111110101111111111111110111111101101111111111101111
0011011111111011111110101111011111111111110111111111101111
0011011110111111011111111111110111111111010111111111101111
0010111111111110101111110111011111111111111011111111101111
0010111011111111111101111111101101111111111011111111101111
0010101111111101111111111111111011111101111011111111101111
0010110111111011111111111111110111111110111011111111101111
0001110111111101111111110110111111111111111101111111101111
0011110101111111111111111111111111011011101101111111101111
0011101111010111111111111111101101111111111110111111101111
0001101111111111011111110111111110111111111110111111101111
0011101101111111111101111111111111010111111110111111101111
0011011111101111111111110101111111111111101110111111101111
0001101111111111111111110111111110111111110110111111101111
0011011111111111111111011111101110111111111010111111101111
0011011111111111011111111011111111110111111010111111101111
0011011111111111011111111111111111010111111010111111101111
0010111111110111111111011101110111111111111111011111101111
0001110111011111111111111110110111111111111111011111101111
0011011111111110101111111111011111110111111111011111101111
0010101111111111111111101111111111011011111111011111101111
0010111111111111111111110111111100111111110111011111101111
0010111111111101111111110111011111111111111101011111101111
0011011111111110111111111011111111110111111101011111101111
0011011111111110111111111111111111010111111101011111101111
0001011111111111111111111011111110111111111011101111101111
0011011111111111110111111101011111111111111111001111101111
0001101111111101111111011111110111111111111111110111101111
0010111111111111111101111111111101101110111111110111101111
0011101101111111111111111011111111111010111111110111101111
0010111111111111111110111011111101111111111101110111101111
0010111111111111111111111011111101111111101101110111101111
0001011111111111111111011111101111111111111110110111101111
0010111011111101111111111111101101111111111111111011101111
0010111111111111011101101111111111011111111111111011101111
0010111111111110111011111011111101111111111111111101101111
0010111111011111111111011101111111111110111111111101101111
0011101111111111101111111111110101111110111111111101101111
0011011111111101111111111111111110101111110111111101101111
0011101111111111110111111111101011111111111011111101101111
0001101111111111111111011111111111011111111110111101101111
0001110111111111011011111111111011111111111111111110101111
0011101101111111111111010111111110111111111111111110101111
0011011101111111111111010111111111011111111111111110101111
0011101111111101011111111111111011011111111111111110101111
0011101110111111111111011011111111111111011111111110101111
0011101111111111111101111111101111111011011111111110101111
0011011111110110111111111111011111111111101111111110101111
0010111111111111101111111111011101111111101111111110101111
0011011111111111011111111111101110111111111011111110101111
0011101111111111101111111111110110111111111101111110101111
0011101111111111011111111111111011011111111101111110101111
0010111111111111011101111111101111111111111111101110101111
0011101111111101111111111111110011111111111111110110101111
0010111111111011101111111111011101111111111111111111001111
0011011011111110111111111111111111010111111111111111001111
0011011111101011111111111111110111111101111111111111001111
0011101110110110111111111111110101111111111111111111110111
0010111111101111111101111001111111111101111111111111110111
0010111110111011111111111110111111111100111111111111110111
0011101111101011011111111111111110111111011111111111110111
0011011111101011111111111110111111011111011111111111110111
0011011111101111101111111101111111111101011111111111110111
0011101011111110111111111111101111111101101111111111110111
0011011101111101111111111111110111111110101111111111110111
0011011111111111110111110111111010111111111011111111110111
0010111111111011111111111111101111001111111011111111110111
0011011111101011111111111111111111011111011011111111110111
0011011101011111111111111111110111111111101011111111110111
0010110111111111111111111111101111011111110011111111110111
0010111011111111111111101111111111100111111101111111110111
0011011010111111111111111101111111111101111101111111110111
0010111111110111111111111011110111111101111101111111110111
0010110111111111110110111111101111111111111110111111110111
0010111111110111111111011111110111111110111110111111110111
0010111111101111111111101111101111111111011110111111110111
0010111101111111111111111111110111101111101110111111110111
0010101111111111111011111011111111101111111111011111110111
0011011111011111111111111111011111111010111111011111110111
0010111111111111111111111101110111111011011111011111110111
0010111111110111011111011111110111111111111111101111110111
0010111110111111111111110111111101111111110111101111110111
0011011111111111111011111011111111101111111110101111110111
0010111111111110111110110111111101111111111111110111110111
0010111111100111111111111111101111011111111111110111110111
0010101111111111101111111011111111101111111111110111110111
0011011111111111010111111011111111101111111111110111110111
0011101101111111111110111111111111101011111111110111110111
0011011111111111101011111101111111111101111111110111110111
0010111111111110111111110111111101111111101111110111110111
0011011111111111110111111111111110101111110111110111110111
0010111111111111111111111011011111111111011110110111110111
0010111111111111101111111101111111101111111111010111110111
0010111101111101111111111111100111111111111111111011110111
0010111111101111111011111011111101111111111111111011110111
0010111111101111101111111111110111110111111111111011110111
0010111101111111111111111111100111111111111011111011110111
0011011111111111110101111101111111111111111111101011110111
0011011011111111101111111111111111010111111111111101110111
0010111111111111111011110111111101111111111101111101110111
0010111111111111111110011111111111011111111101111101110111
0011011111111010111111111011111011111111111111111110110111
0010111110111111101110111111111101111111111111111110110111
0011011111111110111111111111111110101111111110111110110111
0010111111111111111111111011011111111111011110111110110111
0010111111111111111110111111111101111111111100111110110111
0011011101111111101111101111111111011111111111111111010111
0010111111011111111111111111101111111011101111111111010111
0011011111111111110111111111111010111111110111111111010111
0011011111111101111111111101111111101111111011111111010111
0010111111110111111111110011111111111111111101111111010111
0010111111111011111111010111111111111101111111111111100111
0010111111111111111011111111111100111111111101111111100111
0011011011111111010111110111101111111111111111111111111011
0010111011111111110011111110111101111111111111111111111011
0011011110111110111111111011111111110101111111111111111011
0010111110111101111111110111111101111110111111111111111011
0011010111111101111111111001111111111111101111111111111011
0010111111101111111110111101111110111111110111111111111011
0010111101111111101111111111110111111111010111111111111011
0010110111101111111111101111110111111111111011111111111011
0010111101111111111101111111110111011111111011111111111011
0010111101111101111111111111111110011111111011111111111011
0010111111011111111111110111111101111101111011111111111011
0010111111101111111111111111101111011110111111011111111011
0010111111101111111111111111110111111011101111011111111011
0010111111111111111101111101111111011111111011110111111011
0010111111111101111011111101111111011111111111111011111011
0011011110111111111101111111111111101011111111111011111011
0010111111111011101111111011111101111111111111111101111011
0010111111011111111111010111111111111110111111111101111011
0010111111111011111111111101111110111111011111111101111011
0010111111111011111011111101111111111111101111111101111011
0010111111011111111111011101111111111111101111111101111011
0010111111111101111111110111110111111111111011111101111011
0010111111111111111111011111111101111110111111011101111011
0010111111111111011111111111110111111101111111110101111011
0010111111110111101111101111110111111111111111111110111011
0010111111110111111101111011111111111111101111111110111011
0010111111111110111110111101111111111111110111111110111011
0010111111110111111111111111111101111011110111111110111011
0010111111111101111110111111110111111111111011111111101011
0010111101111111101111111111110111111111011111111111110011
0010111111110111111111111111111010111111101111111111110011
0010111111011111011111110111011111111110111111111111111101
0010111110011111111111111011111111111101110111111111111101
0010111110111111111111101110111111111110111111011111111101
0010111011111111111110111111101111111111111110011111111101
0010111011111011111110111111111101111111111111111011111101
