000000001011111011011111100111
000000010111101011101101101111
000000010111111011001111101011
000000011001111011110110111011
000000011010111010011111101111
000000011010111100111011011111
000000011010111110011011101111
000000011011011101011110110111
000000011011011101110011110111
000000011011101101011111010111
000000011011110101110110110111
000000011100011101101101111111
000000011101001110100111111111
000000011101010110111111001111
000000011101011110011101101111
000000011101110110111101001111
000000100100111101111010111111
000000100111011011111001110111
000000100111101110101111110011
000000101010111100111011011111
000000101010111101111011011011
000000101011010111011110011111
000000101011011100011111111011
000000101011101001111110111101
000000101011101101111100111011
000000101011101111110010111101
000000101011110011011111100111
000000101011110111011011010111
000000101011111011011011100111
000000101100011101011011111111
000000101100101111001110111111
000000101100111110101001111111
000000101101011111100101110111
000000101101101101110101111011
000000101101101111001110110111
000000101101110001111111011011
000000101101110111010110110111
000000101110001110111110110111
000000101110100111011011110111
000000101110101101111011011101
000000101110101111011011100111
000000101110101111110010110111
000000101110110110111100111011
000000101110110111001111010111
000000101110111110001011110111
000000101110111111000011110111
000000101111001010111110110111
000000101111001110101110110111
000000101111001110111011011011
000000101111010110110101110111
000000101111101110001110110111
000000101111101110011110010111
000000101111110111001111010011
000000110010111100110011111111
000000110010111100111011011111
000000110011011101011101111011
000000110011101011101101101111
000000110011101110101110110111
000000110100111100110011111111
000000110101101011101101101111
000000110101101101101110110111
000000110101101101110101111011
000000110101101111100101110111
000000110101110011101101101111
000000110101111101100110101111
000000110110101110101011110111
000000110110101110101110110111
000000110110110011101111010111
000000110110110110101111010111
000000110110110111001111010111
000000110110111010111011100111
000000110110111011101011010111
000000110110111110111000111011
000000110110111111010001111011
000000110110111111100011100111
000000110111001110101110110111
000000110111011011011011100111
000000110111101010101101101111
000000110111101010101110110111
000000110111101011101001101111
000000110111101100101110110111
000000110111101110001110110111
000000110111101110101010110111
000000110111101110101100110111
000000110111101110101110100111
000000111000110110101011111111
000000111000110110110110111111
000000111000111011011010111111
000000111001011011011101110111
000000111001011110110110110111
000000111001100101010111111111
000000111001100101111111010111
000000111001111101110100110111
000000111010110100111011011111
000000111010111011011010110111
000000111010111100011011011111
000000111011010001111101110111
000001000101110111101110011111
000001000110101111011001111111
000001000110111101101111100111
000001000111011011101101011111
000001000111100111101100111111
000001000111101011110110011111
000001001001110011110101111111
000001001001111111010111001111
000001001010111111110011001111
000001001011010111011101101111
000001001011101001011111110111
000001001011101001111110111101
000001001011101011001110111111
000001001011110011011111010111
000001001011110101110111001111
000001001100111111010110110111
000001001101010011110101111111
000001001101011111100110101111
000001001101100011110101111111
000001001101101001111110111011
000001001101101011110101011111
000001001101110100110111101111
000001001101110101101111001111
000001001101111000111111101011
000001001101111001111110110101
000001001101111011110100110111
000001001110100111101110111101
000001001110110010111111101011
000001001110110111011101011011
000001001110110111101011101101
000001001110111101101111000111
000001001110111101101111100101
000001001110111111001011101011
000001001111001111100110111101
000001001111010110111011001111
000001001111100101111001110111
000001001111110101011110100111
000001001111110101110101001111
000001010001111011110110011111
000001010010110101110111011111
000001010010110111011101011111
000001010011110100111111110011
000001010011110101111011001111
000001010011110110111011001111
000001010011111101001111110011
000001010101011111100101111011
000001010101101001111110111011
000001010101110100111011110111
000001010110001111110011111011
000001010110110001111111011011
000001010110110011111001111011
000001010110110110011110111101
000001010110111001111001011111
000001010110111001111011011011
000001010110111011100011011111
000001010110111111001011101011
000001010111000110110110111111
000001010111001001111001111111
000001010111001111001101101111
000001010111011011011110011101
000001010111011011101101101011
000001010111011110111001001111
000001010111011111001101101011
000001010111100111011100101111
000001010111100111011101101101
000001010111101101111000111011
000001010111110001101111011011
000001010111110110111011000111
000001010111110111011100101101
000001010111111001101111010011
000001010111111001111001010111
000001011000111010010111111111
000001011001011110111001011111
000001011001100101010111111111
000001011001101011010111110111
000001011001101011010111111101
000001011001111010100111111011
000001011010101110011100111111
000001011010110101110111011011
000001011010110110111011101011
000001011010110111011101011011
000001011010110111011101011101
000001011010111100110011011111
000001011010111101110100110111
000001011011001110011110101111
000001011011001110111101010111
000001011011011101110010110111
000001011011011101110101101011
000001011011101010011110101111
000001011011101110011110001111
000001011011101110011110101011
000001011100011111001011110111
000001011100100101111111100111
000001011100101011010111110111
000001011100101101101101110111
000001011100101110010111111101
000001011100110101011011111011
000001011100111010010111111101
000001011100111011001011101111
000001011100111100110110111101
000001011100111111001011101011
000001011100111111100101010111
000001011101001101101011110111
000001011101010111101101100111
000001011101011001110111101011
000001011101011010111100110111
000001011101011110100101111011
000001011101011110110011001111
000001011101100111000111101111
000001011101101011000111110111
000001011101101011101110010111
000001011101110011101111010011
000001011101110101011011110011
000001011101110111001111001011
000001011101111001101111010011
000001011110010101011111100111
000001011110010111011101011011
000001011110011110011001101111
000001011110100111111011100011
000001011110101100101110111011
000001011110101111001110011011
000001011110101111001110101011
000001011110110000111110110111
000001011110110010011111010111
000001011110110101101110100111
000001011110110110011101011011
000001011110111000011110110111
000001011110111001110111010011
000001011110111011001011101011
000001011110111110001011101011
000001011110111111001010101011
000001011110111111001011100011
000001011111001100110110101111
000001011111001101101011110011
000001011111011100111010010111
000001011111101101011011000111
000001011111110101100110001111
000001011111110111001101001011
000001100001011011110111011111
000001100010110111011001111111
000001100011000110111111011111
000001100011010111011001111111
000001100011101001111010111111
000001100011101101110010111111
000001100011101111011110100111
000001100011110110001111111011
000001100100110101111001111111
000001100100111001101011111111
000001100101010110011101111111
000001100101010110111001111111
000001100101101011100111011111
000001100101101011101110011111
000001100101110110101101111011
000001100101111101100111101011
000001100101111101110010101111
000001100110100011111110111011
000001100110101001111001111111
000001100110101001111010111111
000001100110101011011001111111
000001100110101110011011101111
000001100110101111101001111011
000001100110110110101110111011
000001100110111101101011100111
000001100110111101101011101011
000001100111001101011110101111
000001100111010101111011011011
000001100111011101110100101111
000001100111100011111101011011
000001100111101110001111101011
000001100111101110101111001011
000001101001110111000111111011
000001101001110111011011010111
000001101001111011100110101111
000001101001111111010011100111
000001101001111111010101100111
000001101001111111100110101011
000001101010110111011011010111
000001101010110111111011000111
000001101010111010110110111011
000001101010111100111001111011
000001101010111111010011100111
000001101010111111011001100111
000001101010111111011011000111
000001101011001011011110110111
000001101011010011011111010111
000001101011010111011011010111
000001101011010111011110010111
000001101011011010111010111011
000001101011011011011101100111
000001101011011110110010111011
000001101011100011011110110111
000001101011100101011111010111
000001101011100110101110101111
000001101011100111011011010111
000001101011101001111010110111
000001101011101100111010110111
000001101011101101101010110111
000001101011101110011011011011
000001101011101111011100100111
000001101011110011001101011111
000001101011110011011011010111
000001101011110101110101001111
000001101011110111010101001111
000001101011110111011010010111
000001101011110111011011000111
000001101100101011100111111011
000001101100101110101101111011
000001101100111011011010111011
000001101101001110111101010111
000001101101010100011101111111
000001101101010111011001111011
000001101101011001100111110111
000001101101011011100111010111
000001101101011101000111111011
000001101101011101100111010111
000001101101011111010011100111
000001101101011111100110100111
000001101101101011001110111011
000001101101101011010101110111
000001101101101011011100111011
000001101101101110011010101111
000001101101110011010110101111
000001101101110100011101111011
000001101101110111010100101111
000001101101111011100101010111
000001101101111100110001101111
000001101110011010111010101111
000001101110011111010011010111
000001101110101101001110011111
000001101110101101101010110111
000001101111001010111110100111
000001101111011101010100101111
000001101111100101111001010111
000001101111101001110110100111
000001101111101110011010100111
000001101111101111001010100111
000001101111110101011011000111
000001101111110101100110001111
000001101111110111010100001111
000001110001011010110111110111
000001110001011010111101110111
000001110001101001110111011111
000001110001101101010111011111
000001110001101101110110101111
000001110010100111011111010111
000001110010101011011011101111
000001110011001010101101111111
000001110011010010111101110111
000001110011010010111111010111
000001110011010101001101111111
000001110011010101101101101111
000001110011011010110101110111
000001110100101001110011111111
000001110101001001111001111111
000001110101011010110110110111
000001110101101001101110110111
000001110101101010110110110111
000001110101110010100110111111
000001110101110110110001101111
000001110110001101101101110111
000001110110101001101110101111
000001110110101100001110111111
000001110110101100101110110111
000001110110101110000110111111
000001111011000110010111011111
000010000101111101100111011111
000010000110110111111010101111
000010000111011101101101011111
000010001010101110110110111111
000010001010111011011101101111
000010001011010111011001111111
000010001011011101101101011111
000010001011011110011101101111
000010001011101111111010010111
000010001011111011011110100111
000010001011111110101111011001
000010001101101011110011011111
000010001101101111101010101111
000010001101110110110110101111
000010001101110111100111101101
000010001101110111110100101111
000010001110010111011001111111
000010001110100110111011110111
000010001110100110111110111101
000010001110100111011011110111
000010001110101111101011011101
000010001110101111101100111101
000010001110110011101011011111
000010001110110100111111010111
000010001110110110101111110011
000010001110111101101110010111
000010001110111111001011111001
000010001111010111001101111101
000010001111010111011001111101
000010001111101000111110111101
000010001111101111101010011101
000010001111110011100111101101
000010001111110011101101101101
000010001111110100111111010011
000010001111110101101101110101
000010001111110110011011101011
000010001111110110011110101011
000010001111111110101101011001
000010010001111101110101111011
000010010001111111110101011011
000010010010011111111010101111
000010010010110111111010101111
000010010010111110011011111101
000010010011100101101110111111
000010010011101011101110011111
000010010011101110011111011101
000010010011110001011111101111
000010010011110010011111101111
000010010011110010111011101111
000010010011110100110111110111
000010010011110101011111111001
000010010011110101110111100111
000010010011110110011011111101
000010010011110111010011111101
000010010011111011110010101111
000010010011111101001111010111
000010010100111101110110011111
000010010100111110100111011111
000010010100111111110011001111
000010010101101110101110011111
000010010101111011100111011011
000010010101111011101111001011
000010010101111011110010011111
000010010101111110100111110011
000010010101111111100110010111
000010010101111111100110110011
000010010101111111100111001011
000010010110011011101100111111
000010010110011101011011011111
000010010110011111100101110111
000010010110101011101011011111
000010010110110011101010111111
000010010110110011101110101111
000010010110110011111110101011
000010010111000011111101111011
000010010111000110111110111101
000010010111010011111101111001
000010010111011000111111001111
000010010111011001011111010111
000010010111011001110111001111
000010010111101010111110011011
000010010111101110101100110111
000010010111101111101100011101
000010010111110001101110110111
000010010111110011101110100111
000010010111110100111110110011
000010010111110110011111100101
000010010111111011100111001011
000010011001011101010110111111
000010011001011101101101011111
000010011001011111000111110111
000010011001100011110101111111
000010011001101011101111001111
000010011010011101011011011111
000010011010011101011100111111
000010011010101001101110111111
000010011010101110010110111111
000010011010110011110011111101
000010011010110110011011111101
000010011010111010011011111101
000010011010111010011101101111
000010011010111110011001111101
000010011010111110011010111101
000010011010111110011011110101
000010011010111110011011111001
000010011010111111011001101011
000010011011001010111101101111
000010011011001110101101011111
000010011011001110111101010111
000010011011011101011011010111
000010011011011110111000101111
000010011011011110111100010111
000010011011100010111101101111
000010011011100010111110101111
000010011011100011110101101111
000010011011100101111011110011
000010011011101010110101101111
000010011011101010110110110111
000010011011101011110001101111
000010011011101101011110010111
000010011011101101011111010011
000010011011101110011110011101
000010011011110001101111010111
000010011011110001111110101011
000010011011110011001110101111
000010011011110100101111010111
000010011011111000111110110101
000010011011111100001111010111
000010011011111100101011110011
000010011100100111100111110111
000010011100111010010111101111
000010011101001110011101011111
000010011101001111101001111101
000010011101010011011111100111
000010011101010111100111011011
000010011101011001101111101011
000010011101011011010101101111
000010011101011101011001101111
000010011101011110011101001111
000010011101011111001001101111
000010011101100101110101101111
000010011101100111100111011101
000010011101101101011111010011
000010011101110011110011111001
000010011101110111010101001111
000010011101111010010111100111
000010011101111100011111010011
000010011101111101100011111001
000010011110010011101011111101
000010011110010111001101110111
000010011110010111100101110111
000010011110011010111111001101
000010011110011100110111010111
000010011110011111101011010101
000010011110110110111010011101
000010011110111011011101001011
000010011111000110111110110101
000010011111001110101001111101
000010011111001111100101110101
000010011111010011101111100011
000010011111011010101111001101
000010011111011010111100011101
000010011111011011100001111011
000010011111101010111100011011
000010011111101100011111010011
000010011111101101010111010011
000010011111101110011110010011
000010011111110010101101100111
000010011111111001001110101011
000010011111111010001110100111
000010011111111010001111001101
000010011111111010101011001101
000010100010110111111001110111
000010100010111111001011110111
000010100010111111110011001111
000010100011010111111001111011
000010100011011110011111110101
000010100011011111001101011111
000010100011100111110110111101
000010100011110100111111110011
000010100100111101100111110111
000010100101101011101100111111
000010100101110101100111011111
000010100101110111011001111101
000010100101111100011111011101
000010100101111101100111010111
000010100101111111001101011101
000010100110101101100110111111
000010100110110001110111101111
000010100110110001111111101011
000010100110111011111011000111
000010100111010110111101110011
000010100111010111101101110011
000010100111011101001111011101
000010100111100101101110111011
000010100111100101111110110011
000010100111101101001111011101
000010100111101111101100010111
000010100111110010111101110011
000010100111110100101110111011
000010100111110100111111100011
000010100111110110001110111011
000010100111110110101101110011
000010100111110110101110110011
000010100111110110110101110011
000010100111111101001110011101
000010101000110110110111101111
000010101000111101100111111011
000010101000111111100111101101
000010101001110101100101111111
000010101001111100011011111011
000010101001111101010011111011
000010101001111101100011111011
000010101001111101100111011011
000010101001111101100111101011
000010101001111101100111110011
000010101010011111001101111011
000010101010111101110011011011
000010101011001011011110110111
000010101011110010011111110011
000010101011110100111111010011
000010101011111000101111110011
000010101011111010001111101101
000010101100011101001101111111
000010101100100110111011110111
000010101100111110001111110011
000010101100111110100110011111
000010101100111111001011101011
000010101100111111011000011111
000010101101001101111110011011
000010101101001110111110011101
000010101101011100011101111011
000010101101011111001101100111
000010101101100111001110101111
000010101101111011100110010111
000010101110010111001011111011
000010101110011001111111001101
000010101110011100111110011011
000010101110011111100011011011
000010101110100011011011110111
000010101110110001111111001011
000010101110110010110111001111
000010101110110011011111100011
000010101110110011101101101101
000010101110110110001111110011
000010101110110110100111110011
000010101110110110110011001111
000010101111001100111011011011
000010101111001100111100111011
000010101111001101011110011011
000010101111011001101111001011
000010101111011001101111100011
000010101111011100001111011011
000010101111011100011101101011
000010101111011111001101010011
000010101111100001111100111011
000010101111100011111011001101
000010101111100111001100101111
000010101111101000111111001101
000010101111101001110100111011
000010101111101001111011001101
000010101111101011101001100111
000010101111101101001110011101
000010101111110110001111010011
000010101111111001001111100011
000010101111111001101101000111
000010101111111010011011000111
000010101111111110001101010011
000010110000101111101110110111
000010110000111100110011111111
000010110000111101110110110111
000010110001011101110001111111
000010110001011101111001111011
000010110001011111001101011111
000010110001101110100111110111
000010110001110100100111111111
000010110001110100110011111111
000010110001110111010011011111
000010110001111100110101011111
000010110001111101110100110111
000010110001111111110101010011
000010110010011100011111111101
000010110010011101011011111011
000010110010011110111001011111
000010110010011110111101010111
000010110010011111111001010111
000010110010100101111110111011
000010110010100110111011111101
000010110010101111001110110111
000010110010110100110011111111
000010110010110110011011111101
000010110010111010111001110111
000010110010111011001011110111
000010110010111110111001010111
000010110010111111110011001011
000010110011000110111110101111
000010110011001010101101111111
000010110011001110111110010111
000010110011001111111101010011
000010110011010101111001111011
000010110011011010110101110111
000010110011011100011101111101
000010110011011101011011011101
000010110011011101111001010111
000010110011011111000111011101
000010110011011111011100011101
000010110011100010111111001111
000010110011100100111110111011
000010110011100101110110111011
000010110011100101111110110011
000010110011101011101110010111
000010110011101110010111011101
000010110011101111001110010111
000010110011101111101100010111
000010110011111010010111011101
000010110011111100011011011101
000010110100100110111011110111
000010110100110011101010111111
000010110100110011111110101011
000010110100111101110110010111
000010110101010001111101111101
000010110101010011110111011011
000010110101110001100110111111
000010110101110110100111011011
000010110101110110110001111011
000010110101110111100110011011
000010110101111101100100110111
000010110101111101100101100111
000010110101111111000101100111
000010110110010011110111101011
000010110110011101011011010111
000010110110011110010111011101
000010110110011110011101010111
000010110110110011101011010111
000010110110111011001011010111
000010110110111111001010110011
000010110111000110011101101111
000010110111001100111110010111
000010110111001110101110110011
000010110111011001101111001011
000010110111100110101110110011
000010110111101110101000110111
000010110111101111001100010111
000010111000110100010111111111
000010111000110100110111111101
000010111000110101011011111011
000010111000111111011001101011
000010111001000111100111111011
000010111001001001110111011111
000010111001001101011001111111
000010111001010110110111110011
000010111001011001101101111011
000010111001011001101111101011
000010111001011101101001111011
000010111001101001110111011101
000010111001101001111010111011
000010111001110100100101111111
000010111001110110010111001111
000010111001110110010111100111
000010111001111111010010010111
000010111010001111110110100111
000010111010010011110111101011
000010111010101111011011000111
000010111010110100011001111111
000010111010110111011011100011
000010111010110111111011000011
000010111010111011011001101011
000010111010111110010011001111
000010111010111111010001101011
000010111011001001110111001111
000010111011010011110110101011
000010111011010111001101110011
000010111011011001101111001011
000010111011101001011111001011
000010111011101010010110011111
000010111011101100011010011111
000010111011101101011000111011
000010111011101101011110001011
000010111011110010110101100111
000010111100010011010111110111
000010111100010110010111110111
000010111100010111011011110011
000010111100010111110111010011
000010111100011001001101111111
000010111100011001011101110111
000010111100011001101101111011
000010111100100110110011110111
000010111100100110111011110011
000010111100101011101101100111
000010111100110110010111001111
000010111100110111100101110011
000010111100110111111010100011
000010111100111101010110011011
000010111100111101110010011011
000010111101010011110111010011
000010111101011001101111001011
000010111101011011010101100111
000010111101011101111100010011
000010111101011111001001100111
000010111101101100111100010111
000010111101110001110111010011
000010111101110010111011001011
000010111101110101100101100111
000010111101110111010011010011
000010111101111010010011100111
000010111110010011101111100011
000010111110010110001101110111
000010111110010111001011110011
000010111110011011011101001011
000010111110101011010111001011
000010111110101011011101001011
000010111110101110010110011011
000010111110101110011001001111
000010111110101110011011000111
000010111110101111000110011011
000010111110110010110111001011
000010111110110111011010100011
000010111110111011001010010111
000010111110111011001010100111
000010111110111101001010011011
000010111111001101010101110011
000010111111001111001010110011
000010111111010111001101010011
000010111111010111001101100011
000010111111011001101011001011
000010111111011001101101001011
000010111111011001101111000011
000010111111011100001101011011
000010111111011100110100010111
000010111111011101010001001111
000010111111101010011001001111
000010111111101100010110010111
000010111111101100011110010011
000010111111101100101010100111
000010111111101110010110010011
000010111111101110011010010011
000010111111110010101001100111
000010111111110011001111000011
000011000011011111101101010111
000011000100110101101011111111
000011000100111110101011011111
000011000100111111101011001111
000011000100111111101011010111
000011000100111111110011001111
000011000101001011101101111111
000011000101011011101001111111
000011000101011011101100111111
000011000101011101100110111111
000011000101011101101100111111
000011000101011110101100111111
000011000101011111110011001111
000011000101101011101100111111
000011000101101011110011011111
000011000101101110001111111011
000011000101110110001111111011
000011000101111001001111110111
000011000101111111100011001111
000011000110110110101010111111
000011000110110111101010111011
000011000110110111110010101111
000011000110111110101010011111
000011000110111110101011010111
000011000111011011101000111111
000011000111101101101110101011
000011000111101111101100101011
000011000111111010101110011011
000011001000111110100111011111
000011001000111111101010101111
000011001000111111110011001111
000011001001101010010111111111
000011001001110011010101111111
000011001001110111110010101111
000011001001111010101011111011
000011001001111011010101110111
000011001001111110110010101111
000011001001111111110010100111
000011001010100111011100111111
000011001010101011010110111111
000011001010110010110011111111
000011001010110101110011011111
000011001010110110101011011111
000011001010110110110010111111
000011001010110111110011001111
000011001010111000110111111011
000011001010111101110011011011
000011001010111110011001011111
000011001010111110100111011011
000011001010111110110010101111
000011001010111111010011001111
000011001010111111110010001111
000011001010111111110011001011
000011001011001010111111011011
000011001011010101011101101111
000011001011101010011111011011
000011001100010101010111111111
000011001100101010101011111111
000011001101010001110101111111
000011001101010010110101111111
000011001101010011010101111111
000011001101010011100101111111
000011001101010101101101101111
000011001101010110110011101111
000011001101010111111100100111
000011001101011110110101001111
000011001101100010111110110111
000011001101100101011110101111
000011001101101010111011011011
000011001101101011010101011111
000011001101101101010111011011
000011001101111011110001010111
000011001110011010101101011111
000011001110011101101101010111
000011001110101011111100011011
000011001110110111011010101011
000011001111010101101100111011
000011001111010111101000111011
000011001111010111110100011011
000011001111100101011101100111
000011001111101101011101000111
000011001111110010011110101011
000011001111110101101100010111
000011010001010011111101111011
000011010001011111111001100111
000011010001011111111100011011
000011010001101101010111111011
000011010001110010010111111111
000011010001111010100111011111
000011010001111110110010110111
000011010001111110110011001111
000011010001111111110010001111
000011010011001010111101101111
000011010011001110111101010111
000011010011001111111100101011
000011010011100111011110101011
000011010011101111111000101011
000011010100011101101011011111
000011010100101100110111011111
000011010100101111110011001111
000011010100110111011011101011
000011010100111011011011001111
000011010100111100110011110111
000011010100111110110011001111
000011010101001111111001001111
000011010101010011111101101011
000011010101011110110011001111
000011010101011111101100011011
000011010101110110110011100111
000011010101111010110011001111
000011010101111110010010110111
000011010101111110100011001111
000011010101111110110001001111
000011010101111110110011000111
000011010110001010101110111111
000011010110101000111011110111
000011010110111010100011011111
000011010110111101010011011011
000011010111011100110100011111
000011010111100101011110011011
000011010111101010101110011011
000011011000100101111101110111
000011011000101110001110111111
000011011000101110010111110111
000011011000101111010111100111
000011011000110101010111111011
000011011000110101011011111011
000011011000111101010101111011
000011011000111101101010111011
000011011000111111001010101111
000011011001010010011101111111
000011011001010010111101110111
000011011001100010110101111111
000011011001101010010111110111
000011011001101101111001010111
000011011001110111110010100111
000011011001111111010010100111
000011011010001111011101100111
000011011010011001101010111111
000011011010101110010011110111
000011011010101110010110111011
000011011010111001101010111011
000011011010111101010011011011
000011011011000110111101010111
000011011011001010011101011111
000011011011001010011101101111
000011011011001110110101010111
000011011011001110111001010111
000011011011101010010110011111
000011011100101110001011111011
000011011101100101001110101111
000011011101110111000100101111
000011011101111010110010001111
000011011110010101100110110111
000011011110110101010011001111
000011011111011010101001001111
000011011111011101100010010111
000011011111101010110010001111
000011011111101101011001000111
000011100010010111011101101111
000011100010110111111011000111
000011100100101001110111011111
000011100100110010100111111111
000011100101101100110101011111
000011100110101010011001111111
000011101000101101101011110111
000011101010110011011010110111
000011101011010001111100110111
000011101100010011010111110111
000011101101001000101110111111
000011101101010001001101111111
000011101101010001011101101111
000011101101011001000111110111
000011101101011101000110110111
000011110010001001110101111111
000011110011001010100101111111
000011110011001010101101101111
000011110011010010001101111111
000011110011010101001100111111
000011110100110010100111011111
000011110101100010100110111111
000011110110110100010011101111
000011110111001010011001011111
000011111001010100110001111111
000011111010100110001011011111
000100010010111001011111110111
000100010010111101001111110111
000100010011011110011110111101
000100010011101001111101110111
000100010011110010111111010111
000100010100011110101101111111
000100010100111111100111011101
000100010101100111100111111011
000100010101101111100110011111
000100010101101111100111011011
000100010101101111100111110011
000100010101111100110110101111
000100010110001110101101111111
000100010110010111101011110111
000100010110101000111111101111
000100010110101110100011111111
000100010110101111001101111101
000100010110101111010101111101
000100010110101111110011010111
000100010110111111100011011101
000100010111001110101101111011
000100010111001111001101111011
000100010111010011011110111101
000100010111010111101011011011
000100010111011101110100101111
000100010111011101111000101111
000100010111011111110001101011
000100010111100010111011101111
000100010111100011011110101111
000100010111100011101101101111
000100010111101000101111101111
000100010111101001101110101111
000100010111101001101111001111
000100010111101001101111100111
000100010111101001111001110111
000100010111101001111101100111
000100010111101101111000110111
000100010111110001011110101111
000100010111110001111101101011
000100011000111111011001011111
000100011010011111010101111011
000100011010100110110111011111
000100011010111010011010111111
000100011010111101011001011111
000100011010111111010011010111
000100011011001000111111101111
000100011011001010011111101111
000100011011001011010111101111
000100011011011010111010101111
000100011011011011010110101111
000100011011110001011011011111
000100100010101111111010110111
000100100010111111001011110111
000100100010111111101001101111
000100100100111111100111010111
000100100100111111100111011101
000100100101011011001111111101
000100100101011111011100101111
000100100101101011110101011111
000100100101101111110110001111
000100100101110100101111111011
000100100101110111001110111101
000100100101111001101111101101
000100100101111011001111011101
000100100101111011001111110101
000100100101111011101110001111
000100100101111101110010101111
000100100101111101110111001011
000100100101111110001110111101
000100100101111111001110011101
000100100101111111001110101101
000100100110001101011101111111
000100100110101001101111101111
000100100110101100111010111111
000100100110101101011010111111
000100100110101110011010111111
000100100110101111101010110111
000100100110101111111000101111
000100100110110101011011110111
000100100110111000111010111111
000100100111011010011111110101
000100100111011101111101000111
000100100111011110011110110101
000100100111011110111000111101
000100100111100010111110111011
000100100111100011011110101111
000100100111100100111111101011
000100100111100101110111001111
000100100111101001101101101111
000100100111101001101111101101
000100100111101001111011101011
000100100111101001111101100111
000100100111101010110110101111
000100100111101100111111001011
000100100111110001101111001111
000100100111110011011110110101
000100100111110100101110111011
000100100111110100110111101011
000100100111110100111111100011
000100100111110101110101001111
000100100111110101110111001011
000100100111111000101111001111
000100100111111001101110001111
000100100111111110001110110101
000100100111111110101011010011
000100101000111111010110011111
000100101001011101011100111111
000100101001100111010111111101
000100101001101011010111101111
000100101001101101010111101111
000100101001101101010111111101
000100101001101111000111101111
000100101001101111010111001111
000100101001101111010111100111
000100101001110100110111111101
000100101001110110100111111101
000100101001110111110001111101
000100101001111101110100110111
000100101001111110100110101111
000100101001111111000110011111
000100101001111111110100110011
000100101010011110011111111001
000100101010100110111111001111
000100101010111011110100101111
000100101010111011110110001111
000100101010111111001011010111
000100101011000101011111011111
000100101011001101011101011111
000100101011001101111100110111
000100101011010011011110011111
000100101011011101011100101111
000100101011100010111111101101
000100101011100101011111010111
000100101011100110111111001101
000100101011101000111111110011
000100101011101001011111100111
000100101011101001111110100111
000100101011101011010111100111
000100101011101100111111001011
000100101011101100111111100011
000100101011110011011111010011
000100101011110011111101100101
000100101011110110111100011101
000100101011110111001110010111
000100101011111011011110001011
000100101011111110110001111001
000100101100011100110111111101
000100101100101111110101110011
000100101100110101001111011111
000100101100110111010111100111
000100101100111011010110011111
000100101100111101010110011111
000100101100111101110100011111
000100101100111110001111110011
000100101100111111000110110111
000100101100111111000111011101
000100101101011001100111101111
000100101101011001111101011101
000100101101011111110100010111
000100101101100010111011101111
000100101101100111110011110101
000100101101101001101110101111
000100101101101100111111001011
000100101101110001110110011111
000100101101110001110111001111
000100101101110011111101100101
000100101101110101010110011111
000100101101111001100111101011
000100101101111011001111100101
000100101101111100101110110011
000100101101111101010111001101
000100101110011110111010010111
000100101110100111001011110111
000100101110100111001111010111
000100101110101011011111100011
000100101110101100111010011111
000100101110101100111111001011
000100101110101111001011100111
000100101110111001101110001111
000100101110111010110110001111
000100101110111011001110100111
000100101110111011010110001111
000100101110111111001010010111
000100101111000101110011011111
000100101111001001110101111101
000100101111001010101111100111
000100101111001110111000111101
000100101111001111010101011011
000100101111001111011101011001
000100101111010011111101100101
000100101111011001111111000101
000100101111011010101110100111
000100101111011011100111100101
000100101111011101011100100111
000100101111100011101011101011
000100101111100101111011010101
000100101111101010110111100011
000100101111101010111000111011
000100101111101011001111100011
000100101111101100111011001011
000100101111101100111101001011
000100101111101100111110001011
000100101111110011101100101101
000100101111110011101101100101
000100101111110100110101001111
000100101111111011001110001101
000100101111111011001110100101
000100101111111110001110010011
000100110001101011010111111101
000100110001111110100110101111
000100110010101001110011111111
000100110010101001111001111111
000100110011010101110101101111
000100110011010101111111001011
000100110011010110111110001111
000100110011010111111110001011
000100110011011110011110110101
000100110011100011101101011111
000100110011101011011111001011
000100110011110110111110010101
000100110011111110010111001101
000100110100010110101111011111
000100110100011010111101110111
000100110100011110101011011111
000100110100100111101111010111
000100110100101001110011111111
000100110100101011111111100011
000100110100101111110111001101
000100110100110011101111010111
000100110100110101011010111111
000100110100110111001110111101
000100110100111010100111111011
000100110100111100110111101011
000100110100111101001110111101
000100110100111101001111011101
000100110100111101010110111011
000100110100111101011010101111
000100110100111101111000101111
000100110100111111000101101111
000100110100111111000110101111
000100110100111111001010101111
000100110100111111101001110011
000100110100111111101010110011
000100110101001110001111111101
000100110101001110100111110111
000100110101010100111111001111
000100110101011011111000110111
000100110101011100100111101111
000100110101011110011010111101
000100110101011110110011010111
000100110101100011101101011111
000100110101100110101101011111
000100110101100110101111010111
000100110101100111100011111101
000100110101101001101101101111
000100110101101001111101100111
000100110101101001111111100011
000100110101101101110010101111
000100110101110001111101101011
000100110101110010110110110111
000100110101110011101101010111
000100110101110011110010111101
000100110101110011111110100101
000100110101110100110111101011
000100110101110101110010110111
000100110101110110100111111001
000100110101110111000110101111
000100110101111000100110111111
000100110101111000100111101111
000100110101111000101110101111
000100110101111000110110101111
000100110101111001100110101111
000100110101111010100110101111
000100110101111010100111110011
000100110101111010110100111101
000100110101111100100110101111
000100110101111100100111101011
000100110101111100110001111011
000100110101111100110010101111
000100110101111101000110101111
000100110101111110100101001111
000100110101111110100110001111
000100110101111110110001010111
000100110101111111000110100111
000100110101111111100010110011
000100110110001010110111101111
000100110110001010111101101111
000100110110001110101011110111
000100110110001111010101110111
000100110110010101111011110011
000100110110010111101011110011
000100110110011000111110101111
000100110110011010110101110111
000100110110011110011110110101
000100110110100111001111010111
000100110110101001011111100111
000100110110101001111111100011
000100110110101011110111100011
000100110110101101110011110101
000100110110101110011010101111
000100110110101111010011010111
000100110110101111100011101101
000100110110110111001111100101
000100110110111101001111100101
000100110110111101111000101101
000100110110111110001110110101
000100110110111111001010010111
000100110110111111001010100111
000100110111000110101011011111
000100110111010100101100111111
000100110111010100111111001011
000100110111010101110001111011
000100110111011010101110100111
000100110111011010110111000111
000100110111011110001110110101
000100110111100010101101011111
000100110111100010101110011111
000100110111100011101101011101
000100110111100100101111010111
000100110111100110101100011111
000100110111100110101101001111
000100110111101001111101100011
000100110111101010101101001111
000100110111101111010001111001
000100110111110001111001101011
000100110111110001111010010111
000100110111110001111101100011
000100110111110010001110101111
000100110111110010011110110101
000100110111110010101111010011
000100110111110010110110100111
000100110111110011110110100101
000100110111110110101100011101
000100110111110111001010010111
000100110111111010001110110101
000100110111111110001010110101
000100110111111110001110010101
000100110111111110001110100101
000100111000101100110101111111
000100111000110101111110011101
000100111000111011011010110111
000100111000111111010101011011
000100111000111111010101101101
000100111001011010111001111101
000100111001101010111111100101
000100111001111100110110110101
000100111001111101010101101101
000100111010001010101111101111
000100111010010110010111011111
000100111010010110111101110101
000100111010011100111101101101
000100111010011110011101111001
000100111010100100111111001111
000100111010100110111111001011
000100111010110111001011010111
000100111010111000111111001011
000100111011011010101110100111
000100111011011010111000111101
000100111011011100111100110101
000100111011101001011111001011
000100111011101011011110001011
000100111011110001011011010111
000100111011110100111101001101
000100111011110110011110010101
000100111011110110101100011101
000100111100011101101011011101
000100111100100111011111001101
000100111100101010111111001101
000100111100101011001011101111
000100111100101101010101111011
000100111100101111010111001101
000100111101010100111111001011
000100111101010101111110001011
000100111101011001001111101011
000100111101011100100110101111
000100111101011100110110100111
000100111101100101011111001011
000100111101101011011111000101
000100111101101111100010110101
000100111101101111100101010011
000100111101110001110111001011
000100111101110010111110010101
000100111101111001100101101011
000100111101111001101100101101
000100111101111100100110101011
000100111110001011011011101011
000100111110001111101101100011
000100111110011100110101101101
000100111110100110101011010111
000100111110100111001011010111
000100111110100111100111010011
000100111110100111110101010011
000100111110101011101101100011
000100111110101101011011001101
000100111110101101100011110101
000100111110101101111001001101
000100111110101110100011101101
000100111110110110001011010111
000100111110110111000101011011
000100111110110111001010010111
000100111110110111001011000111
000100111110111011001010010111
000100111110111011001010100111
000100111110111011100010101101
000100111110111110001010010111
000100111110111110001010110101
000100111110111110101000101011
000100111111001011010011101011
000100111111001101011101001011
000100111111001110101100110101
000100111111001111001100110101
000100111111010110101100011101
000100111111011010001110100111
000100111111011010100110100111
000100111111011010101100100111
000100111111011010101110100101
000100111111011101001001101011
000100111111101010101101001011
000100111111110010101100011101
000100111111110100010101001111
000100111111110100101100011101
000100111111110100101110001101
000101000101111001101110110111
000101000110010111110010111111
000101000110100111111001101111
000101000110111100101010111111
000101000110111101101010101111
000101000111001010101101111111
000101000111001011011001111111
000101000111010111101001101111
000101000111011001101001111111
000101000111011010101001111111
000101000111100101101110011111
000101001001101110010111101111
000101001001110011010011111111
000101001001110111100011111101
000101001001111101111000110111
000101001001111110010011101111
000101001010011111101100111101
000101001010111010011110111011
000101001010111110001110111011
000101001010111110100110111011
000101001010111110111000111011
000101001011000111111110011011
000101001011001110111100101111
000101001011010111011001101111
000101001011011010011110111011
000101001011011011101100111101
000101001011011100101111110101
000101001011011110001110111011
000101001011011110011100111011
000101001011011110011110011011
000101001011011111101100110101
000101001011100011011111011101
000101001011100111011001011111
000101001011100111111110010101
000101001011101000111111110011
000101001011101010011111011011
000101001011110011011111010011
000101001011110111101110001101
000101001011111010011010111011
000101001011111100101101110101
000101001011111110011010101011
000101001011111110011100101011
000101001100011110100110111111
000101001100011111000111111011
000101001100011111001011111011
000101001100101111001011111011
000101001100111101001111110101
000101001100111111001011011011
000101001101001101100111101111
000101001101001111000111111011
000101001101010101100110111111
000101001101010111011000111111
000101001101010111101000111111
000101001101011011100100111111
000101001101011101000111111011
000101001101011101100011111011
000101001101011110100101111011
000101001101100010110111011111
000101001101100101101111001111
000101001101100111100101101111
000101001101101101100111001111
000101001101110011100011111101
000101001101110111100100101111
000101001101111010011110101011
000101001101111010011111100011
000101001101111110011100101011
000101001110011010101101111011
000101001110100011101011111011
000101001110110100111111001101
000101001110111111001010011011
000101001111001101100111100111
000101001111001111100101100111
000101001111010011101100111101
000101001111010011101110011101
000101001111010111001001101111
000101001111010111011001101011
000101001111010111101100101101
000101001111011001101000111111
000101001111011001101100111101
000101001111011001101110110101
000101001111011010011110101011
000101001111011010101100111101
000101001111011010101101110011
000101001111011011001100111101
000101001111011011100100111101
000101001111011011101000111101
000101001111011011101100110101
000101001111011011110100011011
000101001111100011011101011011
000101001111100101101101100111
000101001111101101100111000111
000101001111110011001101001111
000101001111110101101100100111
000101001111110110011100101011
000101001111111010011100101011
000101010001010111111001101111
000101010001011011111100111011
000101010001101011010011111111
000101010010100110011011111111
000101010010110011001111111101
000101010010111111001110101101
000101010011001001111101110111
000101010011001001111111100111
000101010011001100111101101111
000101010011001110111101101011
000101010011010111101100110111
000101010011011001011011110111
000101010011011011111101100011
000101010011011101111001101011
000101010011011111110001101011
000101010011100010111111011011
000101010011100011011111011101
000101010011100111110110010111
000101010011100111111001011011
000101010011100111111110001011
000101010011101000101111110111
000101010011101000111111110101
000101010011101110001111101101
000101010011101110011101101101
000101010011110011110110011011
000101010011111001101101110011
000101010011111011001110110101
000101010011111100101101110011
000101010011111101101101100011
000101010100010101011011111111
000101010100010101111011111101
000101010100010111011011110111
000101010100011101011011011111
000101010100101111110111001101
000101010100110101011001111111
000101010100110101111001111101
000101010100110111011001110111
000101010100110111100111110011
000101010100110111111001110101
000101010100111011001111101101
000101010100111100100110111111
000101010100111100110110111101
000101010100111101011001011111
000101010100111101101000111111
000101010100111101111001011101
000101010100111111011001010111
000101010100111111111001010101
000101010101111101101000110111
000101010110010101010011111111
000101010110010101110011111101
000101010110010111010011110111
000101010110010111110011110101
000101010110011101010011011111
000101010110011101110011011101
000101010110011111010011010111
000101010110011111110011010101
000101010110110101010001111111
000101010110110101110001111101
000101010110110111010001110111
000101010110110111110001110101
000101010110111101001101100111
000101010110111101010001011111
000101010110111101110001011101
000101010110111110001100111101
000101010110111110001101110101
000101010110111110010100111101
000101010110111111010001010111
000101010111001011010001111111
000101010111110001111101001011
000101010111111100101100100111
000101011000111010011001111111
000101011001001110100111110111
000101011001100111110110101101
000101011001101001011111100111
000101011001101001111111010011
000101011001110110111001011101
000101011001110111110010011011
000101011001111001100110111101
000101011010001100101101111111
000101011010001110011011111101
000101011010001111011011110101
000101011010010011011111010111
000101011010011001101101011111
000101011010011001111001110111
000101011010011011001101110111
000101011010011100011011111101
000101011010100010110111011111
000101011010100010111011101111
000101011010111101110100010111
000101011011001001111111000111
000101011011001010011101011111
000101011011001100101001111111
000101011011011110011001011101
000101011011100100101111100111
000101011011110011001101001111
000101011011110011001111001101
000101011100010111011011110101
000101011100011101011011011101
000101011100100110111111001011
000101011100101100100111011111
000101011100101110010111110101
000101011100110101011001111101
000101011100110111011001110101
000101011100111101011001011101
000101011100111110100100111011
000101011100111111001001101011
000101011101001011000111111011
000101011101100011110101101101
000101011110010101010011111101
000101011110010111010011110101
000101011110011101010011011101
000101011110110001111110001101
000101011110110101101110001101
000101011110111101010001011101
000101011111000110110100111011
000101011111001010011101100111
000101011111001100110100101111
000101011111001101001011110011
000101011111001101101011010011
000101011111010011110110001011
000101011111010100101100110111
000101011111010100110100111011
000101011111011010101100011101
000101011111100101101110001101
000101011111101100010110100111
000101011111101100011101010011
000101011111110010110110010011
000101011111110011001101001011
000101011111110100101110001101
000101011111110101001110001011
000101100010111111101001100111
000101100011001011010111111101
000101100011011101110100101111
000101100011101000111111110011
000101100011101001001111111101
000101100011101001010111111101
000101100011101001011011111101
000101100011101001011110111101
000101100011101001011111011101
000101100011101010011011111011
000101100011101010011111110011
000101100011101110010111101101
000101100011101111010010111101
000101100011110011001101111101
000101100100101001100111111111
000101100100101001110011111111
000101100100101011010111110111
000101100100111001101010111111
000101100100111101110010101111
000101100101001010111101011111
000101100101001011011001111111
000101100101001110100111110111
000101100101001110111001011111
000101100101001110111101010111
000101100101001110111111010011
000101100101001111000111101111
000101100101001111001101101111
000101100101001111100111001111
000101100101001111101101001111
000101100101010111101010011111
000101100101011100100110111111
000101100101011100100111110111
000101100101011110100011110111
000101100101011110101001110111
000101100101100111001111101101
000101100101101001100101111111
000101100101101001100111111101
000101100101101111100101001111
000101100101111001100111101101
000101100101111101110010100111
000101100101111101110010101101
000101100110001111111011010011
000101100110101001100011111111
000101100110101001110001111111
000101100110101001110010111111
000101100111000101101001111111
000101100111000111101101101101
000101100111001001101001111111
000101100111001111000111101101
000101100111010100110110111011
000101100111011010101001111101
000101100111011011101001010111
000101100111100111001101001111
000101100111100111001101101101
000101100111110001101010011111
000101100111111010001110110011
000101101000101111111011000111
000101101000110011101010111111
000101101000110111110100110111
000101101001001100010111111111
000101101001001100111101111101
000101101001001110111101010111
000101101001100011010101111111
000101101001100110010111011111
000101101001100110010111101111
000101101001100110110110111101
000101101001100111011001011111
000101101001100111111011000111
000101101001110101110100111011
000101101001110111011001010111
000101101001111001100110111101
000101101001111101110100110011
000101101001111110010011101011
000101101001111111010100100111
000101101001111111010101100011
000101101010011000111101111101
000101101011001101111101010011
000101101011001110111100100111
000101101011100011011111010011
000101101011101000111011110011
000101101011101000111101110011
000101101011101000111111100011
000101101011101010011111010011
000101101011110010011111010011
000101101011110011011101000111
000101101011110011011110010011
000101101011111110001110010011
000101101100011100100111110111
000101101100101001101010111111
000101101100101001110110111101
000101101100111010110100110111
000101101100111011010101001111
000101101101000101111100111011
000101101101000111000111101111
000101101101001101100111100111
000101101101001111101101000111
000101101101010101111110010011
000101101101011110100101110011
000101101101100011111101010011
000101101101100111101101000111
000101101101101001100110101111
000101101101111010001111010011
000101101110100101011001110111
000101101110101100101001011111
000101101110101100101010011111
000101101110111010001110110011
000101101110111100101001011101
000101101111010110011110100011
000101101111011010101001110011
000101101111100011011101010011
000101101111100101100101001111
000101101111101000111101010011
000101101111101000111110100011
000101101111101010011110100011
000101101111101110001110100011
000101101111110010011110100011
000101101111110011001010010111
000101101111110100011101100011
000101101111110110001110100011
000101101111110110010100110011
000101110001101001010111111101
000101110001101001110011111011
000101110001101010010111111101
000101110001101011010111011101
000101110001110100100110111111
000101110001110100101111011101
000101110001110100110111101011
000101110010010100111011111011
000101110010010111110111000111
000101110010011000110011111111
000101110010100111111110010011
000101110010110100110011111101
000101110010111110111001010011
000101110010111111011001010011
000101110011001010011111011101
000101110011001011010011111101
000101110011100100101110011111
000101110011100100101111001111
000101110011101001001111011101
000101110100011101011011010111
000101110100100111101111000111
000101110100101001100011111111
000101110100101001100111111011
000101110100101001110011111011
000101110100110101011001110111
000101110100111000110110111011
000101110100111101011001010111
000101110101001110111101010011
000101110101101001100010111111
000101110101101001100101101111
000101110101101001110001111011
000101110101111010100110110011
000101110101111100100100111011
000101110110001101001011101111
000101110110001110010110111101
000101110110010100111101101011
000101110110010101010011110111
000101110110010111011010100111
000101110110011101010011010111
000101110110101110010100111101
000101110110111010010100111101
000101110110111101001001100111
000101110111001011111001010011
000101110111010100110100111011
000101110111011001101001010111
000101111000111001001011111011
000101111000111010100110111011
000101111000111010110100111011
000101111000111011111010010011
000101111001001001110111100111
000101111001001011110111100011
000101111001011111100100100111
000101111001100100101110011111
000101111001110010010011111101
000101111001110111001001001111
000101111001111011100100100111
000101111010001011111011100011
000101111010010011000111011111
000101111010110011011010100111
000101111011011001101001010111
000101111011100011001101001111
000101111011100101001100011111
000101111011100110010101001111
000101111011110010110110010011
000101111100101001100011111011
000101111100111010110100110011
000101111100111100100100111011
000101111100111100100101110011
000101111101001011100110110011
000101111101001100100111101011
000101111101001100101001011111
000101111101001101110011100011
000101111101011110100100110011
000101111101100101001110010111
000101111101110001100110100111
000101111101111010100100110011
000101111110001110010010110111
000101111110011010010101100111
000101111110100110010010110111
000101111110100111101001100011
000101111110101101001001100111
000101111110101111001001100011
000101111110110011011010010011
000101111110110100100110001111
000101111111001011001001110011
000101111111001011001101010011
000101111111001101101001100011
000101111111010010011100011011
000101111111010011001010010111
000101111111010100101100100111
000110010010011110111010101111
000110010010011110111101010111
000110010010100101111011110111
000110010010100101111011111011
000110010010100111111010101111
000110010010101101110101110111
000110010010101110011011101111
000110010010110101010011111111
000110010010110111110010101111
000110010011010011111110101011
000110010011010100101111110111
000110010011010101111110100111
000110010011011011110010101111
000110010011011110101001011111
000110010011111010110010101111
000110010011111011110010101011
000110010100101110100111011111
000110010100101110110011011111
000110010100101111111010011011
000110010100110110100111011111
000110010100111010110110101111
000110010100111110100110011111
000110010100111110100111011011
000110010100111111001010101111
000110010101001001101101111111
000110010101001100101101111111
000110010101011011110010011111
000110010101011011110100101111
000110010101100101111110100111
000110010101110100110010111111
000110010101110110100110011111
000110010101110110100111011011
000110010101110111110010010111
000110010101111010110010011111
000110010101111010110110100111
000110010101111011110010011011
000110010101111100100110101111
000110010101111110100110010111
000110010110010011111110101011
000110010110111110101010011011
000110010111000110101001111111
000110010111010010101100111111
000110010111010100101100111111
000110010111101001101101010111
000110011010101111011001001111
000110011011001010111101001111
000110011011011101010100101111
000110011101001010011101011111
000110011101010010110110011111
000110011101010100101100111111
000110011101101001100101011111
000110011110111001001010011111
000110011111011010101100100111
000110100100101010101111111011
000110100100110010101111111011
000110100100110011101010111111
000110100100111010100111011111
000110100101010111011000111111
000110100101011100111100111011
000110100101011101001100111111
000110100110010101011100111111
000110100110111011001010111011
000110100111010100101110111011
000110100111011100111100101011
000110100111110100101010111011
000110100111110100101110101011
000110101001001101101100111111
000110101001011001011001111111
000110101001011001110111001111
000110101001011101011001011111
000110101001100101010111101111
000110101010010010111100111111
000110101010011011110010011111
000110101010111100100111011011
000110101011001001111001111011
000110101100101001100110111111
000110101101100101010011101111
000110101101110101010010011111
000110101101111010100110010111
000110101110101001101100101111
000110110010010110111101010111
000110110010011110101101010111
000110110010011110110101010111
000110110010011110111001010111
000110110010100100101011111111
000110110010100100111011110111
000110110010100101110011110111
000110110010101111010011001111
000110110010110101010011110111
000110110010111001010010111111
000110110011010100101100111111
000110110011010111010100101111
000110110011011111010100100111
000110110100110010100110111111
000110110100110010100111011111
000110110101001001001101111111
000110110101001100101100111111
000110110101001100101101101111
000110110101001100101101110111
000110110101010100100111101111
000110110101010111101100100111
000110110101011011110100100111
000110110101011100100111100111
000110110101111010110010100111
000110110110011010100101110111
000110110110110010100110101111
000110110110110010101110100111
000110110111010100101100101111
000110110111010100101100111011
000110110111011010101100100111
000110110111110010101100100111
000110111010100100111011001111
000110111010101001011011001111
000110111010111011001010100111
000110111011010100101100101111
000110111011011101010100100111
000110111100110010010101011111
000110111100110101010010011111
000110111100111011001010100111
000110111101001100101101010111
000110111101010010010110011111
000110111101011010101100100111
000110111101100101010101001111
000110111101101100100101010111
000110111110011010100100110111
000110111110110101010010010111
000110111110111001001010010111
000110111111010010101100100111
000111001001010111011100101111
000111001001101001010111011111
000111001001101001010111110111
000111001001101010010111011111
000111001010010011010101111111
000111001010010011111100110111
000111001010100110011010111111
000111001010100110110010111111
000111001101101101100101001111
000111001110111001001010011111
000111001111111001001010010111
000111010010011101110101001111
000111010010011110101101010111
000111010010100100111011101111
000111010010100110011011101111
000111010011001010010101111111
000111010011111100100101010111
000111010100100100100111111111
000111010100100101110110101111
000111010100101100100111011111
000111010100101100110011110111
000111010100110010100111011111
000111010100110101011001011111
000111010100110111011001010111
000111010101100100111011010111
000111010110010101010011011111
000111010110011010100101101111
000111010111010100101100110111
000111011001001010011101011111
000111011001101001010101110111
000111011001101010010110011111
000111011001101011100101001111
000111011011001010011001011111
000111011100101100100101011111
000111011101010010110010011111
000111100100101001010111011111
000111101011001100101001101111
000111101110101001001010011111
000111110100110010100101011111
