0000000000000000000000000000000010001101011111
0000000000000000000000100001000010000100011111
0000000000000000000000100001000010001000011111
0000000000000000000001000010000100001000011111
0000000001000000001000000001000000001000011111
0000000000010000000001100000000000100000011111
0000000000000100000000001000001000001000101111
0000000000001000010000010000000000010000101111
0000000000000000000000100010010001000001001111
0000000000000100000010000010000001000001001111
0000000010000001000000010000000100000010001111
0000000010000001000000100000001000000010001111
0000000000100000001000000000100001000100001111
0000000001000000001100000001000000000100001111
0000000000000010000110010000000000000100001111
0000000000000100000000100000000110001000001111
0000000000000100000110010000000000001000001111
0000000000100000000110010000000001000000001111
0000000000001010000000000001100100000000001111
0000000000000000001000001000001000001000110111
0000000000000000101001001000000000000001010111
0000000000000000001000100010000010000010010111
0000000000100000010000000010001000010000010111
0000000000000100001001000001000000100000010111
0000000000010000000101100000000000100000010111
0000000000000000010000000000101000001001100111
0000000001000000010000010000001000000001100111
0000000000001000000001000001000000010010100111
0000000000000001010001000000010000000010100111
0000000000000000000010101000000000100100100111
0000000000001000000010000000100001000100100111
0000000000000000000011000010000100001000100111
0000000000000100010010000000000000110000100111
0000000000000100100010000000000001100000100111
0000000000000000001000100001001000100000100111
0000000000010000000000010101000000100000100111
0000000000010000010010001000000000100000100111
0000000000000000010010000010100001000000100111
0000000001000000010000100000000110000000100111
0000000000000000000000101001000000010011000111
0000000000000000000001001000100100000101000111
0000000000000000100010100100001000000001000111
0000000000010001000000010000000000100110000111
0000000000001001000000100000000001010010000111
0000000000000000100000001000000110010010000111
0000000000000010010000100000000010100010000111
0000000000000000000001001010100000100010000111
0000000000010011000000010000000000100010000111
0000000000100001000000100000000011000010000111
0000000000000000000010011000100001000010000111
0000000000001000000001100100000001000010000111
0000000000000001000100010000100100000010000111
0000000000000001000011011000000000000010000111
0000000000000000100000100001000010001100000111
0000000000000010000100000100100001000100000111
0000000000000000000010010001010010000100000111
0000000001000100000000100000010010000100000111
0000000000000010000011011000000000000100000111
0000000000000000101001000000001000101000000111
0000000000100100000000100000000011001000000111
0000000000000000101001000000100010001000000111
0000000000000001000011000100000010010000000111
0000000000100001000001100100000000010000000111
0000000000000000100001100100010000100000000111
0000000000010000000100100110000000100000000111
0000000000010000000011011000000000100000000111
0000000000000000000010101001001001000000000111
0000000000000000001010100100100100000000000111
0000000000000001000000100000010000001000111011
0000000000000001000100000010000001001000011011
0000000000000001000001000001000100001000011011
0000000000000100000001000000100010100000011011
0000000000010000000011100000000000100000011011
0000000000001000001000010010000001000000011011
0000000000000000000101100000000000001010101011
0000000000000010000100000000110000000010101011
0000000000100000000010000001000001000100101011
0000000000000001000101100000000000001000101011
0000000000000000011000000000000010110000101011
0000000000011000000000010000000010100000101011
0000000000010000010000100100000000100000101011
0000000000001000000101000001000010000000101011
0000000000000000010100110100000000000000101011
0000000000000000100010000000100001000011001011
0000000000000110000000000100000000010101001011
0000000000000100100001000100000000001001001011
0000000000000000000110000000100010100001001011
0000000001000001000100010000001000000001001011
0000000000100110000000100000010000000001001011
0000000000000000100101000100100000000001001011
0000000000000000010101100000000000001010001011
0000000000010000000001100001000000100010001011
0000000000000000000101100000001100000010001011
0000000000000001000010100000001100000010001011
0000000000110001000001000000000100000010001011
0000000000000000000100100010000100001100001011
0000000000000100000101000000010000001100001011
0000000000001000100000100000000000110100001011
0000000000000010000001100000100000010100001011
0000000000000010000010100000000011000100001011
0000000000000100010100000000000011000100001011
0000000000000000000100100100010001000100001011
0000000000101000000000100000100001000100001011
0000000000000010000101000001000010000100001011
0000000000000000000101000100100100000100001011
0000000000100000000010100010010000000100001011
0000000000001010000001100000100000000100001011
0000000001000010000101000001000000000100001011
0000000000000100001000001000000010011000001011
0000000000010001000000100000001000011000001011
0000000000001001000100000000001000011000001011
0000000000000110000000000001000010101000001011
0000000000000010000100010000000101001000001011
0000000000000000100001100000010010001000001011
0000000001000001010000100000000010001000001011
0000000000000000001010100001000100001000001011
0000000000000110000101000000010000001000001011
0000000010000100000001000100100000001000001011
0000000000000100000101001010000000001000001011
0000000000010100001000100010000000001000001011
0000000000000001010101100000000000001000001011
0000000000001000000100100000000100110000001011
0000000000000000000101100010000001010000001011
0000000000001000000001100000010010010000001011
0000000000001000000100101000000100010000001011
0000000000000001000001100001001000010000001011
0000000001000110000000100000100000010000001011
0000000000100000000101100010000000010000001011
0000000000000001000100101000100000100000001011
0000000000010001000001100001000000100000001011
0000000000010100011000000001000000100000001011
0000000000010010100010010000000000100000001011
0000000000001000000101100010000001000000001011
0000000000000001000101100000001100000000001011
0000000000000000000101100001101000000000001011
0000000000000000010000000001010000010010110011
0000000001000000010001000000001010000000110011
0000000001000000010001000010000010000000110011
0000000001000000011000010000000010000000110011
0000000000000000010000010100101000000000110011
0000000000000110000000100000000100000011010011
0000000000000100100000100000000000011001010011
0000000000000100001000100000001000001001010011
0000000000000000100001110000000000001001010011
0000000000010000001000000001000001100001010011
0000000000010001000000001000000001100001010011
0000000000000000100010001000010000100001010011
0000000000010000100000100000000110000001010011
0000000001000000001000100000001010000001010011
0000000000100000101000000000010010000001010011
0000000000010000000010100001000100000001010011
0000000000000000101000110000001000000001010011
0000000000000000000010000100001000010110010011
0000000000000100001001000000001000001010010011
0000000000000101000000100000100000001010010011
0000000010000001000001000001000000001010010011
0000000000001001000000101000000000010010010011
0000000000000001000010000100000010100010010011
0000000000000001010100000000000011000010010011
0000000001000000010000000001010010000010010011
0000000000000010000001100000000100100100010011
0000000000010100000001000000001010000100010011
0000000000100000100000101000000010000100010011
0000000000010010000001100000000100000100010011
0000000000010000001000101001000000000100010011
0000000000010000000001000001001000101000010011
0000000000000000001100000001001000101000010011
0000000000000100000001100001000010001000010011
0000000000010000001010000000001100001000010011
0000000000000100001000100100001000001000010011
0000000000000010001000001001010000001000010011
0000000000000100000000101100100000001000010011
0000000001000100000001100001000000001000010011
0000000000010100000100100010000000001000010011
0000000000000100001010011000000000001000010011
0000000000000100001001100000000000110000010011
0000000000000000100001101000010000010000010011
0000000000001000001001010100000000010000010011
0000000001000100000000100001000001100000010011
0000000000000000001001100010001000100000010011
0000000000000010100011000000010000100000010011
0000000000000010001000101001000000100000010011
0000000000010101000100001000000000100000010011
0000000000010000000111100000000000100000010011
0000000000001100001001100000000000100000010011
0000000000001000010001010000001001000000010011
0000000000100001010000011000000001000000010011
0000000000000011000010010000001010000000010011
0000000000100000101000100001000010000000010011
0000000000010000101010001000000100000000010011
0000000000010000001001100010001000000000010011
0000000000000101001000110000001000000000010011
0000000000000010100100100001010000000000010011
0000000000000000010000010000010000001101100011
0000000000000010010000100010000000000101100011
0000000000000010000001101000000000000101100011
0000000000000000000010101000001001000001100011
0000000000101000000000100000001001000001100011
0000000000001001000001000000010010000001100011
0000000010000000100001000000100100000001100011
0000000000000001010000100000100000000110100011
0000000000001001000000001001000000100010100011
0000000000010001000000100100000000100010100011
0000000000000001010011000000010000000010100011
0000000000000001010001000010100000000010100011
0000000000001011000000100010000000000010100011
0000000000000010000001100100000000010100100011
0000000001000010000001000001000010000100100011
0000000000001010000001100100000000000100100011
0000000000000010100001101000000000000100100011
0000000000001000010010000000010000101000100011
0000000000100100000001000000100000101000100011
0000000000100000000001000001001001010000100011
0000000000100000100000100000001001010000100011
0000000000001000010001000001000010010000100011
0000000000000000000001011001001000010000100011
0000000001000000000100001100001000010000100011
0000000000001001000011000001000000010000100011
0000000001001000010001000001000000010000100011
0000000000001000010110010000000000010000100011
0000000000010000010000100000000011100000100011
0000000000110000010000100000000010100000100011
0000000000000010010000101010000000100000100011
0000000000010000010100001010000000100000100011
0000000000100000010100010010000000100000100011
0000000000010000010100100100000000100000100011
0000000000000100000010100000101001000000100011
0000000000010001010010000100000001000000100011
0000000001000000010010100000000110000000100011
0000000001000000011001000000001010000000100011
0000000000000100010001100000100010000000100011
0000000000010000010010100000011000000000100011
0000000000001000010001100100001000000000100011
0000000000010001000001101000001000000000100011
0000000000101101000001000000001000000000100011
0000000000010000010101000100100000000000100011
0000000000000101000001000000100000001011000011
0000000000000101100000001000000000001011000011
0000000000000101100000010000000000001011000011
0000000000011000001000001000000100000011000011
0000000000000000000101000010011000000011000011
0000000000010000001000100000000000101101000011
0000000000000100100000000001000010001101000011
0000000000000010100000100000010000001101000011
0000000000001000000100100000000000110101000011
0000000000100010000001000000100000100101000011
0000000001000010000000100000000110000101000011
0000000001000000100000100000100010000101000011
0000000001000010000000100010000010000101000011
0000000000000010000001101000000010000101000011
0000000001000100000010010000000010000101000011
0000000000000010010000000101001000000101000011
0000000000000000101001000010001000000101000011
0000000000100000100001000100010000000101000011
0000000000000001001000100011000000000101000011
0000000000000010100001001010000000000101000011
0000000000000010010001101000000000000101000011
0000000000000100101000100000000000011001000011
0000000000000101100000000000100000101001000011
0000000000000010000001000001010001001001000011
0000000000000100010100000100000010001001000011
0000000000000100000001101000000010001001000011
0000000000000100100101000100000000001001000011
0000000000000000101001110000000000001001000011
0000000000001000100001000000100001010001000011
0000000000001000100000100001000001010001000011
0000000000000000100010010100000001010001000011
0000000000101000100001000000100000010001000011
0000000000000000101000100000000110100001000011
0000000000000001000100100000010100100001000011
0000000001000000101000100000000100100001000011
0000000000000000001011000000101000100001000011
0000000010010000001000100010000000100001000011
0000000000100000000101001000010010000001000011
0000000000000100000101100000010010000001000011
0000000000000010100011000000100100000001000011
0000000010000000110001000000100100000001000011
0000000000010000101010000000100100000001000011
0000000000000010100001100100000100000001000011
0000000001000100000001101000000100000001000011
0000000000100010000000100001011000000001000011
0000000000001000100100100000101000000001000011
0000000000000100100010100000110000000001000011
0000000000100110000000100001010000000001000011
0000000000000000100001111100000000000001000011
0000000000010000000001100100000000100110000011
0000000001000000001000100000001000011010000011
0000000000001001001000010000000000101010000011
0000000001001000010000000100000010001010000011
0000000001000000010100100000000010001010000011
0000000000000000000100100110001000001010000011
0000000000000001000011100000010000001010000011
0000000000000101001000100000100000001010000011
0000000000001001000010100000000001010010000011
0000000001000000100010000000001010010010000011
0000000000000101000100100001000000010010000011
0000000000000010000001101010000000010010000011
0000000000001001001000101000000000010010000011
0000000000000010100001001000000001100010000011
0000000000100001000001010000000001100010000011
0000000000000110000000100001000010100010000011
0000000000100100010000100000001000100010000011
0000000000010000000100100100010000100010000011
0000000000010000000101100001000000100010000011
0000000000010010000001100100000000100010000011
0000000000100000000001001000010101000010000011
0000000000000001000101000100001001000010000011
0000000001000010000001100000001010000010000011
0000000000001000100101000000001010000010000011
0000000001000010001000101000000010000010000011
0000000000000101001001000001000100000010000011
0000000000000101000011100000010000000010000011
0000000000000101010000100110000000000010000011
0000000001000100000001000000010010001100000011
0000000000000000100001000100010000110100000011
0000000000100000000100100000100001010100000011
0000000000000010010100010000001000010100000011
0000000000000010000101100000100000010100000011
0000000000000010010001100100000000010100000011
0000000000010010000000100000000011100100000011
0000000000001010000000000100001001100100000011
0000000000000010100001000000100001100100000011
0000000000000010001001100000000100100100000011
0000000000100000000001000101001000100100000011
0000000000100000100001010000001000100100000011
0000000000010000000001100110000000100100000011
0000000000010001000001100100000000100100000011
0000000000010000000001010000101001000100000011
0000000001000010100000100000000110000100000011
0000000001000001000001100000001010000100000011
0000000000000010000000101100100010000100000011
0000000000000000001001110001000010000100000011
0000000000000100101100100000000010000100000011
0000000000010010001001100000000100000100000011
0000000000100000100001010001001000000100000011
0000000000001010000101100000100000000100000011
0000000000000010000001011101000000000100000011
0000000000000010100000110101000000000100000011
0000000000001011000001000101000000000100000011
0000000000001001000001101010000000000100000011
0000000000001010010010001010000000000100000011
0000000000001010010001100100000000000100000011
0000000000000010110001101000000000000100000011
0000000001000000011000000001000000111000000011
0000000001000000001000000001000011101000000011
0000000000010000001000000001000101101000000011
0000000000010000000001100000110000101000000011
0000000000000100100010100010000000101000000011
0000000000100100000010100000000011001000000011
0000000000100000000001000011000101001000000011
0000000000010100010001000000100001001000000011
0000000001000000001010100001000001001000000011
0000000001010000001000100001000001001000000011
0000000001000110000001000000010010001000000011
0000000000100100100000010000100010001000000011
0000000000000100001001100001000010001000000011
0000000001001000010100000100000010001000000011
0000000001000100000110100000000100001000000011
0000000001000100001001100001000000001000000011
0000000000000101000011001010000000001000000011
0000000000001011000000100010000001010000000011
0000000000000001000011100100000001010000000011
0000000000001000000101100000010010010000000011
0000000000101001100000010000000100010000000011
0000000001000000010001001000101000010000000011
0000000000001010010000100100010000010000000011
0000000000101001010001000000010000010000000011
0000000000001001001000110010000000010000000011
0000000000000000101001001100000010100000000011
0000000000100000000001000100110100100000000011
0000000000000010000000110101000100100000000011
0000000000010000000001001010101000100000000011
0000000000010000000010010010101000100000000011
0000000000010000000000101101001000100000000011
0000000000010100001001000001001000100000000011
0000000000010100000001100000110000100000000011
0000000000010001010000100100010000100000000011
0000000000010010000010100011000000100000000011
0000000000010001000101100001000000100000000011
0000000000010010000001100110000000100000000011
0000000000010011000001100100000000100000000011
0000000000001010101001100000000000100000000011
0000000000000010000101000001100101000000000011
0000000000000010000001001001011001000000000011
0000000000001000001000110000011010000000000011
0000000000000010001001001001011000000000000011
0000000000000100101010100000011000000000000011
0000000000000010101001000011001000000000000011
0000000000001000000100100000000000010000111101
0000000000001000001010000000000010000010011101
0000000000010000000001000010000010100000011101
0000000000000000100010000010100000100000011101
0000000000010000001000000010000110000000011101
0000000001000001000000010000000100000010101101
0000000000000000010100000000010000011000101101
0000000000000000000010100000100010001000101101
0000000000000000000100000011000010001000101101
0000000000001000001100100000000000010000101101
0000000000000000000010001000100001100000101101
0000000000010000010100001000000000100000101101
0000000000100000010010000000010001000000101101
0000000000100000000110000001000000000101001101
0000000000000100000010100001000001000001001101
0000000000000000000010010001010000000110001101
0000000000000001000010000010100000010010001101
0000000000010000000001000101000000100010001101
0000000000001000000110000000001000010100001101
0000000000001010000100001000000000010100001101
0000000000010000000110000000001000100100001101
0000000000000100000110100000000000100100001101
0000000000000100010000100000010010000100001101
0000000000010011000000001000000100000100001101
0000000001000000101000100000010000000100001101
0000000000001000000110001010000000000100001101
0000000000000010000111010000000000000100001101
0000000000000010000110100000000000011000001101
0000000000000000100001100000000010101000001101
0000000000000010000110100000000000101000001101
0000000001000100000001100000000100001000001101
0000000000000000010100100010001000001000001101
0000000000000010011000100000010000001000001101
0000000000000100000010100100100000001000001101
0000000000001000000010100001000000110000001101
0000000000000010000110001010000000010000001101
0000000000100000000100100000010001100000001101
0000000000100000000110100010000000100000001101
0000000000000010100110000001000001000000001101
0000000000010000000110100010000001000000001101
0000000000000010000010101000010010000000001101
0000000000000001000110100000010100000000001101
0000000000001000100100100001000100000000001101
0000000000000000000000100001000010000101110101
0000000010000000010000001000000100000001110101
0000000000010000001000100000100000000100110101
0000000000001000000010010000000000011000110101
0000000000000000010000001000000110010000110101
0000000000000000001010000001001000010000110101
0000000000000000100010000000100100100000110101
0000000000000010001000100000100000100000110101
0000000000000000010000001100100100000000110101
0000000010000000010000100000000100000011010101
0000000000000000000100000001010001000101010101
0000000000010000000100000000010001000101010101
0000000000000001010000000001000100000101010101
0000000000000001010000010001000000000101010101
0000000000000000010000010000010100010001010101
0000000000010000000100000000010100010001010101
0000000000000100000000010100000100010001010101
0000000000000000010100000100000100010001010101
0000000000000001000100000001010000010001010101
0000000000000100010000000001010000010001010101
0000000000010001000100000000000101000001010101
0000000000000001000001010000010001000001010101
0000000001000100000001000001010000000001010101
0000000000100001000000001000000001000110010101
0000000000100000001000100000100001000010010101
0000000000000001000010000000100110000010010101
0000000000000100100000100000000001001100010101
0000000001000001000100000000010000010100010101
0000000000010010000010001000000000100100010101
0000000000000001000001010000000101000100010101
0000000000010000010100000000010001000100010101
0000000000010000000000010101000001000100010101
0000000001000100000100000001000001000100010101
0000000000100010000010000010000001000100010101
0000000001000000100010100000000010000100010101
0000000000010100000100000001000100000100010101
0000000000100000000010110000100000001000010101
0000000000000100001001011000000000001000010101
0000000000000001000100000001000101010000010101
0000000000010000010000000100010001010000010101
0000000000000100010000010000010001010000010101
0000000000000100010001000001000001010000010101
0000000000010000000100000101000100010000010101
0000000001000000010000010100000100010000010101
0000000000000000001000110010010000010000010101
0000000000010001000001000101000000010000010101
0000000000000000010010000010010001100000010101
0000000000000001000110000100100000100000010101
0000000001000000000101000001010001000000010101
0000000000100001001000100000100001000000010101
0000000000000100000100010101000001000000010101
0000000000000001000101000101000001000000010101
0000000001000000000101000101000001000000010101
0000000001010001000100000100000001000000010101
0000000000000000100010100000000100000011100101
0000000000010001000010000000001000000101100101
0000000000010000010010000000100000100001100101
0000000001000000100000100000001010000001100101
0000000000001000000010010001010000000001100101
0000000001000001000010000000100010000010100101
0000000000010100000000100000000001001100100101
0000000000000100000010100000001000001100100101
0000000000000010010000100000100000001100100101
0000000000100000000100110000000001000100100101
0000000000000100010010000000011000000100100101
0000000000000010010000110010000000000100100101
0000000000010100010000001000000000101000100101
0000000010000100000010010000000010001000100101
0000000000000100000010100010000100001000100101
0000000000010001000010000010000001100000100101
0000000000001000000011001000100000100000100101
0000000000010000110010000000100000100000100101
0000000000000000001000110110000000100000100101
0000000000000010000011101000000000100000100101
0000000000010000010011001000000000100000100101
0000000000010000010000101000001001000000100101
0000000000100000000010100000110001000000100101
0000000000100000010110000000010001000000100101
0000000001010001000000001000000110000000100101
0000000001000000010001100000000110000000100101
0000000000000000100000000101001000000111000101
0000000000010001000010000000100000000111000101
0000000000000100100010000000010000001011000101
0000000000000001000000101000000000110011000101
0000000000000000100010100000000010100011000101
0000000000000001000010110000000010000011000101
0000000000010000100010100000000010000011000101
0000000000000000100001001100000000001101000101
0000000001000100000100000001000000010101000101
0000000000010000001010100000000000100101000101
0000000001000100000100000000010001000101000101
0000000001000100000001000001000001000101000101
0000000001000000010000010100000001000101000101
0000000000010001000000010100000001000101000101
0000000001000000001010100000000010000101000101
0000000000010000010001000000010100000101000101
0000000000000000010010100000000000111001000101
0000000010000010000000100001000000011001000101
0000000000001000000000100011000000101001000101
0000000000000100000010100000001010001001000101
0000000000000100000010110000000010001001000101
0000000001000100000010100000001000001001000101
0000000000000000100001100000110000001001000101
0000000000000100100000101010000000001001000101
0000000000000000100000110000000010110001000101
0000000000010001000000010000000101010001000101
0000000001000100000001000001000001010001000101
0000000000010000000100010100000001010001000101
0000000000000000100010100001000100010001000101
0000000000001000100000101000100000010001000101
0000000010000000100010100001000000010001000101
0000000000100000100010000000100001100001000101
0000000000010000100010000001000001100001000101
0000000000100001000000100100000001100001000101
0000000000010000100000100010000010100001000101
0000000000000100100010100000000010100001000101
0000000000010000000100011010000000100001000101
0000000000000000010001010000010101000001000101
0000000000000100010001000000010101000001000101
0000000000010000000101000001010001000001000101
0000000000000000010010100000110010000001000101
0000000000000010001100100001000010000001000101
0000000001000000100001011000000010000001000101
0000000000010001100010100000000010000001000101
0000000000000001000101010000010100000001000101
0000000000001000100010100001000100000001000101
0000000001000100000001010100000100000001000101
0000000001000000100001100100000100000001000101
0000000001000001010100000100000100000001000101
0000000000000000100011100100001000000001000101
0000000000100100000000100001110000000001000101
0000000001000000001100101000010000000001000101
0000000000010010000000100000000010001110000101
0000000000000010000100100100000001000110000101
0000000000100010000000101000000001000110000101
0000000001000001000000100010000010000110000101
0000000001000010000000010010001000000110000101
0000000000000010000010110000001000000110000101
0000000000000010000000001101010000000110000101
0000000000100000001001100001000000000110000101
0000000000100000000011000000010010001010000101
0000000001000100000010000000010010001010000101
0000000000010000001000000100000001110010000101
0000000000010010000010000000001000110010000101
0000000000001001000001100000000001010010000101
0000000000000000100000101100000100010010000101
0000000000001000000010100100100000010010000101
0000000000010001000000100000000110100010000101
0000000001000001000010000000100010100010000101
0000000000010001000010000000100100100010000101
0000000000010000000010101000010000100010000101
0000000010010001000010000000100000100010000101
0000000001001000001000000110000000100010000101
0000000000100000011000000000010011000010000101
0000000000100010000010000000011001000010000101
0000000000000001000010110000100001000010000101
0000000001000001010010000000100010000010000101
0000000001000011000000100010000010000010000101
0000000000001000001011100000000010000010000101
0000000000000001000101100000001100000010000101
0000000000001000000010110010000100000010000101
0000000001000000100010100100000100000010000101
0000000000000000010010010000111000000010000101
0000000000010000000111000001001000000010000101
0000000000001001000110000010100000000010000101
0000000000100001000010110000100000000010000101
0000000000000100001010000000000011001100000101
0000000000000010011000000000010100001100000101
0000000000000010000110100000001000001100000101
0000000000000100010010100000001000001100000101
0000000000000001000100101100000000001100000101
0000000000000100010000000000010101010100000101
0000000000010001000000000100010001010100000101
0000000000000001000101000100000001010100000101
0000000000000001001000110000000010010100000101
0000000001000000000100010101000000010100000101
0000000000100100000010000000100001100100000101
0000000000010001001000000000100001100100000101
0000000000010010001010001000000000100100000101
0000000000010000101010100000000000100100000101
0000000000000010000101100000000011000100000101
0000000000000100000101000001010001000100000101
0000000000010001010000010000010001000100000101
0000000000100000000010101001000001000100000101
0000000000100011000000101000000001000100000101
0000000001000000101010100000000010000100000101
0000000000100010000100001000001100000100000101
0000000000000100010101000000010100000100000101
0000000000000100010000010101000100000100000101
0000000001000000010001000101000100000100000101
0000000000010001010101000000000100000100000101
0000000000000010100000010011001000000100000101
0000000010000010001100100000001000000100000101
0000000000010000100110000010010000000100000101
0000000000010001000101000100010000000100000101
0000000000010001001000100011000000000100000101
0000000000010001010001000101000000000100000101
0000000001000001000000010000100010011000000101
0000000001000000100010100000000100011000000101
0000000000001000001010000100010000011000000101
0000000000100000001000100001000001101000000101
0000000000001000110010100000000000101000000101
0000000000100100000001100000000011001000000101
0000000000100000000100000001001101001000000101
0000000000000010000010100110000001001000000101
0000000000000100100010100000001010001000000101
0000000000100001000001100000010010001000000101
0000000001000101000010000000010010001000000101
0000000000000100100010110000000010001000000101
0000000000000100010010100010000100001000000101
0000000001000100100010100000001000001000000101
0000000000000100000110100100100000001000000101
0000000010010100001000001000100000001000000101
0000000000100010000010100110000000001000000101
0000000000001000100010010000100000110000000101
0000000000001000000110100001000000110000000101
0000000000010001000100000101000001010000000101
0000000000000100100010100000000110010000000101
0000000000000100010100010000010100010000000101
0000000000010001010001000001000100010000000101
0000000001000001000001010100000100010000000101
0000000000010001010001010000000100010000000101
0000000001000001010101000000000100010000000101
0000000000010001010101000000010000010000000101
0000000000001001000010100100100000010000000101
0000000001001100010000100000100000010000000101
0000000000010011000010000011000000010000000101
0000000001000010000001100110000000010000000101
0000000000100000011000000000100101100000000101
0000000000010001000000100100100001100000000101
0000000000100000000101010000101000100000000101
0000000000010001000010101000010000100000000101
0000000000010010000001100011000000100000000101
0000000001000000010000001010010011000000000101
0000000000100000100001001100001001000000000101
0000000000100000010010100000110001000000000101
0000000000100100000011000000110001000000000101
0000000000010000010100000101010001000000000101
0000000000010000010100010001010001000000000101
0000000000000010010110000001100001000000000101
0000000000100000000010101010100001000000000101
0000000000000100001000100111000001000000000101
0000000000100010000010101001000001000000000101
0000000000001000110110000001000001000000000101
0000000000010000101001000110000010000000000101
0000000000010000010001010001010100000000000101
0000000000001000001100110000010100000000000101
0000000000000000001001000100010000000001111001
0000000000000100010100000001000000001000111001
0000000001000000010000001000100000010000111001
0000000000001000000110100000000000010000111001
0000000000000000001000100000100101000000111001
0000000000001000001100000000001010000000111001
0000000000100000010000100000100010000000111001
0000000000000000001000100010010000001001011001
0000000000000100101000000100000000001001011001
0000000001000000001000100000010010000001011001
0000000000010000100100000010001000000001011001
0000000000010000001100001000100000000001011001
0000000000000100001000000110000000001010011001
0000000000100001000100000001000001000010011001
0000000000100000010000000000100001010100011001
0000000000000010000001000100000010010100011001
0000000000001000010000000110000000010100011001
0000000000000000100010100001000010000100011001
0000000000000010001100000001000010000100011001
0000000000010000000010001010000100000100011001
0000000010000010000010100000001000000100011001
0000000001000000100010100000010000000100011001
0000000000100000001100100000010000000100011001
0000000000000100001000000010001000101000011001
0000000000000100001100000000100000101000011001
0000000000000100000001100010000000101000011001
0000000000000100000100101000001000001000011001
0000000000000100001000100000000001110000011001
0000000000000010000101000000000011010000011001
0000000000000100000101000010001000010000011001
0000000000000100100000100001010000010000011001
0000000000100000000100010100100000010000011001
0000000000010000000100100010000001100000011001
0000000000010000010000010001000010100000011001
0000000000000100000010001001000100100000011001
0000000000000010001100100000000100100000011001
0000000000100000100000101000010000100000011001
0000000000100000001000110000000101000000011001
0000000000000010001100100000010001000000011001
0000000000100000101000000100100001000000011001
0000000000100000001000110001000001000000011001
0000000000100000000110001010000001000000011001
0000000000100000001100011000000001000000011001
0000000001000000101000100000010010000000011001
0000000000010000000100100101000010000000011001
0000000000001000010100010010000100000000011001
0000000000000100011100000010000100000000011001
0000000000010010001100100000000100000000011001
0000000000000100000110100001010000000000011001
0000000000010000100000000001000010000011101001
0000000001000000100001000000001000000011101001
0000000000000100010000000000010010001001101001
0000000000001000000100001000100000100001101001
0000000010000000100000100010000001000001101001
0000000000100000010100000100000001000001101001
0000000001000000010000100000010010000001101001
0000000000000000010000010001000001000110101001
0000000001000000010000000010000011000010101001
0000000000000010000010000010010000001100101001
0000000000000100010000100000100000001100101001
0000000000000100000100110000000000001100101001
0000000000000100000110100000000000001100101001
0000000000000100011100000001000000001000101001
0000000000001001000000010000001100010000101001
0000000000010001000000100000001100010000101001
0000000000001000001110100000000000010000101001
0000000000010000010000101000001000100000101001
0000000000010000010010001010000000100000101001
0000000000010000010001100100000000100000101001
0000000000100000001010100000100001000000101001
0000000001000000000100100110000001000000101001
0000000000100000110100000100000001000000101001
0000000001000000110000100000010010000000101001
0000000000100000000100100110000010000000101001
0000000000000001000100001000001000000111001001
0000000000010000100000100000001000100011001001
0000000000000000100100001000010100000011001001
0000000000100000001000000000010001001101001001
0000000000100000001000000010000001001101001001
0000000000000010000100100000000001001101001001
0000000000100100000001000000010000001101001001
0000000000001000000000000100001100010101001001
0000000000100000001000010010000000100101001001
0000000000000000100100010000011000000101001001
0000000000000001000000101001100000000101001001
0000000000001000000100100000000001011001001001
0000000001000100100000000100000010001001001001
0000000000100010000000010000000010110001001001
0000000000000000100011000001010000010001001001
0000000000001000100100000100100000010001001001
0000000000010001100000100000001000100001001001
0000000000100000001000110001000010000001001001
0000000000100000000100011000010100000001001001
0000000000001000100001100000101000000001001001
0000000000100010000010100001010000000001001001
0000000000000100000010000010000001001110001001
0000000000000100010000000100100000001110001001
0000000000000010000100000000010100010110001001
0000000000000010000110100000000001000110001001
0000000000000100000100100000000010101010001001
0000000000000100001000010100000000101010001001
0000000000000001000110100000010000001010001001
0000000000100000001100100000000001010010001001
0000000000010000000101000001000001100010001001
0000000000100001000100000100000101000010001001
0000000000100001001100000001000001000010001001
0000000001000001011000000010000100000010001001
0000000000000001000011000010101000000010001001
0000000000000100000000111100001000000010001001
0000000000010001110100000000100000000010001001
0000000000001000000100101000000000011100001001
0000000000000001000100110000000000011100001001
0000000001000000100001000000001010001100001001
0000000010000010000000100100000100001100001001
0000000000100010000010001000010000001100001001
0000000000000100010100110000000000001100001001
0000000000000100010110100000000000001100001001
0000000000000010000000010000010001110100001001
0000000000001000001100010000000001010100001001
0000000000100100000000100000010100010100001001
0000000000100010000100000001000011000100001001
0000000001000000010000110010000001000100001001
0000000000100000010010110000000001000100001001
0000000000100010100000000110000010000100001001
0000000000000100000101100010000100000100001001
0000000000000100000110101000001000000100001001
0000000000000010001100001010100000000100001001
0000000000001000100100100000000001011000001001
0000000000000100010000000110001000011000001001
0000000000010000001110001000000000101000001001
0000000000010000001001001001001000001000001001
0000000001000000001000110100001000001000001001
0000000000000100001100101000001000001000001001
0000000000000100000100111010000000001000001001
0000000000100000000100110000000001110000001001
0000000000001000000101100000000100110000001001
0000000000001000010100010000100000110000001001
0000000000010000000100111000000000110000001001
0000000000010000101000010000100001010000001001
0000000000000001000101100001000001010000001001
0000000000100001001100100000000001010000001001
0000000000001000000101101000000100010000001001
0000000010000000100110100001000000010000001001
0000000000001000000111010100000000010000001001
0000000000100000000110100000010001100000001001
0000000000000100010100010010000001100000001001
0000000000010000001100100010000001100000001001
0000000001000000001000100011000010100000001001
0000000001000010001100000010000010100000001001
0000000000000000010001110001000100100000001001
0000000010001010010000100001000000100000001001
0000000000010000000011100110000000100000001001
0000000001000000100010001000110010000000001001
0000000000001000110110000010001000000000001001
0000000000100000001000000010100000010001110001
0000000000000000100010000000010010100001110001
0000000000100000000001000010000010010010110001
0000000000010000010000100100000010000010110001
0000000010000000100010100000000100000010110001
0000000000001000010000000010000001010100110001
0000000000010000010000100010000000100100110001
0000000000001000010000100000000101000100110001
0000000000000100010010000000101000001000110001
0000000000001000000100000010000010110000110001
0000000000100000001000100000000101010000110001
0000000000000100000000101100000001010000110001
0000000000100000001000100100000011000000110001
0000000001000000010000110000010010000000110001
0000000000001000011100000000010010000000110001
0000000000010000100000101000001100000000110001
0000000000000010000100101100000100000000110001
0000000000000100000110100000101000000000110001
0000000000010000011000100010001000000000110001
0000000000010000100000010000001000001011010001
0000000000100000000100000000100101000011010001
0000000000100000001000110000000010000011010001
0000000000000100000010100000000001001101010001
0000000001000000100000100001000000001101010001
0000000000000100000001010000010000010101010001
0000000000000000010001010000000101000101010001
0000000000000100000001010000010001000101010001
0000000001000100000001000000010001000101010001
0000000000000100010000010100000001000101010001
0000000000010000011000000000100010000101010001
0000000000000100000100000100010100000101010001
0000000001000000010001000100000100000101010001
0000000001000000010000010001010000000101010001
0000000001000001000100000001010000000101010001
0000000001000000101000000001000010001001010001
0000000010000000100000100001000100001001010001
0000000000010000000101000001000100010001010001
0000000001000000001001100000001000010001010001
0000000000010000001100100001000000010001010001
0000000000000000100001100000000110100001010001
0000000000010000001000100100000010100001010001
0000000000010000000001100010000100100001010001
0000000001000000000100000101010001000001010001
0000000000000100000101000001010001000001010001
0000000000100000001100000100100001000001010001
0000000000000001000100010101000001000001010001
0000000000010000000000101001000110000001010001
0000000001000000001100100000010010000001010001
0000000001000100101000000001000010000001010001
0000000000000001000001010001010100000001010001
0000000000010000000001010100010100000001010001
0000000000010000101000100010001000000001010001
0000000001000001000100010001010000000001010001
0000000000000100001000001000000101000110010001
0000000000000001000000010110000010000110010001
0000000000000001000000100011000000011010010001
0000000001000001010000000001000010001010010001
0000000000001000000001110010000000010010010001
0000000001000000001100100000000010100010010001
0000000000001000001000010000010101000010010001
0000000000000100000000101100100001000010010001
0000000000100001000000110000100001000010010001
0000000000100000001010100000100001000010010001
0000000000001000000010110000000110000010010001
0000000000100001011000000001000010000010010001
0000000000001000011100000001010000000010010001
0000000000010000001000001000000010110100010001
0000000000010000010000000001010100010100010001
0000000000010000000001010001010000010100010001
0000000000000001000001010101000000010100010001
0000000000010000010100010100000000010100010001
0000000000000100010000010000010101000100010001
0000000001000001000001000000010101000100010001
0000000001000000010100000100010100000100010001
0000000000100000000100000000100001111000010001
0000000000100001000000100000000011011000010001
0000000000000100000010100000001001011000010001
0000000000000100001000101000010000011000010001
0000000000100000001000001000000101101000010001
0000000000001000001100100000000001101000010001
0000000000000100001000100100100000101000010001
0000000000010000001000101100000000101000010001
0000000001000000101001001000000000101000010001
0000000000000010000110100000000011001000010001
0000000000000100001000110000100001001000010001
0000000000000100001001100100001000001000010001
0000000000010000101000100000000100110000010001
0000000000001000001011000000001000110000010001
0000000000010000000001000001010101010000010001
0000000001000001000100000001000101010000010001
0000000000000100000101000100000101010000010001
0000000000100000011000100000000101010000010001
0000000000100000011100000000010010010000010001
0000000000010000101000100100000010100000010001
0000000001000001001100100000000010100000010001
0000000010000000101000000100001100100000010001
0000000001000001000000101000010011000000010001
0000000000100000011000100100000011000000010001
0000000001000001000000100000101101000000010001
0000000000100000001100110000000101000000010001
0000000000100001001010100000100001000000010001
0000000000001000001000110101000001000000010001
0000000001000000101001100001000001000000010001
0000000000001000010000001000011110000000010001
0000000001000000101001100000001010000000010001
0000000001000000101100100000010010000000010001
0000000000010000100110001000100010000000010001
0000000001000000001010011100000010000000010001
0000000001000010000000110000011100000000010001
0000000001000000110000100000110100000000010001
0000000000010000010100010101000100000000010001
0000000000010000001001001011001000000000010001
0000000001000000001000000010000000010111100001
0000000000000000010000001100101000000101100001
0000000000000010000000100010110000001001100001
0000000001000000100000100000100010100001100001
0000000001000000010100100000010010000001100001
0000000000010000101000000100100010000001100001
0000000000001000000010111000000010000001100001
0000000000001000000010010000000100011010100001
0000000001000000010000110000000011000010100001
0000000000000100001000100000100110000010100001
0000000000010000010000011000100100000010100001
0000000010000010000000100010000100010100100001
0000000000100000011000100000000100010100100001
0000000000001000000001100100010000010100100001
0000000000010000011000100010000000100100100001
0000000001000000001001100000010000011000100001
0000000000010000010000000100001001101000100001
0000000000100000011100010000000001001000100001
0000000001000001000101100000000010001000100001
0000000000100000010000110000000001110000100001
0000000000001000001000000100100010110000100001
0000000000010000010001100000000011100000100001
0000000001000000010000000100100110100000100001
0000000001000000001000100000011010100000100001
0000000000010000010100101000001000100000100001
0000000000010000010101100100000000100000100001
0000000001000001010000100000100011000000100001
0000000001000001010000110000000011000000100001
0000000000001000000000101100100101000000100001
0000000010000000110100010001000001000000100001
0000000001000001010001000000010110000000100001
0000000001000000010011100000000110000000100001
0000000001000000011000110000010010000000100001
0000000001000000110100100000010010000000100001
0000000000000100000000100011000000001111000001
0000000000001000001000100001000000100111000001
0000000000100000100000010000001001000111000001
0000000000000100000011000010000000011011000001
0000000000001000000100001000000100011101000001
0000000000001000000100010000001000011101000001
0000000000100000001000010010000001001101000001
0000000000100000010000100010000010001101000001
0000000000001000001000100001010000001101000001
0000000000010000010001000100000001010101000001
0000000001000000100001100000100010000101000001
0000000000100000000101101000000010000101000001
0000000001000000010101000100000100000101000001
0000000001000000010000010101010000000101000001
0000000001000000100000010000000101101001000001
0000000010000000100000001011000010001001000001
0000000001000000010000101000000100110001000001
0000000000010000000100000001010101010001000001
0000000000010000000110101000000100010001000001
0000000000000100000011101000010000010001000001
0000000001000000110000100000100010100001000001
0000000010000000110000100000100100100001000001
0000000000100000001000010100100011000001000001
0000000010000000110100100010000001000001000001
0000000001000000111000100100000001000001000001
0000000001000000110010100000001010000001000001
0000000010000001101100000010000100000001000001
0000000000100000000100100000000110100110000001
0000000000100000010000000001001101001010000001
0000000010000001000000010000000111100010000001
0000000001000000001001000000001110100010000001
0000000010000000111010100000000100000010000001
0000000001000000010001000000000110101100000001
0000000001000000001000000001000011111000000001
